10045378096,0.15461847389558234,0.06624079399167668,0.04632426988922457,0.030041616617527512,0.037382157026899135,0.018478748832186757,0.043442652786372084,0.03951152040184909,0.030284279110399305,0.04266613280918234,0.016331185770271418,0.040154576007959325,0.026777806088401947,0.06913454421917277,0.06623472742935488,0.27237651512393984
10045482563,0.1480726531503658,0.051226052245234716,0.07019012606316505,0.025564493624043,0.03964498477292857,0.02230674965723923,0.0481381720234412,0.038207209502663216,0.032468241546245405,0.047980441403074524,0.02065664470571106,0.041762215023234926,0.02282240745459178,0.08665477620451595,0.05076499350877831,0.25353983911476724
10045488655,0.1309285480289739,0.06846722236377534,0.050425266018757804,0.029598757568036493,0.03562892051590046,0.01622198764847911,0.056382630218760235,0.04470449774930538,0.028397578228321136,0.04520195585969255,0.014705347068030427,0.03705456266152223,0.023471529623023814,0.06028342979167425,0.07393319501571238,0.28459457164003443
10045579766,0.17816939399388598,0.10932086555175928,0.051903134927770794,0.02687765989330456,0.029503086974764725,0.014697596355571541,0.0511958280884733,0.029509081100521486,0.026967571779655936,0.05645867050290715,0.013025235269435952,0.03226038482287358,0.0231852784271414,0.057124018461907324,0.09119462926332193,0.20860756458670504
10045606263,0.14792705565464273,0.06100535070796782,0.05300962156784236,0.02662614203035708,0.03857120324197091,0.019158203812227763,0.04227787282058749,0.03828607481284655,0.03257743966803771,0.047179655176597626,0.016428250767420133,0.039978645700627286,0.02520656644705711,0.0790897729892379,0.06069595602955629,0.2719821885730232
10045632093,0.15734236037806815,0.060647423530981924,0.06156954100389472,0.02569189143280069,0.05210570378189496,0.01659204795010859,0.05925818075929095,0.03203144905907618,0.027754522622210898,0.054495929336682083,0.014778145815891966,0.0522755675269052,0.024405780220580202,0.07323554034870598,0.06522161152161517,0.2225943047112923
10045633316,0.1454518982273505,0.060756621652774234,0.046767128938715596,0.025376430192067364,0.03223771217801721,0.01596719203096373,0.04207160970164647,0.033608755262742804,0.02399325398269816,0.0428359965541926,0.013206906174547131,0.03517999490408765,0.020911440323226442,0.07061478542569068,0.058930586393914026,0.33208968805736544
10045665523,0.17902425411616255,0.08761935961368131,0.04973367791407321,0.02916196508086728,0.03879566604787731,0.01990439097780852,0.046773195501037375,0.03582305051019789,0.03218917967944285,0.04784697703199505,0.017229036993897037,0.04084009755032213,0.026529077033208358,0.05714095050898457,0.07985415984178405,0.2115349615986605
10045665564,0.15004939544273346,0.07685286600949251,0.04658205012563624,0.02164808968494298,0.05016321972381505,0.014362261881751603,0.05631080471619096,0.02911646586345382,0.01926959173592767,0.04714580246118163,0.011742155788931126,0.04845048643772953,0.017981014968966775,0.06465433928226275,0.06973347937203359,0.2759379765049503
10045737995,0.14758732816462222,0.0733447384704983,0.03689683204115556,0.02399325398269816,0.04416457370266565,0.017768961040536768,0.03840133949696065,0.03061187347577622,0.02584962205316735,0.04842936701488734,0.01457794925927274,0.04762251422608865,0.025473495189216083,0.07126997415644451,0.07020832575013043,0.28379985197587937
10045759763,0.14385639233671849,0.07406059282447007,0.03717589390795811,0.024248049600213543,0.04222934032201312,0.013413169293488151,0.04220507407272595,0.028876836651742926,0.021979155291862312,0.04377024715174898,0.010282823135442072,0.04227180625826569,0.021202635314672588,0.06220046348536139,0.06973513388903044,0.3224923864642861
10045795353,0.13230565767602132,0.05808126766886276,0.03922032541040294,0.021706159987381554,0.05055873038983729,0.013849961780657371,0.04919375386743348,0.027991118552760888,0.019825525667625184,0.05088025819289242,0.009682233465584392,0.05040706633179243,0.02101457188269695,0.07440032031449059,0.05802666860796661,0.3228563802035938
10045809175,0.15231318021330034,0.08749802836724542,0.045966342712238685,0.025995219548890426,0.03506473021997355,0.014753879566604787,0.05455659495990002,0.033839284630971016,0.025509894563146847,0.047422317669469416,0.012709448064159964,0.03851660418107476,0.02276780839369563,0.05576990742425897,0.08205632196459554,0.2652604375204746
10045868856,0.16011477935912835,0.08045474951164172,0.03983304820490421,0.025776823305305816,0.03806161200694015,0.018818476322207255,0.03931739040755166,0.03474926897924022,0.02801538480204807,0.04393404433443745,0.01637365170652398,0.040809764738713165,0.023611060556425097,0.06176367099819216,0.07407879251143545,0.2742874822553052
10045898593,0.16781324694548588,0.07034179012120992,0.049127021681893736,0.027687790436671158,0.03897766291753115,0.018509081643795725,0.04704012424319634,0.036168844562540194,0.03084240284400442,0.03975418289472088,0.018721411325058543,0.038650068552154235,0.028609907909583957,0.053276550310001336,0.08689137213506595,0.24758854147708656
12044649575,0.10645678689992166,0.043269051437949936,0.045799296256232365,0.02208213659591928,0.024972956842851283,0.013422109490593954,0.045606574906436895,0.034012209830032204,0.027621321198105116,0.03591455605704552,0.012458502741616622,0.027273179404926202,0.019812998122521044,0.062460367786937226,0.06798090193591705,0.4108570504929937
12044924063,0.11044899020542602,0.09281731241512815,0.04090462569703274,0.020022536187917137,0.029889341538817137,0.007345930484528041,0.05443356158446737,0.020723180491751175,0.010531333968969405,0.04640865620756407,0.005814625408107249,0.031030597208979806,0.014807431163502931,0.06629395278957557,0.06507324261073069,0.38345468203750255
12044979074,0.1538327221931203,0.11226847188083436,0.045640757007964966,0.02795798578931109,0.028703442532672492,0.011329599333790007,0.05281325972787471,0.02961007911243637,0.01709849431169494,0.044626667203932796,0.009093229103705792,0.028683295053122188,0.016473922445635385,0.04771594740164672,0.08985104296785805,0.28430108393439973
12045021564,0.1193621839382452,0.04789250459783057,0.03693903339213552,0.016358267962817,0.05144565802149408,0.009664827534436813,0.04958150358443118,0.02223223110510578,0.016764878829961586,0.04194347483391509,0.009940071813734687,0.047054260656332496,0.01702761200565502,0.059446508776539175,0.0599907417833327,0.39435624116403306
12045478526,0.12915152674188818,0.05226620768789444,0.042621278765857085,0.017160706317332824,0.05064065786957353,0.008261617900172116,0.05782495059603494,0.020666794160770063,0.015012430675081278,0.041320838911200364,0.008083126155415312,0.04300376107605023,0.01727545101039077,0.057283100656594636,0.07484541339963027,0.364582138076114
132872354,0.15321527072143998,0.06885977645521844,0.052414477185851835,0.025215319107756328,0.04063240915469105,0.014461460299027437,0.06309575652005613,0.03186843760584507,0.02482822857695844,0.05174311704649925,0.012967532781729327,0.0454045096046838,0.026467315043305756,0.06832147868582765,0.07639594522668988,0.2441089659844196
135114844,0.16968174814059864,0.09472330409250294,0.043339521226901566,0.030617940038098007,0.03351169026559409,0.01596112546864194,0.045869277715089966,0.03400308181365948,0.027341996384328857,0.05172957691794368,0.012515318069862532,0.03780681638942477,0.025879954864776327,0.05702568582487048,0.08320896880573656,0.23678399398197014
135114980,0.12439517104562828,0.07579111627231817,0.06329535007499879,0.02930396283930904,0.026007645037983255,0.011080466444089613,0.07475081047079886,0.03462040934823632,0.014890888856631344,0.045380316446508924,0.008975661682876083,0.029219286785697005,0.018072289156626502,0.05773092369477913,0.09478274543958967,0.29170295640392896
135115202,0.15596724246383126,0.06183771229496299,0.05195480718052935,0.025324188319543237,0.056400299995161364,0.012653021725456041,0.06408767600522572,0.02944912178835825,0.020382735762326413,0.04834397832293028,0.011848599216141677,0.05405961194174287,0.02377582619635167,0.058868002128997926,0.07476895533943001,0.250278221319011
135115317,0.14994722090780038,0.050297868210000124,0.0686310195464638,0.025164100510804543,0.04910275543260656,0.018035889782695737,0.06143607663281525,0.031831252502456955,0.024187383976995595,0.05081959256967448,0.01737463448962011,0.04987320884747449,0.024405780220580202,0.0809340079350635,0.0586151251531807,0.2393440832817676
135115501,0.1524466445843798,0.07723947148109052,0.044928960555211776,0.024521044904694304,0.04423737245052718,0.014159356459068902,0.05109865443647703,0.028367245416712168,0.021396765308970014,0.05461119402079617,0.0115143352867664,0.0468702604981861,0.02413885147842124,0.07023259199941762,0.07597155995583542,0.2582656911634453
135115675,0.14488770793142358,0.07469758186825852,0.05962824106092043,0.02496997051650712,0.04056710224584137,0.013801429282083015,0.06750870551693178,0.02998095099430956,0.021827491233817446,0.05808126766886276,0.011471869350513838,0.044152440578022055,0.02513983426151737,0.07045098824300222,0.08018175420716098,0.232652665040828
135115983,0.19752120263531467,0.10897365898639877,0.044928960555211776,0.031182130334024918,0.026595809218748104,0.01601572452953809,0.04077943192710419,0.035416590834637635,0.03250464092017617,0.04363071621834771,0.01391062740387532,0.02999915068127495,0.026814205462332714,0.04684599424889892,0.09610648030187215,0.2087746757422439
135116101,0.19174892340446126,0.0934339768713408,0.04768471476266512,0.03074950404025742,0.029485411525620557,0.017842454153965258,0.04162432863986065,0.03774132675279431,0.03397324236705859,0.042174722988338895,0.017304156384574443,0.033767600522572216,0.029672908501475782,0.05302535442976726,0.08972032709149852,0.21005104756374895
135116270,0.15625037916014511,0.08884480520268384,0.06809109549982408,0.025121634574551983,0.025212633009378902,0.009530569407539524,0.07452165156092648,0.024357247722005846,0.01678011138208423,0.07306567660369576,0.00825659131996263,0.028876836651742926,0.022889139640131523,0.0753163712250816,0.08595712153750953,0.216928135502736
135116324,0.13466516669085982,0.06847268592442056,0.044067837615522326,0.0272293995258141,0.027743504137030046,0.014715488459863552,0.04834397832293028,0.035279672908501473,0.02137465524749601,0.042344075095562976,0.012483669618231963,0.03180190642086418,0.01975976193932356,0.05400517733584942,0.07138191319494848,0.34633110756278124
135116398,0.14189287269560166,0.09411138530023709,0.042694875889098566,0.030743455750713695,0.029219286785697005,0.015108627280205155,0.05024918952920114,0.036658682924468965,0.022560119998064548,0.06327720520636763,0.010058305511201432,0.03581192238834857,0.021761745778293897,0.0714726375381042,0.06324091546910532,0.2711387719552911
2064729309,0.16443252904378913,0.07925535923856283,0.04142575664588649,0.029544451263499038,0.02888766863701455,0.018922876492565438,0.038561753717282,0.040892793694886784,0.032898349429891144,0.03816337737007009,0.018535267073656558,0.03364126748279983,0.02751488527837893,0.05123981179409327,0.08043972135189552,0.2756441314857284
2064729793,0.1767337446299945,0.06895679231671996,0.05392616040569786,0.02922682687855982,0.03953616072870571,0.020473314168200956,0.04949556940900331,0.03899781431355449,0.036079976743434876,0.05085220237518438,0.0210224275116552,0.04126963618549264,0.031111039331589086,0.06512376584084327,0.06973201115453773,0.20746255800682625
2065524674,0.13162031504032215,0.05399614543966752,0.04489270755946037,0.024634731957319897,0.04166262906855303,0.017000979790475573,0.05100832283557824,0.03347438009410296,0.023084294281684375,0.04832735768812516,0.014955263412900934,0.04410133832918806,0.023035843104320768,0.06799315223359928,0.056558674375787335,0.3236538647889144
2183279459,0.14373310938122466,0.05525049258696986,0.045517189401035774,0.028930736350226645,0.04343378877440055,0.01931586937562583,0.05256952743951678,0.040090657536311455,0.03341516198843632,0.05127749604315385,0.01688254357914231,0.04430052650279402,0.02671274911980361,0.06202827395372375,0.06307804946326864,0.273463828504366
2183292799,0.1424356945207102,0.060806227591330475,0.040989696049614006,0.02497389019886517,0.047239897929519686,0.015294421654446203,0.051299029899759895,0.03365203441110286,0.025409950795137654,0.04647544602000495,0.014131593397719562,0.0466261830162473,0.025598372040440586,0.061156152761178764,0.0743456399323837,0.28956576978153903
2183301183,0.1863862958536559,0.09959947026712748,0.04620627281242934,0.029479849693680886,0.03240845419210354,0.017334754567869332,0.042087922736522496,0.03305985335443652,0.03254842426004285,0.050932954337457065,0.014718390990234398,0.03475564456216286,0.0271918774292882,0.05305403921315288,0.08848800025840628,0.21174779547143
2183306153,0.12427726993765947,0.07266061565296035,0.03276376282610334,0.02824165293883308,0.031902408561861384,0.015127534265749325,0.04446203042733938,0.03923468673622103,0.022685917934472475,0.04046750002691732,0.011795169955963265,0.03509480280370812,0.02220678962498789,0.058846646640180016,0.07608449885332212,0.34414871281372134
2183308589,0.1006115615276118,0.05765151759854431,0.028968420599287226,0.025167694908319604,0.03589693896228345,0.012645757291902194,0.04870958364288252,0.036725992441616326,0.018223026152868846,0.03374893676583007,0.011095319616266676,0.03474487763385984,0.023073527353381355,0.05839981911560451,0.08028360089150166,0.3940534254982396
2183311503,0.14509512581155726,0.08534944065807465,0.03929928830603917,0.030142015784316894,0.03226848412416422,0.014492285495870885,0.04262626915167372,0.03572466810943506,0.023687242266653745,0.04469890285000592,0.011902839238993507,0.035116336660314176,0.023902580832714238,0.05677401294184783,0.07365655652099011,0.3052639512473487
2183317649,0.16045414903582156,0.07741421449874565,0.04143652357418952,0.028510826146408687,0.034917148486708224,0.015811234212991375,0.0434553226310066,0.03514863744522325,0.026475876697137076,0.045350302012338896,0.012866479322114195,0.03616611216985906,0.024925439021501555,0.05326937777921337,0.07843707268753297,0.285361284279208
2183319977,0.18459898575535386,0.08241006923134897,0.051299029899759895,0.03410424539982988,0.03422806507531466,0.022147571519321254,0.041280403113795675,0.045845580714278016,0.0442036241480668,0.05230035423194117,0.019299718983171288,0.03835179861537302,0.03173013770901299,0.057721502632513966,0.06920981513184103,0.1912690978390775
2184089934,0.19061769867674447,0.09948103405579423,0.044052887151824455,0.03164938574674031,0.02923221034271133,0.01933201976808037,0.0378134522002218,0.04006912367970542,0.03912701745319078,0.04174876449497723,0.018050755300020455,0.030734196840983236,0.030287369316407717,0.04732064989179237,0.09715537754234096,0.20332805753846486
2184100902,0.14540736673234492,0.08306146839368195,0.03726433885676755,0.029183759165347718,0.03663985701519214,0.01616654284699118,0.04298696124982504,0.03423344853946617,0.022072203021200082,0.04303541242718865,0.012058959699387363,0.03800725690967624,0.023213497421320672,0.05564348547003026,0.08007364578959268,0.30095179646198733
2184117824,0.1746072762901472,0.0912766346888896,0.04089817715903829,0.028763848961529764,0.02682580186698537,0.01801307105095987,0.03678521054728297,0.03879324267579703,0.032284634516618754,0.03770578291719155,0.016128858597930597,0.03061576062964997,0.02571142478762234,0.0505937960959118,0.08814884201686099,0.2628476371975839
2811278670,0.14490132110210274,0.056660960194666064,0.048811869461761255,0.03023891813904412,0.04078512441185654,0.01950967408508027,0.05335012974148605,0.04239478019315869,0.02887690170871152,0.041888734562916544,0.017679296273566115,0.04263165261582523,0.026066733421622145,0.0608654456969971,0.06548445793899459,0.2798540004522109
2835779103,0.13802125391647016,0.09739224996500749,0.04036521420803859,0.02030104331535256,0.03434111782249642,0.013097968280629221,0.046685401121913925,0.02306276042507833,0.018987478062383583,0.042098689664825516,0.009970175608600623,0.036672157800101204,0.01950429062092876,0.056467155485211626,0.08118802286895571,0.3218450208340063
288044415,0.1474686625289035,0.06725082146768893,0.05287817938420348,0.02786905196543751,0.037690154557624436,0.012778386272362177,0.06645977850797127,0.03170256784714616,0.022842886698308387,0.05549470609711574,0.011232810027990751,0.042947547766824884,0.026664232688329074,0.07308019958622368,0.07491176828526225,0.24872824631860774
288051306,0.1670973925915141,0.0760018927674444,0.047658913600019406,0.025928487363350683,0.04506242492629127,0.017768961040536768,0.04922408667904245,0.03262597216661207,0.026395612662128882,0.04448610150572077,0.016470716703672696,0.04736165204625147,0.02472730802363533,0.05912471638821145,0.07951443235176353,0.2405513291838047
2950994233,0.13346145978013932,0.0600256252893612,0.0704264780300828,0.02661584676507639,0.042653186472431284,0.01457842092229508,0.08377208566168158,0.03613381138494999,0.01843836471892933,0.04733680028424691,0.014325398107174004,0.0450380610915512,0.019148981986928954,0.06807928766002347,0.07842630575922993,0.2415398860858985
2951008473,0.16204227096051768,0.07490552020414094,0.04515649730288446,0.02441400992710789,0.048978756850458126,0.016091174348870012,0.05045382602797248,0.030260451995650164,0.027407215995348688,0.049592471763730515,0.015159835050658398,0.04861806475230682,0.022648233685411887,0.0598479709723613,0.07517469341171658,0.24924900675086406
2951061755,0.16066410413773055,0.06371868169729858,0.04200717077424981,0.03116487397310421,0.043853698978218496,0.02058636691538271,0.044951925665127,0.04123195193643205,0.03442725324892062,0.05074453309215414,0.01783541673395997,0.04572714450294475,0.02795632933880293,0.06079546066302745,0.06088159608945165,0.2534534922531951
2951064223,0.16004500576030664,0.06533372094275224,0.03833026475876697,0.03178935581467963,0.045215715408551085,0.0203602614210192,0.045538723257641835,0.041431140110038005,0.03537474293958676,0.05073914962800263,0.0171894010357785,0.04665848380115637,0.02968980479558986,0.05875512774960431,0.06534448787105526,0.2482046147054707
2951069467,0.18740915404244324,0.0869967806884374,0.050303089031730135,0.031708603852406946,0.03374893676583007,0.02018260710401929,0.03988070243440249,0.041522659000613714,0.03867480646446375,0.04543105397461159,0.018115356869838603,0.03624686413213175,0.02955521819180206,0.05499208630769728,0.0744425422871109,0.2107895388524608
2951102363,0.1538970896992797,0.05357623523584956,0.0463623932728232,0.02954983472765055,0.03974611583061469,0.021528473141897347,0.04450509814055148,0.042604735295067676,0.03277991321855788,0.041522659000613714,0.020327960636110125,0.04201255423840133,0.026648147549985464,0.06125305511590597,0.05740387824757475,0.2862818566491166
2951841806,0.13545334151619884,0.06525835244463107,0.05982643711575525,0.02490390516489551,0.035923856283041004,0.015224436620476544,0.0692798001658107,0.03302216910537593,0.01816380804720221,0.05505130441336392,0.011719801457842093,0.042615502223370696,0.019396621337898514,0.07551923511741335,0.07191769760005168,0.2667237313866727
2951846628,0.1499671608686758,0.07048031267159792,0.04638392712942925,0.022249857338199983,0.05470137924351562,0.016279595594172937,0.05066916459403297,0.030901084229680117,0.021221615685261156,0.04599093424636885,0.014750691775143468,0.05241879044327444,0.019337403232231883,0.0629811471085414,0.07560537054383755,0.2660615652960367
2951859592,0.16460479989663748,0.07065258352444631,0.05386155883587971,0.023606490304381063,0.05122904486579024,0.016909460899899868,0.05997179064784607,0.03175167156561905,0.026142101919743317,0.04968399065430623,0.015439775186537032,0.050421525243063404,0.023660324945896184,0.05950881273081603,0.07499165563056516,0.22756441314857284
2951861710,0.16358194170785018,0.0728490368982633,0.04619550588412632,0.02880153321059035,0.043945217868794205,0.018223026152868846,0.046572348374732175,0.03733432389073721,0.026599696372621856,0.04179183220818933,0.016791024688566598,0.04444049657073334,0.02397256586668389,0.05613876417196938,0.07344121795492964,0.2593214681783434
2951910186,0.15233588509534116,0.07234299126802114,0.039164701702251364,0.029619819761620206,0.038583287573888035,0.0186429363566868,0.04227096051767392,0.039401574124917904,0.030185083497528995,0.04539875318970251,0.015671264145052058,0.03967074733249351,0.024833920130925845,0.05627873423990869,0.06871991989405342,0.2868794211699344
2951917734,0.13812353973534894,0.08661993819783154,0.03343131238089086,0.025167694908319604,0.029183759165347718,0.014788376024204053,0.035116336660314176,0.03125100939952841,0.023423452523229648,0.04315384863852192,0.012193546303175169,0.0320854463430128,0.01936970401714095,0.050120051250578716,0.051406699182790144,0.3745652852697654
2951944040,0.18424906058550555,0.09262250072676766,0.037802685271918775,0.03034120395792285,0.03314598878086071,0.019019778847292657,0.038147226977615564,0.038324881294615455,0.033646650946951344,0.04263703607997674,0.017700830130172162,0.036413751520828624,0.02718111050098517,0.049592471763730515,0.09092132605488978,0.2282534965599664
2951950136,0.19589349354522648,0.07740344757044262,0.05618721534933299,0.032962950999709285,0.035224005943344426,0.022389827406139304,0.042206358947855765,0.039713815045705605,0.036672157800101204,0.04328305177815821,0.02135620228904896,0.036128427920798484,0.0279401789463484,0.055105139054879036,0.07424873757765646,0.20328498982525275
2951965474,0.19461222907716655,0.08304531800122743,0.04454816585376358,0.03211236366377036,0.03585925471322286,0.02192146602495774,0.039546927657008735,0.041937185740280165,0.03884707731731214,0.03852406946822141,0.021883781775897157,0.036763676690676914,0.030325053565468305,0.04775132702391335,0.08239391883889445,0.2099281845882188
2980998033,0.15957126091497356,0.0792338253819568,0.04330996909891577,0.024661649278077458,0.03963844654758444,0.018723688318959486,0.04722913100121666,0.03202622823734617,0.03269377779213368,0.05505130441336392,0.01710864907350582,0.04400443597446085,0.02718111050098517,0.0717077424981427,0.07741421449874565,0.2304445664696319
2980999601,0.15707567110547452,0.047061931938279435,0.04111181568378777,0.03182202494187275,0.04487423377721412,0.012581906573663074,0.05069224265482985,0.036651870640456566,0.02570809554005496,0.03388290002113718,0.011699429296131896,0.0408845909955612,0.027203551046290426,0.04834073134643838,0.05045444937645318,0.3399545550623547
2981858036,0.13198100713847347,0.08561861386565027,0.03424959893192072,0.021679210138139688,0.043643743876309524,0.012974148605144438,0.045021910699096654,0.023364234417563013,0.01974654650774681,0.052391873122516884,0.008877332385843643,0.04087125983828074,0.021302367647533838,0.07360810534362652,0.06546830754654005,0.31920173993561374
2981859930,0.12831486805129366,0.06744403889014504,0.03638683420007106,0.023121978530744963,0.053506250201879914,0.012844945465508146,0.04934483241276096,0.0297059551880444,0.019256651269959197,0.04630855863130808,0.008091346619722859,0.049834727650548576,0.019606576439807486,0.06855841596950805,0.04720221368045909,0.3404718067982385
2981862012,0.16651592967042433,0.07525006190983774,0.05135286454127502,0.02563605628950117,0.043304585634764255,0.02280973760995725,0.046599265695489736,0.037339707354888715,0.03156325032031612,0.03958999537022082,0.022551331330684668,0.046190122419974805,0.02537226654607707,0.05505668787751543,0.08088654887647102,0.22998158855260184
3114732891,0.17286303390505722,0.0777426058119879,0.05029232210342712,0.0269280876858641,0.04489270755946037,0.018707537926504945,0.04769210891824671,0.03521862247919292,0.030368121278680407,0.043083863604552255,0.017770815164141817,0.044322060359400076,0.025097709874349942,0.056332568881423815,0.07664976258923091,0.2320380718584795
3472230091,0.17640322563463404,0.0583554376657825,0.04790514844523985,0.03014178730838473,0.054712217570547436,0.02481544213991244,0.04252021347991435,0.04065066632578058,0.03371576491642964,0.03602739871954662,0.023505161228468248,0.05367358026269534,0.026317471477421625,0.0481448339778211,0.0684115773438582,0.2347000735035633
3472330055,0.18806055320477624,0.09412448722503955,0.04659388223133822,0.030556542523983325,0.03332902656201212,0.01952044101338329,0.043083863604552255,0.0379911065172217,0.036413751520828624,0.04870958364288252,0.017544709669778308,0.03730202310582814,0.029501383550286937,0.052117316450789763,0.08528483908825651,0.1998664900890425
3472449933,0.18961099088041167,0.08965621197928443,0.04813355297867072,0.029415248123862744,0.03888476156637273,0.018293011186838508,0.0467607696200351,0.032559191188345875,0.031197174758013282,0.05086296930348741,0.016021189314900354,0.042174058162946684,0.02752565220668196,0.05424916825478859,0.0819255574577129,0.202730493017647
3473162568,0.19028392389935075,0.08816499240931555,0.05542814690396977,0.03317290610161828,0.030551159059831818,0.018648319820838314,0.049576321371275996,0.040042206358947854,0.03340439506013329,0.04971090797506379,0.017178634107475478,0.03523477287164745,0.028268570259590637,0.05535816187000011,0.07394726358517177,0.20102931834576915
3473255564,0.19482245528878106,0.08691600936118575,0.05100979457397937,0.030077143104793275,0.03860044494524862,0.01900407384935425,0.04898731617115946,0.034685504608361506,0.032453555228106674,0.052216058478518394,0.01659154604027621,0.04271763312241773,0.027411805495362745,0.05579873450637081,0.07599462598595824,0.192713299240126
3474151758,0.1535638958712548,0.09080205714946114,0.03896160180289504,0.02710121059778683,0.029044234491924524,0.014106786859668891,0.040810724914044666,0.03288694345728237,0.02397359221056889,0.04819277108433735,0.011824275519343563,0.03368148854410447,0.02390858397619254,0.058565196035942325,0.07403715581751466,0.2985394816676779
3536116282,0.17396664405611725,0.046663867265307885,0.05138516532618409,0.03332364309786061,0.0455279563293388,0.03126715979198295,0.03519170515843535,0.053737739160394926,0.04828967343906457,0.03385122258470881,0.031670919603346365,0.05066916459403297,0.03328595884880003,0.05576192168136353,0.05113752597521453,0.22426973308784734
3629159169,0.14559578797764786,0.06767552784866004,0.0564994562701207,0.0281609009765604,0.04597478385391432,0.017512408884869237,0.05840520257975601,0.0376357978832219,0.02571142478762234,0.04264780300827977,0.01713018293011187,0.04417670682730924,0.024295573715774628,0.0636002454859653,0.07845860654413903,0.2465195904260473
3629163439,0.1476845720684346,0.07441024150220182,0.05345241556036479,0.025985981459349463,0.03525630672825349,0.014002390258083272,0.060063309538421775,0.030637294486256017,0.020973976334291586,0.041953336132734685,0.012791110823993023,0.03434111782249642,0.02002648664362544,0.05238110619421385,0.07550308472495881,0.3005372697223209
3629171779,0.17870947597359949,0.061683732248026965,0.057043186149423435,0.031154107044801187,0.04272317150640094,0.027202644357591226,0.039719198509857126,0.04308924706870377,0.04272317150640094,0.04797743251827686,0.022529797474078617,0.04521033194439957,0.028957653670984206,0.06005792607427026,0.06504301387857059,0.2061759100746148
3629979914,0.15031708603852406,0.08664147205443759,0.04019832681934171,0.02447322803277453,0.039886085898554,0.011606748710660336,0.05371620530378888,0.028925352886075124,0.01931586937562583,0.03742584278131292,0.010820762944539552,0.03628454838119233,0.021910699096654714,0.05053457799024516,0.09727381375367422,0.290669379932599
3632560595,0.17042970810857372,0.06768629477696309,0.04490347448776338,0.0304973244183167,0.041969486525189226,0.02237906047783628,0.043950601332945725,0.04213637391388611,0.035708517716980526,0.041985636917643766,0.022007601451381937,0.04545258783121763,0.030502707882468214,0.05528279337187893,0.06994196625644669,0.2351658645305081
3633366466,0.17588854075820706,0.0655813602937218,0.05222498573382,0.026739666440561173,0.049560170978821455,0.020505614953110027,0.04468813592170289,0.03801802383797926,0.03176782195807358,0.03863173875125166,0.020414096062534318,0.050550728382699694,0.02643819244807649,0.05743079556833231,0.07003886861117392,0.23152125929993436
3710731224,0.14599175924477129,0.07748917748917747,0.03898711730037032,0.0242319929066917,0.041787930944557454,0.014885516090335369,0.05197934595524957,0.03148177124080739,0.023527877744745216,0.046664580399520164,0.012642778907839148,0.041787930944557454,0.02394513117404684,0.05632921295571897,0.07668596463777187,0.29158191206383977
3897478187,0.16302485929380606,0.059391688618272376,0.04391760590750097,0.0295590966014596,0.052100876624778684,0.0204329864259907,0.043694491226554964,0.03956327100516763,0.03354637186739791,0.03887233521901225,0.02221790387355875,0.05356911517035885,0.03038678009529156,0.05263347295994012,0.07195808322897324,0.24513106188193634
3898269458,0.16674941524339115,0.06986738161436956,0.052572929078953175,0.02708636744781323,0.04752526589875988,0.01587669358753696,0.054751974932697824,0.030269429365814907,0.024841122732689,0.05021183635641468,0.014574782647071804,0.048038307074451655,0.026578842843903085,0.05903835120702591,0.07887042676199303,0.23314687320711416
3908173658,0.16311482489096168,0.07034050179211469,0.05046530206848901,0.03125944638770134,0.034973226238286484,0.016231593038821955,0.05270544543766464,0.037731571447078636,0.029208230772552576,0.05153949129852745,0.014822731787364513,0.03867621021721294,0.027372932590577364,0.062265189791423765,0.059814526924903924,0.2594787753163191
3951789739,0.1722762363125424,0.058103728587271336,0.0565855916965449,0.031692453459952405,0.04371372891027919,0.02341806905907813,0.048257372654155486,0.04502729416324817,0.04201255423840133,0.04942558437503365,0.02347728716474477,0.04619550588412632,0.029178375701196205,0.06484920916911616,0.06149531100272404,0.20429169762158556
3951800783,0.17818189648675128,0.06633504527493353,0.049177945024064085,0.028634645821893474,0.05173509049603239,0.021517706213594324,0.04560870829161148,0.03793727187570658,0.03605844288682882,0.04513496344627841,0.022056052628745545,0.050227720533608966,0.02850544268225718,0.05466369499445503,0.06898909310162904,0.21523628024160987
3951806833,0.17767046739235764,0.048526545861731114,0.050539961454396674,0.03164938574674031,0.045678693325581145,0.026831185331136882,0.03969766465325107,0.05108369133369941,0.04867728285797345,0.03819567815497917,0.02776252462934849,0.04858038050324623,0.03311907146010315,0.0556165681492727,0.05336628013394059,0.223004619012242
3951834477,0.15986735144330674,0.06049398667054276,0.05282793371878937,0.029334496161590055,0.046846905046459296,0.021006277119200664,0.05196119599039589,0.044817339061339195,0.036198412954768125,0.04219559201955274,0.02284742185901784,0.04755752231445891,0.028763848961529764,0.0505937960959118,0.07680049958547326,0.2278874209976636
3952579860,0.17818189648675128,0.06633504527493353,0.049177945024064085,0.028634645821893474,0.05173509049603239,0.021517706213594324,0.04560870829161148,0.03793727187570658,0.03605844288682882,0.04513496344627841,0.022056052628745545,0.050227720533608966,0.02850544268225718,0.05466369499445503,0.06898909310162904,0.21523628024160987
3952588018,0.16567344647406831,0.06050006477522995,0.04593283528378748,0.02943674338932792,0.05084855551237207,0.02177887175943919,0.04099552331188554,0.04160728937254394,0.03653322969296541,0.03813101869844971,0.02485209655827612,0.051467518820802916,0.03107771588144693,0.05122281239653957,0.07275697773171538,0.23718530034114954
3952607184,0.16452943139851633,0.06209287552354189,0.05561118468512118,0.02522691301398624,0.040709755913735365,0.022890489572229937,0.04734756721254992,0.037721933309646086,0.03646220269819223,0.042276343981825434,0.024144836719532284,0.045167264231187484,0.028187818297317962,0.06274965815002638,0.07156238896605188,0.23331933632653934
3965822399,0.17945777749065966,0.07042109456593129,0.057285442036241474,0.029345263089893086,0.039283137913584634,0.019046696168050214,0.055605801220969676,0.04185643377800746,0.035940006675495545,0.05120751100918419,0.020295659851201048,0.04280392346867362,0.032171581769437,0.058448270292968126,0.06762707667129644,0.19920432399840649
3966587496,0.14355794513559125,0.06483916120508093,0.0445626152819748,0.02813207226299334,0.04176314378033306,0.019380453409730127,0.0463678819512578,0.04219483798385725,0.032494800047093916,0.04278351189775388,0.018811401959630047,0.04412438025718509,0.029433695694831438,0.06294886385934619,0.07473542377980978,0.2638698114935311
3996164462,0.159966028990514,0.060831138172762735,0.04645823437117646,0.030163665414345557,0.04308272516589656,0.022109945156971973,0.040743619639849724,0.04451497747261447,0.038850743475694886,0.03755523887665357,0.023419844251558204,0.04607678023923652,0.03070345899727944,0.05544039959119632,0.07472182637359474,0.2453613738106548
4251521178,0.13895797667883333,0.11068402295509114,0.032182348697740025,0.025544537398925458,0.023245798206229743,0.011445244786114969,0.04389138322727909,0.027681772667075808,0.01574663264317323,0.051433616503547705,0.007520699419662562,0.029496000086135427,0.020672502341806905,0.0648761264898737,0.08843416561689116,0.30818717228161974
4308661997,0.14975051722039673,0.10477059754168187,0.034495557989533895,0.024899598393574297,0.02460143604721918,0.011683096020445418,0.036771327735183164,0.027686503590118046,0.02199707922599489,0.0324996957527078,0.0097298284045272,0.02529511987343313,0.020305464281367896,0.04231471339905074,0.0933734939759036,0.3398259705488621
4308678217,0.14960447852014114,0.1037483266398929,0.03540829986613119,0.02290982110259219,0.036010709504685406,0.012072532554460265,0.042290373615674816,0.02500912741876597,0.01906413532919557,0.03943044906900329,0.009468175733235974,0.03470244614822928,0.02068881586953876,0.0473652184495558,0.09259462090787393,0.3096324692710235
4308743207,0.18076548618717292,0.10389436534014848,0.047225264695144216,0.026329560666910064,0.03843860289643423,0.013058293781185348,0.04961056346598515,0.026177437020810514,0.022842886698308387,0.04558841426311306,0.01129365948643057,0.03996592430327369,0.02445539734696361,0.04970792259948886,0.10087014725568942,0.21977607399294147
4308770173,0.15150298162346354,0.11781063648533527,0.03264573445296337,0.030442984057441887,0.023828647925033468,0.013338201290008518,0.034130461238894974,0.03108190337106,0.020281124497991968,0.046714129244249725,0.008817086527929901,0.026524278933917487,0.01888767189972009,0.045740537909212606,0.07281854691493246,0.32543507362784474
4308895697,0.14502859924546674,0.12615918218327854,0.03699038578556651,0.028258488499452363,0.021005233053425824,0.013873676524278934,0.040629183400267735,0.029311184130461236,0.023086284532067663,0.057624437142509435,0.010088840209322138,0.023061944748691738,0.019715224534501644,0.06771936229767556,0.08915054156018011,0.26829743215285384
4309410298,0.15734452963368625,0.0943227455275648,0.04889253985639528,0.0266216380674212,0.03247535596933188,0.012449799196787148,0.05854326396495072,0.028812218571254718,0.02224656200559815,0.05501399537544116,0.010782524035536084,0.032268467810636484,0.022350006084945844,0.06815139345259827,0.09214433491541925,0.23758062553243275
4309475372,0.18218327856882074,0.08944261896069125,0.047778994766946574,0.030589022757697457,0.02689546063040039,0.01784106121455519,0.04052573932092005,0.03520749665327979,0.029244249726177438,0.04255811123281003,0.015285383960082756,0.029761470122915905,0.02444931240111963,0.049081173177558717,0.07108433734939759,0.2680722891566265
4309531528,0.1616891809662894,0.09104295971765851,0.04875867104782768,0.030814165753924795,0.02895825727151028,0.01673360107095047,0.04639162711451869,0.03642448582207618,0.028045515394912984,0.03915054156018012,0.014774248509188268,0.0292564196178654,0.02156504807107217,0.048302300109529024,0.08215285383960083,0.2759401241328952
4309636706,0.14916027747353047,0.12301326518193988,0.037185104052573935,0.02887915297553852,0.02289156626506024,0.014682974321528538,0.03947304368991116,0.032238043081416576,0.024504076913715468,0.05360837288548132,0.011305829378118536,0.024644030668127054,0.020512352440063282,0.06342339053182425,0.08795180722891564,0.2665267129122551
4312634071,0.165547036631374,0.08892539856395276,0.045892661555312166,0.030217841061214563,0.03219544846050871,0.017366435438724594,0.042241694048922966,0.034495557989533895,0.028672264816843124,0.05209930631617378,0.01380065717415115,0.03633929658026044,0.023207983448947304,0.05400389436534015,0.06768285262261164,0.26731167092612873
4312636941,0.15701594255811124,0.07410855543385664,0.05809297797249605,0.026877205792868442,0.03247535596933188,0.016532797858099062,0.050316417183887054,0.030972374345868317,0.02761348423999026,0.05470974808324206,0.014968966776195691,0.03443470853109407,0.02328708774491907,0.06177437020810515,0.06550444201046611,0.2713155652914689
4312639443,0.1342156504807107,0.10784349519289277,0.03796397712060363,0.031982475355969334,0.023731288791529755,0.01600340756967263,0.03851770719240599,0.03588292564196178,0.021364244858220763,0.05111354508944871,0.010569550930996714,0.028258488499452363,0.018260922477789945,0.060064500425946216,0.05765486187172935,0.32657295850066936
4313364034,0.1450711938663746,0.1244614822928076,0.04060484361689181,0.03360107095046854,0.025197760739929416,0.01655713764147499,0.038335158817086525,0.03569429232079834,0.022258731897286117,0.05717415115005476,0.0107764390896921,0.030534258245101618,0.018790312766216385,0.06373980771571132,0.05774005111354509,0.2794633077765608
4313369118,0.16967262991359378,0.08914445661433612,0.0449981745162468,0.030516003407569676,0.03284653766581477,0.019599610563465986,0.04131069733479372,0.034599002068881585,0.03009614214433492,0.05030424729219911,0.014682974321528538,0.03781793842034806,0.023615674820494096,0.05517828891322867,0.06834002677376172,0.2572775952294025
4313371366,0.1578434951928928,0.07836801752464403,0.04828404527199708,0.02887915297553852,0.032165023731288794,0.017409030059632468,0.04656809054399416,0.03409395156383108,0.029128635755141775,0.0531763417305586,0.013782402336619204,0.03415480102227089,0.023682609224777898,0.05817208226846781,0.06237677984665936,0.28191554095168553
4316681859,0.1144470643969982,0.0585290222552408,0.04687382236721686,0.024058701293108088,0.03720512075110092,0.016489550696081916,0.04833274115227666,0.03472334377725378,0.02217448884007881,0.04792359787676174,0.013787051692022784,0.04041904884955371,0.021641525889079104,0.08207091098980371,0.061091551191360616,0.3302324579820623
4316702171,0.19622188485846875,0.09333311799476728,0.051562819643184,0.03232770222983085,0.028273953723742157,0.01950429062092876,0.041156583438310884,0.04061823702315966,0.036763676690676914,0.04205562195161343,0.018825974137838212,0.031967010131679525,0.02960366936916567,0.04973782529582135,0.09055525049258696,0.1974923823982256
4316736733,0.10579583750551803,0.04849962854097355,0.04699764204270164,0.02713804278777308,0.04313769824606738,0.013534028876901708,0.0566771105871206,0.04213637391388611,0.02750411835007591,0.03740430892470688,0.011655199888023946,0.04384293204991548,0.023724926515714333,0.0705556811697191,0.0676055428146904,0.3337909277862119
4316743975,0.1517490875028263,0.08969389622834502,0.04221712587615879,0.027977863195408983,0.03153094953540704,0.01691484436405138,0.046819987725701735,0.036828278260495055,0.02418252096859287,0.04518341462364202,0.013307923382538195,0.03452415560364784,0.022002217987230423,0.06288424475381417,0.0797291040838959,0.2744543859082442
4316746457,0.12565005329629514,0.08057969141983484,0.03854021986067594,0.030944151942892205,0.030007429180529087,0.014998331126113032,0.049005674171215687,0.04416055643485469,0.02970057172389289,0.043799864336703374,0.012753426574932437,0.03395889186773905,0.025932146817834345,0.0621843944141176,0.08127954175953142,0.29650505507283825
