10045378096,0.006594594594594594,0.31063663663663665,0.15606606606606607,0.01793993993993994,0.013273273273273272,0.03021621621621622,0.02628228228228228,0.00018018018018018016,5.4054054054054054e-05,0.3756276276276277,0.06312912912912913
10045482563,0.014906906906906906,0.005537537537537538,0.4855375375375375,0.010306306306306306,0.03204204204204204,0.06378978978978979,0.06767567567567567,0.0007207207207207206,0.00021621621621621621,0.2281261261261261,0.09114114114114112
10045488655,0.01443243243243243,0.2776756756756757,0.5234054054054054,0.06674474474474475,0.07479279279279279,0.0009009009009009008,0.00010810810810810812,4.8048048048048055e-05,1.2012012012012014e-05,0.01681081081081081,0.02506906906906907
10045579766,0.10961424332344212,0.045489614243323435,0.2465044510385757,0.4815074183976261,0.017103857566765582,5.934718100890208e-06,0.013899109792284866,0.00025519287833827885,5.934718100890208e-06,0.08404747774480714,0.0015667655786350148
10045606263,0.02025825825825826,0.08012612612612613,0.34268468468468466,0.10464264264264264,0.04851051051051051,0.022852852852852854,0.06100900900900901,0.0008948948948948948,0.00018018018018018016,0.2702162162162163,0.04862462462462463
10045632093,0.008660660660660659,0.00046846846846846843,0.6003183183183183,0.021627627627627627,0.011069069069069069,0.07571171171171172,0.04175975975975976,0.0002642642642642643,9.609609609609608e-05,0.1723963963963964,0.06762762762762763
10045633316,0.01693093093093093,0.00043843843843843837,0.5888648648648649,0.03072072072072072,0.005687687687687688,0.008948948948948949,0.038972972972972975,0.0007867867867867867,0.00048048048048048047,0.3007807807807808,0.007387387387387387
10045665523,0.019441441441441443,0.002084084084084084,0.29184984984984985,0.6305465465465465,0.01114114114114114,1.2012012012012014e-05,0.003303303303303303,2.4024024024024028e-05,0.0,0.040984984984984985,0.0006126126126126127
10045665564,0.028638297872340426,0.2492978723404255,0.479154255319149,0.18195212765957447,0.024904255319148937,1.5957446808510634e-05,0.00452127659574468,0.00039893617021276594,5.319148936170212e-06,0.030856382978723406,0.00025531914893617015
10045737995,0.03261861861861862,0.3886486486486487,0.28096696696696694,0.17732732732732734,0.07937537537537538,0.0006366366366366366,0.005315315315315316,0.00012012012012012012,8.408408408408409e-05,0.026312312312312312,0.008594594594594595
10045759763,0.010618618618618618,0.2533333333333333,0.45020420420420415,0.09316516516516515,0.0035435435435435436,0.0010750750750750753,0.040486486486486485,0.0003423423423423424,0.00025825825825825824,0.14644444444444446,0.0005285285285285286
10045795353,0.006594594594594594,0.3458438438438439,0.521093093093093,0.04972972972972973,0.003003003003003003,0.0016036036036036036,0.012210210210210208,6.606606606606607e-05,0.0002042042042042042,0.058870870870870874,0.0007807807807807806
10045809175,0.02709309309309309,0.06807807807807807,0.5930630630630631,0.10153153153153154,0.02045045045045045,0.0006906906906906907,0.0017657657657657656,0.0010270270270270273,0.0004624624624624624,0.15436036036036035,0.03147747747747748
10045868856,0.0303963963963964,0.28583783783783784,0.13309309309309308,0.4884324324324325,0.04,1.8018018018018016e-05,0.005345345345345346,0.0025585585585585586,0.00015015015015015014,0.013243243243243243,0.0009249249249249248
10045898593,0.07381381381381381,0.3041021021021021,0.26218018018018013,0.09269669669669668,0.03936936936936937,0.002138138138138138,0.02099099099099099,0.0005465465465465466,0.00016816816816816817,0.16907507507507508,0.03491891891891892
12044649575,0.0612923076923077,0.40629538461538467,0.4177046153846154,0.060652307692307686,0.007606153846153845,0.013212307692307692,0.0005723076923076923,6.153846153846154e-06,0.0003692307692307692,0.005864615384615385,0.026424615384615383
12044924063,0.011478571428571428,0.4221857142857143,0.4985928571428571,0.008478571428571429,0.005,0.0,8.57142857142857e-05,3.571428571428572e-05,9.285714285714286e-05,0.025157142857142857,0.028892857142857144
12044979074,0.21741528239202654,0.17056478405315614,0.07031893687707641,0.2657076411960133,0.0493421926910299,5.980066445182725e-05,0.0005913621262458471,0.005136212624584718,0.004644518272425249,0.21593355481727572,0.00028571428571428574
12045021564,0.15604953560371518,0.3912321981424148,0.0703405572755418,0.26206811145510833,0.01531888544891641,0.0,0.019102167182662538,0.0015294117647058824,4.334365325077399e-05,0.08375232198142415,0.0005634674922600619
12045478526,0.2357981072555205,0.34193059936908515,0.10341324921135647,0.280403785488959,0.0032302839116719237,6.309148264984226e-06,0.0014826498422712935,0.001993690851735016,1.892744479495268e-05,0.031722397476340695,0.0
132872354,0.060988023952095814,0.31585029940119763,0.1184251497005988,0.1689880239520958,0.01084431137724551,5.9880239520958085e-06,0.05665269461077845,0.004155688622754491,1.7964071856287423e-05,0.2612455089820359,0.0028263473053892216
135114844,0.07330330330330331,0.3851651651651652,0.1378978978978979,0.21463663663663665,0.046768768768768766,3.003003003003003e-05,0.044414414414414405,0.0010030030030030027,0.001933933933933934,0.09302702702702703,0.00181981981981982
135114980,0.1208502994011976,0.0970119760479042,0.3516946107784431,0.3690179640718563,0.000437125748502994,0.01759880239520958,0.0003532934131736527,0.000718562874251497,0.01909580838323353,0.023221556886227544,0.0
135115202,0.06880239520958084,0.40343712574850293,0.21509580838323356,0.16661676646706586,0.04729940119760479,0.00010179640718562876,0.005634730538922154,0.0008682634730538922,0.0009341317365269459,0.07675449101796407,0.014455089820359281
135115317,0.06371771771771771,0.3142162162162162,0.10527927927927927,0.42060060060060067,0.011831831831831832,0.0,0.005915915915915916,0.0041141141141141134,1.8018018018018016e-05,0.07389189189189188,0.00041441441441441434
135115501,0.07784984984984986,0.38110510510510504,0.10765165165165164,0.3468888888888889,0.051573573573573575,3.003003003003003e-05,0.0012612612612612614,0.0017717717717717718,0.0014534534534534536,0.02760960960960961,0.002804804804804805
135115675,0.0924984984984985,0.40257657657657653,0.11943543543543544,0.15702702702702706,0.01640840840840841,0.0,0.04566966966966967,0.0006186186186186186,1.2012012012012014e-05,0.16182582582582586,0.003927927927927928
135115983,0.2418078078078078,0.011063063063063065,0.056762762762762764,0.303963963963964,0.06502102102102102,0.0,0.00409009009009009,0.0015735735735735734,7.207207207207206e-05,0.31561561561561563,3.003003003003003e-05
135116101,0.14374850299401198,0.0004910179640718563,0.041371257485029934,0.5331017964071856,0.09536526946107783,0.0,0.0028682634730538927,6.58682634730539e-05,3.5928143712574846e-05,0.18293413173652692,1.7964071856287423e-05
135116270,0.5058858858858859,0.026792792792792796,0.04537537537537537,0.24138738738738735,0.12137537537537538,0.00181981981981982,0.0007687687687687687,0.0016216216216216215,4.204204204204204e-05,0.04031231231231231,0.014618618618618618
135116324,0.2483233532934132,0.1949820359281437,0.01962874251497006,0.2466766467065868,0.09307784431137724,0.0,0.0016407185628742515,2.994011976047904e-05,0.0,0.1955988023952096,4.191616766467066e-05
135116398,0.2632934131736527,0.0695688622754491,0.03477245508982036,0.10840119760479043,0.13067664670658682,0.0,0.00024550898203592813,0.000251497005988024,0.0,0.3926407185628743,0.00014970059880239518
2064729309,0.6367253333333334,0.01192,0.06616,0.14496,0.01816,0.000544,0.012074666666666666,0.027210666666666668,0.0011573333333333331,0.07594666666666665,0.0051413333333333346
2064729793,0.103216,0.12936,0.107056,0.3134293333333333,0.176544,5.333333333333334e-06,0.003125333333333333,0.12470933333333335,0.005552,0.033744,0.003258666666666667
2065524674,0.8023519999999998,0.001616,0.014090666666666666,0.009354666666666669,0.007893333333333334,2.133333333333333e-05,0.001584,0.006714666666666666,0.000736,0.15535466666666667,0.0002826666666666667
2183279459,0.06909866666666667,0.30752,0.3390506666666667,0.015152,0.11694933333333335,0.004373333333333333,0.02195733333333333,0.001072,0.000688,0.02912,0.09501866666666665
2183292799,0.162768,0.36950933333333336,0.21697066666666667,0.12782933333333332,0.03417066666666667,0.000192,0.016272,0.013269333333333331,0.00184,0.032250666666666664,0.024928
2183301183,0.20050666666666667,0.084496,0.11034666666666666,0.19917866666666667,0.19439466666666666,0.0009226666666666668,0.031728,0.02532266666666667,0.000336,0.12665066666666666,0.026117333333333333
2183306153,0.050848,0.38833066666666666,0.274976,0.18242666666666665,0.011370666666666666,0.0046026666666666655,0.002608,0.0014613333333333336,0.001408,0.0016693333333333336,0.08029866666666667
2183308589,0.05979733333333333,0.6902186666666666,0.11371733333333335,0.07125866666666666,0.015082666666666666,0.0017013333333333331,0.0016106666666666667,0.000992,0.00046399999999999995,0.0022666666666666673,0.04289066666666666
2183311503,0.20144,0.2875573333333333,0.16364266666666666,0.23927466666666666,0.027744,0.003056,0.011930666666666666,0.011706666666666669,0.002938666666666667,0.014458666666666668,0.03625066666666666
2183317649,0.17154666666666665,0.33647466666666664,0.178128,0.14304533333333333,0.06356266666666667,0.008912,0.01717866666666666,0.014597333333333334,0.0032,0.02416533333333333,0.039189333333333326
2183319977,0.153712,0.09587733333333331,0.07930666666666665,0.223808,0.28573866666666664,0.004464,0.03814933333333333,0.056789333333333324,0.003413333333333333,0.040517333333333336,0.018224
2184089934,0.18785066666666667,0.02035733333333333,0.20017066666666666,0.12159466666666667,0.33614933333333336,0.0011573333333333331,0.034581333333333325,0.008410666666666667,0.0004693333333333333,0.04341866666666666,0.04584
2184100902,0.14235733333333336,0.3098293333333333,0.33647466666666664,0.143024,0.027786666666666668,0.002762666666666667,0.004101333333333334,0.002544,0.0014346666666666668,0.0011146666666666666,0.028570666666666668
2184117824,0.6346293333333334,0.000896,0.010485333333333331,0.24096,0.01874133333333333,0.0,0.002128,0.023610666666666662,6.4e-05,0.068336,0.00014933333333333332
2811278670,0.37084266666666665,0.413488,0.0416,0.1308,0.005946666666666665,0.0,0.00015466666666666667,0.0021653333333333333,5.333333333333334e-06,0.034997333333333325,0.0
2835779103,0.21845866666666666,0.10338666666666667,0.029562666666666668,0.38421866666666665,0.040693333333333324,5.333333333333334e-06,0.002805333333333333,0.002208,0.0,0.21819733333333333,0.00046399999999999995
288044415,0.08370481927710843,0.4804397590361446,0.10171686746987953,0.11121686746987952,0.0056084337349397596,0.0,0.02992771084337349,0.0023975903614457837,0.0,0.18120481927710844,0.003783132530120482
288051306,0.07172972972972973,0.39696096096096095,0.10478078078078078,0.2132192192192192,0.026054054054054053,0.00025825825825825824,0.0324024024024024,0.0022462462462462464,0.0013873873873873875,0.14798798798798798,0.002972972972972973
2950994233,0.4230613333333333,0.17340266666666668,0.014538666666666668,0.18971733333333327,0.007370666666666667,0.00041066666666666666,0.0004853333333333333,0.0010293333333333333,0.002032,0.187952,0.0
2951008473,0.052021333333333336,0.19004266666666667,0.16179733333333332,0.41684266666666653,0.07765333333333335,0.00072,0.015018666666666666,0.003525333333333333,0.001973333333333333,0.07767466666666667,0.0027306666666666673
2951061755,0.10779200000000001,0.2462186666666667,0.09719466666666665,0.3158026666666667,0.19738133333333333,0.00041066666666666666,0.0053866666666666655,0.000576,0.0018506666666666667,0.025168,0.0022186666666666665
2951064223,0.04878933333333333,0.281136,0.21426666666666666,0.347328,0.07756266666666667,0.00072,0.005504,0.00036266666666666663,0.0015413333333333336,0.01686933333333333,0.00592
2951069467,0.13161066666666665,0.072608,0.014842666666666669,0.5629066666666666,0.03405866666666667,0.0006026666666666667,0.014165333333333334,0.007018666666666667,0.0015893333333333337,0.16058133333333333,1.6e-05
2951102363,0.06536533333333333,0.3031093333333333,0.12592,0.09529066666666665,0.3334613333333333,0.0008693333333333333,0.00576,0.004064,0.002645333333333333,0.03128,0.03223466666666667
2951841806,0.35312,0.156496,0.053749333333333336,0.17496,0.012762666666666669,0.00043733333333333336,0.002528,0.013888,0.001616,0.2304373333333333,5.333333333333334e-06
2951846628,0.01715733333333333,0.2727306666666667,0.3512693333333333,0.26905066666666666,0.05346666666666666,0.0007893333333333333,0.003952,0.0015146666666666668,0.0017013333333333331,0.014944,0.013424
2951859592,0.08580266666666665,0.12325866666666667,0.12974933333333333,0.5506933333333334,0.029258666666666662,0.0007413333333333333,0.0057333333333333325,0.0032053333333333326,0.0018293333333333332,0.068976,0.0007519999999999998
2951861710,0.048298666666666656,0.130832,0.15456533333333333,0.53976,0.05349866666666666,0.0007946666666666667,0.004464,0.0015893333333333337,0.0018133333333333328,0.046208,0.018176
2951910186,0.10454933333333333,0.330208,0.11410133333333332,0.090304,0.252688,0.0012266666666666667,0.007253333333333333,0.002368,0.002949333333333333,0.052282666666666665,0.04206933333333333
2951917734,0.3022133333333333,0.09474666666666669,0.02165333333333333,0.20636266666666667,0.02456,0.0004853333333333333,0.0014293333333333332,0.008362666666666666,0.008138666666666667,0.33204266666666665,5.333333333333334e-06
2951944040,0.06390933333333333,0.07072000000000002,0.10051733333333332,0.628032,0.11237333333333334,0.000912,0.002922666666666667,0.002298666666666667,0.0014186666666666664,0.015973333333333332,0.0009226666666666668
2951950136,0.056021333333333326,0.013872,0.022442666666666663,0.216496,0.5715093333333333,0.0006506666666666666,0.0049493333333333325,0.00056,0.0015413333333333336,0.10864533333333333,0.003312
2951965474,0.12563733333333332,0.05700266666666666,0.08892266666666665,0.17479466666666665,0.3063093333333333,0.000992,0.019546666666666667,0.003578666666666666,0.017472,0.19453866666666667,0.011205333333333331
2980998033,0.12158933333333333,0.042826666666666666,0.03986666666666666,0.4792746666666666,0.09435733333333331,0.0,0.005786666666666666,0.016117333333333334,0.00020266666666666667,0.19861333333333334,0.0013653333333333336
2980999601,0.21230890052356025,0.0519738219895288,0.06463350785340315,0.4753560209424084,0.013036649214659687,4.7120418848167544e-05,0.0033298429319371732,0.002424083769633508,0.00020418848167539266,0.17667539267015706,1.0471204188481676e-05
2981858036,0.36434666666666665,0.007941333333333333,0.02138133333333333,0.42364266666666667,0.046992,0.0,0.0011573333333333331,0.0020746666666666665,0.0004053333333333333,0.131152,0.0009066666666666666
2981859930,0.271424,0.0026933333333333327,0.003984,0.4463093333333333,0.020906666666666667,0.0,0.0005333333333333334,0.0008319999999999998,2.133333333333333e-05,0.253296,0.0
2981862012,0.018490666666666662,0.0009866666666666667,0.5095306666666666,0.10593066666666667,0.26704533333333336,0.0005866666666666667,0.0008906666666666666,0.002501333333333333,0.0005066666666666666,0.02158933333333333,0.07194133333333333
3114732891,0.14267733333333332,0.031424,0.2436533333333333,0.287376,0.2262666666666667,0.002896,0.002032,0.0020746666666666665,0.005146666666666666,0.050832,0.005621333333333333
3472230091,0.07797361477572559,4.2216358839050126e-05,0.058369393139841685,0.22878100263852244,0.34198416886543537,0.0,3.693931398416887e-05,0.0,0.0,0.04299736147757256,0.2498153034300792
3472330055,0.18150933333333333,0.0013653333333333336,0.08661333333333332,0.14538133333333333,0.4581333333333333,5.333333333333333e-05,0.007018666666666667,0.0002773333333333333,0.000192,0.111296,0.00816
3472449933,0.21051733333333333,0.13413333333333333,0.014480000000000002,0.2685813333333333,0.213184,4.8e-05,0.007829333333333334,0.002597333333333333,0.0009653333333333332,0.14709866666666666,0.0005653333333333334
3473162568,0.32224,0.112048,0.02547733333333333,0.13229333333333335,0.3283626666666667,0.0,0.004293333333333333,0.000496,8e-05,0.07431999999999998,0.0003893333333333333
3473255564,0.22450714285714285,0.022171428571428568,0.06015714285714286,0.4625357142857143,0.18580714285714287,0.0,0.005257142857142857,0.004378571428571429,0.00022142857142857145,0.03207857142857142,0.0028857142857142857
3474151758,0.149,0.2520428571428571,0.12007857142857142,0.3157357142857143,0.05674285714285714,0.0,0.0015071428571428573,0.00165,0.0003357142857142857,0.10277857142857144,0.00012857142857142858
3536116282,0.486288,1.0666666666666667e-05,0.388864,3.733333333333333e-05,0.05621866666666666,0.029642666666666668,2.133333333333333e-05,0.0008213333333333333,0.019984,0.000624,0.017488
3629159169,0.168,0.013589333333333332,0.07720533333333332,0.12316266666666667,0.535664,5.333333333333334e-06,0.0018933333333333328,0.0033493333333333326,0.00021866666666666668,0.07630399999999998,0.000608
3629163439,0.243744,0.038608,0.08795733333333333,0.2129653333333333,0.14314666666666667,0.00029866666666666664,0.004810666666666667,0.005381333333333334,0.0005546666666666666,0.254992,0.007541333333333333
3629171779,0.034645333333333334,0.11478933333333333,0.4331466666666666,0.13112,0.017824,0.0010186666666666666,0.059957333333333335,0.012565333333333331,0.004698666666666667,0.141776,0.04845866666666666
3629979914,0.3145226666666667,0.008581333333333333,0.09301866666666665,0.3680906666666667,0.030949333333333325,0.000512,0.014565333333333331,0.003082666666666667,0.007941333333333333,0.15709333333333333,0.0016426666666666664
3632560595,0.22216533333333333,0.36821866666666664,0.045397333333333324,0.27553066666666665,0.03429333333333333,6.933333333333333e-05,0.0053173333333333345,0.02526933333333333,0.00019733333333333327,0.021232,0.002309333333333333
3633366466,0.1252,0.18442666666666666,0.06309333333333333,0.288384,0.01621333333333333,4.266666666666666e-05,0.00568,0.004048,7.466666666666666e-05,0.306816,0.0060213333333333325
3710731224,0.18465116279069768,0.4101447028423773,0.03223772609819121,0.09682170542635657,0.18427390180878556,0.000351421188630491,0.0032816537467700254,0.003679586563307493,0.0007338501291989664,0.0793953488372093,0.0044289405684754535
3897478187,0.06869039145907474,0.4385907473309609,0.10150889679715304,0.22474021352313167,0.03807829181494662,0.00025622775800711745,0.006113879003558718,0.0062277580071174385,0.002676156583629893,0.08730249110320285,0.025814946619217082
3898269458,0.053530054644808735,0.2600273224043716,0.33885245901639344,0.18382513661202185,0.057491803278688525,1.639344262295082e-05,0.00480327868852459,0.0021584699453551914,0.0004918032786885245,0.049890710382513664,0.04891256830601093
3908173658,0.16915508021390374,0.11158823529411764,0.01570053475935829,0.11520855614973262,0.21518181818181814,0.0,0.0059839572192513365,0.010887700534759358,0.00011764705882352942,0.3400588235294117,0.016117647058823528
3951789739,0.053344,0.3011946666666667,0.080816,0.30361066666666664,0.022474666666666667,0.0,0.0047466666666666655,0.0010453333333333332,4.266666666666666e-05,0.2318453333333333,0.00088
3951800783,0.124368,0.3507093333333333,0.029706666666666662,0.2275573333333333,0.024432,0.0,0.0031733333333333327,0.001584,7.466666666666666e-05,0.2378133333333333,0.0005813333333333333
3951806833,0.05151466666666666,0.673264,0.08350933333333335,0.052821333333333324,0.037312,0.005258666666666666,0.010469333333333334,0.016234666666666668,0.007861333333333333,0.039568,0.022186666666666667
3951834477,0.054821333333333326,0.470224,0.06079466666666665,0.195712,0.06321066666666667,0.00112,0.020416,0.04976,0.003232,0.07256533333333333,0.008144
3952579860,0.124368,0.3507093333333333,0.029706666666666662,0.2275573333333333,0.024432,0.0,0.0031733333333333327,0.001584,7.466666666666666e-05,0.2378133333333333,0.0005813333333333333
3952588018,0.05973665480427046,0.4122633451957296,0.02836298932384342,0.02079003558718861,0.1369252669039146,0.002669039145907473,0.00035587188612099647,0.0029323843416370105,0.002135231316725979,0.010284697508896795,0.32354448398576513
3952607184,0.109696,0.39784,0.11727466666666668,0.123776,0.06981866666666667,0.0031786666666666673,0.008757333333333334,0.081072,0.014832,0.06172266666666666,0.012032
3965822399,0.028383999999999996,0.0,0.871776,0.00496,0.00014933333333333332,0.0,0.035248,0.0002293333333333333,0.002954666666666666,0.056208,9.066666666666667e-05
3966587496,0.24027184466019416,0.4041294498381877,0.021624595469255662,0.04943042071197411,0.21649838187702267,0.0010550161812297734,0.0017475728155339804,0.0012750809061488676,0.005333333333333333,0.05724919093851132,0.0013851132686084145
3996164462,0.06982918149466193,0.4361281138790036,0.10088256227758008,0.22965124555160146,0.03925266903914591,0.00013523131672597865,0.006362989323843416,0.006270462633451958,0.002505338078291815,0.08319572953736655,0.0257864768683274
4251521178,0.20488533333333334,0.32256,0.039104,0.167296,0.055568,0.002458666666666667,0.005253333333333333,0.0002933333333333333,0.000848,0.1945653333333333,0.007168
4308661997,0.17925301204819274,0.2613253012048193,0.002825301204819277,0.26424698795180723,0.0213855421686747,1.2048192771084335e-05,0.000753012048192771,0.0038915662650602406,0.00012650602409638553,0.26609036144578313,9.036144578313252e-05
4308678217,0.15851204819277107,0.03987349397590362,0.012608433734939759,0.5551867469879518,0.033873493975903606,0.0,0.0010843373493975904,0.003530120481927711,6.626506024096386e-05,0.19515662650602408,0.00010843373493975904
4308743207,0.4080060240963855,0.02619277108433735,0.011024096385542168,0.5071746987951807,0.006987951807228916,0.0,0.0001807228915662651,0.0011204819277108435,1.2048192771084335e-05,0.039289156626506026,1.2048192771084335e-05
4308770173,0.11436144578313255,0.11450602409638555,0.01686144578313253,0.21350602409638555,0.040536144578313255,1.8072289156626505e-05,0.0014939759036144578,0.002969879518072289,0.000536144578313253,0.4942289156626506,0.0009819277108433738
4308895697,0.045361445783132524,0.012162650602409638,0.02969277108433735,0.4410060240963856,0.04210843373493976,0.0,0.0010542168674698797,0.0008734939759036144,8.433734939759034e-05,0.42765060240963854,6.0240963855421675e-06
4309410298,0.3046686746987952,0.05546385542168674,0.02037349397590361,0.3825060240963856,0.05884337349397591,0.0,0.0038373493975903616,0.011307228915662652,0.0005783132530120482,0.16094578313253013,0.0014759036144578314
4309475372,0.2332951807228916,0.027090361445783133,0.01908433734939759,0.21768674698795185,0.2677710843373495,0.0,0.0055240963855421685,0.004566265060240964,0.00012650602409638553,0.22451807228915666,0.00033734939759036143
4309531528,0.02600602409638554,0.1567590361445783,0.014728915662650603,0.38351807228915663,0.11267469879518073,0.0,0.006072289156626506,0.0031566265060240964,0.0,0.2969939759036145,9.036144578313252e-05
4309636706,0.017734939759036145,0.010042168674698796,0.019578313253012045,0.480066265060241,0.06266265060240964,0.0,0.0012289156626506025,0.0010421686746987953,7.228915662650602e-05,0.4075361445783133,3.614457831325301e-05
4312634071,0.049891566265060236,0.00789759036144578,0.040054216867469884,0.1053313253012048,0.429801204819277,7.228915662650602e-05,0.020897590361445784,0.0007650602409638553,0.000391566265060241,0.34115060240963857,0.0037469879518072288
4312636941,0.1044156626506024,0.020530120481927712,0.04334337349397591,0.1360421686746988,0.3926385542168675,6.0240963855421675e-06,0.03618072289156626,0.0003253012048192771,0.00011445783132530119,0.26379518072289154,0.002608433734939759
4312639443,0.16898192771084336,0.0009698795180722893,0.04452409638554217,0.07406024096385543,0.2038795180722892,0.0,0.003951807228915662,0.0003192771084337349,0.0,0.5028433734939759,0.00046987951807228915
4313364034,0.1316265060240964,0.0029939759036144574,0.04106626506024096,0.1323433734939759,0.2314457831325301,0.0,0.0015481927710843373,0.00016867469879518071,1.2048192771084335e-05,0.4587771084337349,1.8072289156626505e-05
4313369118,0.05166265060240964,0.008999999999999998,0.04794578313253012,0.14309036144578313,0.4175301204819277,6.626506024096386e-05,0.022957831325301204,0.000716867469879518,0.00035542168674698797,0.3057048192771084,0.0009698795180722893
4313371366,0.09024698795180723,0.017807228915662655,0.03869879518072289,0.1637710843373494,0.3524277108433735,0.0,0.05729518072289156,0.0008313253012048193,7.83132530120482e-05,0.2773795180722892,0.0014638554216867472
4316681859,0.09533866666666667,0.430016,0.06153066666666665,0.3988373333333333,0.0019146666666666667,5.333333333333334e-06,0.002773333333333333,0.0012853333333333336,6.933333333333333e-05,0.007210666666666666,0.0010186666666666666
4316702171,0.29224,0.10813866666666666,0.19294933333333333,0.20677333333333334,0.10802666666666666,0.007850666666666667,0.01144,0.006944,0.00029866666666666664,0.046048,0.019290666666666668
4316736733,0.06483733333333333,0.560912,0.154896,0.12925333333333333,0.0023733333333333328,0.0,0.029482666666666667,0.0005066666666666666,5.333333333333334e-06,0.054501333333333325,0.003232
4316743975,0.07828266666666665,0.255152,0.467696,0.188496,0.0012106666666666667,0.0,0.008432,0.00020266666666666667,0.0,0.0002826666666666667,0.0002453333333333333
4316746457,0.12019733333333335,0.3607626666666667,0.125328,0.353088,0.004586666666666666,0.0,0.004117333333333333,7.466666666666666e-05,0.0,0.03160533333333333,0.00024
4316751509,0.086176,0.22233066666666668,0.4597226666666666,0.220432,0.0028373333333333328,0.0,0.005744,0.0002453333333333333,3.2e-05,0.0015626666666666664,0.0009173333333333332
4316754111,0.15712,0.051664,0.0212,0.5337386666666666,0.04482666666666666,0.0,0.01032,0.003392,5.333333333333334e-06,0.17732266666666666,0.00041066666666666666
4316759251,0.07656,0.0015786666666666664,0.354512,0.3285653333333333,0.20768000000000003,5.333333333333334e-06,4.8e-05,0.0002773333333333333,0.0004853333333333333,0.02866133333333333,0.0016266666666666669
4317425172,0.14,0.5943093333333334,0.02762133333333333,0.038704,0.194448,0.0,0.000944,0.000416,0.0,0.002256,0.0013013333333333336
4317467692,0.04028266666666666,0.2737226666666667,0.17829866666666666,0.38565866666666665,0.0017866666666666669,0.0,0.017248,0.0017226666666666664,3.2e-05,0.09414933333333331,0.0070986666666666655
4317472438,0.09507733333333332,0.397888,0.20496,0.19674133333333327,0.00328,5.333333333333334e-06,0.05015466666666666,0.0013866666666666667,1.0666666666666667e-05,0.045850666666666665,0.004645333333333333
4317474802,0.08349866666666665,0.42538666666666664,0.2445013333333333,0.20909333333333333,0.001552,0.0,0.031232,0.00012266666666666668,0.0,0.003909333333333333,0.000704
4317482112,0.13898133333333335,0.4958666666666666,0.06374933333333334,0.17456533333333332,0.0043146666666666654,0.0,0.006959999999999999,0.00016,0.0,0.11507733333333335,0.0003253333333333333
4317495448,0.04681066666666666,0.023189333333333333,0.5140586666666666,0.08303466666666667,0.3115306666666667,5.333333333333334e-06,8e-05,0.00012266666666666668,0.00024,0.011002666666666666,0.009925333333333331
4317497880,0.20991466666666667,0.45672,0.07859199999999998,0.14508266666666667,0.05254400000000001,0.0,0.00344,0.001008,0.00013333333333333334,0.05234666666666666,0.00021866666666666668
4476079117,0.08458796296296296,0.0,0.5038472222222222,0.196875,0.0001851851851851852,0.0003564814814814815,0.08229166666666665,5.092592592592592e-05,0.0,0.11983333333333332,0.011972222222222223
4476079181,0.03669907407407408,0.0,0.8684212962962962,0.05275,0.00010648148148148149,7.87037037037037e-05,0.022879629629629628,1.3888888888888888e-05,0.0007870370370370369,0.009907407407407408,0.008356481481481482
4476079309,0.04039170506912442,0.0,0.8390322580645162,0.050023041474654376,8.755760368663593e-05,0.0003410138248847926,0.042032258064516125,9.216589861751152e-06,0.001009216589861751,0.01713364055299539,0.009940092165898615
4476079389,0.033254079254079257,0.0,0.8677062937062938,0.04504428904428905,0.00027972027972027967,0.0005268065268065268,0.045724941724941716,2.7972027972027973e-05,0.00032167832167832167,0.000344988344988345,0.0067692307692307704
4476080461,0.3837563218390805,0.0,0.5423678160919541,0.05231724137931034,0.0002114942528735632,7.356321839080459e-05,0.002542528735632184,7.81609195402299e-05,6.896551724137931e-05,0.0001425287356321839,0.018441379310344827
4476080501,0.30421911421911424,0.0,0.5851282051282052,0.0498041958041958,0.00019114219114219115,0.00022377622377622378,0.03896969696969697,1.3986013986013986e-05,4.195804195804196e-05,0.002503496503496504,0.018904428904428904
4476855112,0.031883720930232555,0.0,0.8306418604651162,0.06334883720930233,0.0003627906976744186,0.00011627906976744187,0.06272558139534884,1.3953488372093024e-05,0.0,0.0025255813953488373,0.008381395348837209
4476855160,0.030412993039443163,0.0,0.9619582366589328,0.0007703016241299304,0.00025986078886310905,0.00012993039443155453,7.424593967517402e-05,1.3921113689095126e-05,0.00025522041763341067,1.3921113689095126e-05,0.006111368909512761
4476855212,0.04045412844036697,0.0,0.8543990825688074,0.01518348623853211,0.00044954128440366975,9.174311926605505e-05,0.017380733944954128,0.0002889908256880734,0.004270642201834862,0.05891284403669725,0.00856880733944954
4476855358,0.10719266055045873,0.0,0.8203302752293578,0.05099082568807339,0.0001345565749235474,0.0,0.02031192660550459,1.2232415902140673e-05,1.8348623853211008e-05,0.000691131498470948,0.0003180428134556575
4476856270,0.08230555555555555,0.0,0.5480231481481481,0.15793518518518518,0.0001712962962962963,0.00019907407407407406,0.08776851851851852,6.0185185185185194e-05,0.0,0.11654166666666667,0.0069953703703703705
4476856682,0.052287037037037035,0.0,0.8746666666666667,0.018921296296296297,0.0003101851851851852,0.00020833333333333332,0.005907407407407407,0.0002222222222222222,0.0019120370370370372,0.03697685185185185,0.008587962962962962
4476856880,0.034819444444444445,0.0,0.7212268518518518,0.05542592592592593,0.000125,0.00023611111111111115,0.11523148148148148,2.314814814814815e-05,7.87037037037037e-05,0.06493981481481481,0.007893518518518518
4476856946,0.0811111111111111,0.0,0.6107638888888889,0.13444907407407408,0.0002916666666666667,0.00023611111111111115,0.07913888888888887,7.407407407407406e-05,0.0,0.07256944444444445,0.02136574074074074
4476858062,0.18723041474654376,0.0,0.6681889400921659,0.11917972350230414,0.0003317972350230415,0.00030414746543778803,0.010649769585253457,2.304147465437788e-05,0.00029493087557603686,0.00018894009216589863,0.013608294930875576
457715096,0.021843843843843844,0.19738138138138134,0.4397357357357357,0.03855255255255255,0.002954954954954955,0.0003723723723723724,0.005375375375375376,4.204204204204204e-05,0.00034834834834834833,0.29018618618618613,0.0032072072072072072
457718082,0.016234234234234233,0.41998198198198206,0.20263663663663664,0.07436036036036035,0.13132732732732733,0.00041441441441441434,0.02713513513513513,0.0016276276276276276,0.0005885885885885886,0.08992792792792793,0.03576576576576577
457721934,0.02666066066066066,0.2731291291291291,0.25023423423423424,0.1476936936936937,0.1278858858858859,0.00010810810810810812,0.013723723723723723,0.0009729729729729728,0.00039639639639639637,0.11848648648648648,0.04070870870870871
457722692,0.02210810810810811,0.3736276276276276,0.2378618618618619,0.08263663663663663,0.10222822822822823,0.0007807807807807806,0.012894894894894895,0.0005525525525525524,0.00027627627627627627,0.1170930930930931,0.049939939939939934
461593568,0.023885885885885885,0.239981981981982,0.3239099099099099,0.09378378378378377,0.08149549549549549,0.0008228228228228228,0.016402402402402403,0.00014414414414414415,0.00016216216216216215,0.16180780780780782,0.0576036036036036
461597998,0.013597597597597598,0.3491951951951952,0.14517717717717718,0.14932132132132134,0.18457657657657656,0.0012552552552552553,0.007933933933933934,0.0006246246246246248,0.0005705705705705706,0.07052852852852852,0.07721921921921923
461600955,0.17364564564564566,0.12594594594594594,0.14943543543543544,0.3881021021021021,0.07963363363363361,0.0,0.005837837837837838,0.0023363363363363364,0.0005285285285285286,0.07403003003003003,0.0005045045045045045
461601946,0.05243243243243243,0.17449849849849847,0.15811411411411413,0.561915915915916,0.026744744744744742,0.0,8.408408408408409e-05,1.2012012012012014e-05,0.0003243243243243243,0.02580780780780781,6.606606606606607e-05
461602133,0.2891231231231231,0.07353153153153155,0.19211411411411408,0.16431831831831833,0.0808048048048048,0.0,0.00016816816816816817,0.00013213213213213214,0.0,0.1998078078078078,0.0
462896945,0.11514714714714715,0.1464984984984985,0.36624024024024027,0.1313993993993994,0.09097897897897897,0.0,0.0,2.4024024024024028e-05,0.0,0.14967567567567566,3.603603603603604e-05
465191337,0.1015015015015015,0.01872072072072072,0.11768768768768767,0.6665285285285285,0.02449249249249249,0.002102102102102102,0.002942942942942943,0.0005285285285285286,0.011621621621621621,0.05242642642642643,0.0014474474474474475
466220980,0.09071471471471472,0.08184384384384384,0.2893573573573573,0.3225885885885886,0.04387987987987988,0.0,0.0014414414414414415,2.4024024024024028e-05,2.4024024024024028e-05,0.16987387387387387,0.00025225225225225225
470006382,0.05565165165165165,0.07542942942942944,0.42661861861861855,0.1888108108108108,0.02329129129129129,0.00014414414414414415,0.008810810810810811,0.00015615615615615616,0.00014414414414414415,0.2042042042042042,0.01673873873873874
470019825,0.11585585585585585,0.1622162162162162,0.4422762762762763,0.09254054054054055,0.034702702702702704,0.0006606606606606607,0.01598198198198198,0.000990990990990991,0.0002642642642642643,0.10377177177177176,0.03073873873873874
470032783,0.04754354354354354,0.2115735735735736,0.1884024024024024,0.35244444444444445,0.037213213213213206,0.0004624624624624624,0.008726726726726726,0.0011531531531531532,0.0007627627627627627,0.13542342342342342,0.016294294294294298
4761830880,0.06901796407185629,0.001718562874251497,0.15966467065868264,0.740694610778443,0.021994011976047903,0.00010179640718562876,0.0016107784431137724,0.0004131736526946108,0.0012694610778443114,0.0029461077844311376,0.0005688622754491017
4898405013,0.17703012048192773,0.018379518072289158,0.008686746987951806,0.34029518072289155,0.20227108433734936,0.0,0.005987951807228916,0.01371686746987952,0.00045783132530120477,0.232789156626506,0.0003855421686746988
4900990689,0.15649397590361447,0.2272048192771084,0.03540963855421687,0.3644036144578313,0.13410843373493975,0.0,0.006102409638554217,0.0013012048192771086,0.0006566265060240964,0.07362650602409639,0.0006927710843373494
4904458042,0.049680722891566255,0.09206024096385543,0.12006626506024096,0.263433734939759,0.12952409638554216,6.0240963855421675e-06,0.013234939759036144,0.00036746987951807224,2.4096385542168674e-05,0.32876506024096386,0.002837349397590361
4906971826,0.25337349397590364,0.04757831325301205,0.09077710843373495,0.2053132530120482,0.1830843373493976,0.0008132530120481926,0.014012048192771085,0.004234939759036146,0.0002710843373493976,0.19213855421686746,0.008403614457831325
4909428001,0.005102409638554217,0.4782349397590362,0.1264578313253012,0.23498192771084336,0.0003192771084337349,0.0,0.006186746987951807,0.00013855421686746988,0.0,0.14856626506024095,1.2048192771084335e-05
4910005618,0.05272289156626506,0.1701746987951807,0.09133734939759036,0.4657048192771085,0.006584337349397591,6.0240963855421675e-06,0.003445783132530121,0.006921686746987952,0.0021204819277108435,0.20078313253012048,0.0001987951807228916
4912099789,0.03651807228915663,0.3301626506024096,0.04125301204819277,0.2374277108433735,0.01066867469879518,0.0,0.003993975903614458,0.0009879518072289156,0.0,0.3379277108433735,0.0010602409638554217
4912686098,0.08587951807228915,0.22556626506024094,0.026072289156626502,0.44822891566265055,0.07577710843373495,0.0,0.026132530120481928,0.005933734939759036,0.00086144578313253,0.10456626506024096,0.0009819277108433738
4918999221,0.11406024096385542,0.0026265060240963857,0.21167469879518072,0.42788554216867464,0.015114457831325303,0.0,0.037650602409638564,0.0012771084337349398,6.0240963855421675e-06,0.18916265060240964,0.0005421686746987952
4919012305,0.1647710843373494,0.011813253012048192,0.30803614457831324,0.3376566265060241,0.0447289156626506,0.0,0.024951807228915664,0.0041204819277108435,7.83132530120482e-05,0.10230722891566266,0.0015361445783132533
4919012315,0.03477710843373494,0.06174096385542169,0.31137349397590364,0.10707831325301204,0.0822590361445783,9.036144578313252e-05,0.03159638554216868,0.0015963855421686744,2.4096385542168674e-05,0.30710240963855423,0.062361445783132526
4922244491,0.03138554216867471,0.09275903614457832,0.06293975903614459,0.1032289156626506,0.15875301204819278,1.8072289156626505e-05,0.0263433734939759,0.0018373493975903613,6.0240963855421675e-06,0.5055903614457832,0.01713855421686747
4928814004,0.22504819277108434,0.04220481927710843,0.007825301204819276,0.2784638554216867,0.31383132530120483,0.0,0.008162650602409638,0.012469879518072291,0.00033132530120481927,0.11103614457831323,0.0006265060240963857
4930867307,0.20727710843373492,0.05468072289156626,0.03444578313253012,0.23013253012048196,0.02037951807228916,0.0,0.00853012048192771,0.0022349397590361447,0.0,0.4422831325301205,3.614457831325301e-05
4934528512,0.14142771084337347,0.010048192771084338,0.05560240963855422,0.1564578313253012,0.14310240963855422,0.0,0.0031626506024096386,0.004644578313253012,0.0001746987951807229,0.4785843373493976,0.006795180722891567
5041767379,0.005312,0.0,0.5339093333333333,0.0,0.007205333333333334,0.008661333333333333,0.0,0.0,0.00036266666666666663,0.0,0.44454933333333335
5041772573,0.09394666666666665,0.047157333333333336,0.535888,0.010026666666666666,0.031504,0.02909866666666666,0.0031466666666666665,0.002922666666666667,0.003882666666666666,0.01968,0.22274666666666668
5041829373,0.09196774193548388,0.04279354838709677,0.08011612903225807,0.4398193548387097,0.05214838709677419,0.0,0.0004,0.0010774193548387097,0.00023870967741935483,0.2913290322580645,0.00010967741935483872
5041872853,0.01818666666666667,0.091024,0.5651146666666667,0.05973866666666666,0.0020373333333333333,0.07124266666666665,0.001648,0.0002293333333333333,0.0048906666666666656,0.16841066666666665,0.017477333333333334
5042020745,0.07437333333333332,0.0,0.624096,0.00128,0.095856,0.002645333333333333,0.001456,1.6e-05,0.002117333333333333,0.06757333333333332,0.13058666666666666
5042415222,0.24016,0.03690666666666666,0.2947573333333333,0.18170666666666666,0.018794666666666668,0.0046026666666666655,0.0013173333333333331,0.008826666666666665,0.010506666666666666,0.191216,0.011205333333333331
5098166243,0.014852589641434263,0.4563027888446215,0.3171474103585657,0.06376892430278884,0.039474103585657366,0.0051633466135458175,0.01811155378486056,0.004565737051792829,0.0013306772908366533,0.03854980079681275,0.04073306772908367
509939988,0.06588266666666667,0.4428533333333333,0.11408533333333333,0.2737173333333333,0.033301333333333336,1.0666666666666667e-05,0.014378666666666666,0.003445333333333333,2.666666666666667e-05,0.04096,0.011338666666666669
509939994,0.08936533333333335,0.371776,0.17058133333333333,0.19499733333333333,0.05759466666666666,2.133333333333333e-05,0.018784,0.004789333333333333,6.4e-05,0.06733866666666667,0.024688
509940000,0.07749333333333333,0.025354666666666668,0.14029866666666665,0.5286506666666667,0.027296,0.00011200000000000001,0.021413333333333333,0.002,2.133333333333333e-05,0.17578133333333334,0.0015786666666666664
509940004,0.15216533333333335,0.10706666666666667,0.21114133333333326,0.3163573333333333,0.021562666666666667,0.0,0.0023733333333333328,0.0012693333333333333,1.6e-05,0.186272,0.0017760000000000002
509940010,0.029541333333333333,0.09616,0.35897066666666666,0.413408,0.025392,0.00036266666666666663,0.007418666666666665,0.002032,0.00014933333333333332,0.050741333333333326,0.015824
512080155,0.15188266666666667,0.28490666666666664,0.09538666666666665,0.2417973333333333,0.06089066666666666,0.0,0.030858666666666663,0.0013653333333333336,5.333333333333334e-06,0.11242666666666666,0.02048
