10041229826,0.07756156156156156,0.367927927927928,0.252,0.031117117117117118,0.16061261261261262,0.0011591591591591593,0.08559159159159159,0.0024744744744744744,0.005555555555555557,0.002600600600600601,0.0133993993993994
10041267194,0.06672072072072073,0.3515915915915916,0.2916936936936937,0.16147147147147148,0.012216216216216215,0.0017417417417417418,0.07487087087087088,0.004912912912912913,0.02363963963963964,0.008216216216216219,0.002924924924924925
10041290516,0.10034834834834837,0.18816816816816814,0.30646246246246245,0.03316516516516516,0.034522522522522525,0.004306306306306306,0.2797237237237237,0.0018978978978978977,0.022924924924924924,0.022498498498498498,0.005981981981981982
10041384303,0.07606006006006007,0.35143543543543543,0.3392912912912913,0.05924324324324325,0.010858858858858858,0.004480480480480479,0.11562762762762765,0.003867867867867868,0.03003003003003003,0.006576576576576576,0.002528528528528529
10427928396,0.037754666666666666,0.16096533333333332,0.43905066666666653,0.04338133333333333,0.005152,0.010613333333333334,0.176272,0.013413333333333331,0.02448533333333333,0.06699733333333334,0.021914666666666662
10427994505,0.5060373333333333,0.13836266666666666,0.04895466666666666,0.06463466666666667,0.14682133333333333,0.0,0.0002613333333333333,0.0002933333333333333,0.000928,0.09370666666666666,0.0
10427997426,0.12401600000000002,0.05427733333333333,0.10450666666666666,0.16210133333333332,0.3157973333333333,0.0015733333333333333,0.0010186666666666666,0.0007253333333333333,0.004608,0.23002666666666666,0.0013493333333333332
10428014596,0.004362666666666667,0.0027413333333333326,0.6230506666666666,0.26554666666666665,0.0008746666666666667,0.004357333333333334,0.008992,0.0027306666666666673,9.6e-05,0.072288,0.01496
10428041154,0.0236,0.37216,0.3648213333333333,0.075792,0.004304,0.10173866666666667,0.020672,0.008037333333333334,0.022704,0.002629333333333333,0.003541333333333333
10428093793,0.052294294294294295,0.0707927927927928,0.3411471471471472,0.18935735735735734,0.1848588588588589,0.06575975975975976,0.016066066066066066,0.0007987987987987989,0.01520720720720721,0.04639039039039039,0.01732732732732733
10428164733,0.06459733333333334,0.369904,0.243152,0.20890666666666666,0.08579733333333332,0.0003733333333333333,0.0019146666666666667,0.000688,0.0006666666666666666,0.0011093333333333333,0.02289066666666667
10428180233,0.0835135135135135,0.13543543543543546,0.15643243243243246,0.10888888888888887,0.07439039039039039,0.0005885885885885886,0.011567567567567568,0.009723723723723723,0.0051711711711711714,0.3690510510510511,0.045237237237237236
10428221063,0.08279466666666667,0.11971199999999999,0.6015146666666666,0.04454933333333334,0.005221333333333333,0.010725333333333332,0.07048533333333333,0.009690666666666669,0.025888,0.017344,0.012074666666666666
10445086536,0.029546666666666662,0.003978666666666667,0.497872,0.38026666666666653,0.008885333333333334,0.0003093333333333333,0.004048,6.933333333333333e-05,0.0,0.06975466666666667,0.0052693333333333325
10445375913,0.024402402402402403,0.09384384384384384,0.2127087087087087,0.6284384384384384,0.008984984984984986,0.0,0.0016696696696696695,0.004162162162162162,0.0010930930930930932,0.02229429429429429,0.0024024024024024023
10686632825,0.15264670658682636,0.007431137724550898,0.5195508982035928,0.06265269461077844,0.07010179640718563,0.0013832335329341315,0.0771317365269461,0.004425149700598803,0.021221556886227545,0.08019161676646705,0.003263473053892216
10686637655,0.294565,0.01068,0.170615,0.092315,0.080705,0.00055,0.018205,0.00036,0.009965000000000002,0.318245,0.003795
10686650375,0.026706586826347304,0.0,0.6951497005988024,0.26952694610778444,0.006580838323353293,3.5928143712574846e-05,0.0007964071856287424,7.784431137724549e-05,0.0,7.185628742514969e-05,0.0010538922155688623
10686675996,0.27091017964071856,0.002502994011976048,0.011562874251497006,0.16929940119760478,0.01924550898203593,0.0,0.007095808383233533,0.0002275449101796407,5.9880239520958085e-06,0.5191497005988024,0.0
10686677944,0.13809580838323354,0.04474850299401197,0.08073053892215569,0.5317005988023952,0.0147125748502994,0.00030538922155688616,0.05487425149700599,0.013461077844311378,0.00762874251497006,0.10333532934131737,0.010407185628742516
10686683314,0.17423353293413174,0.02258083832335329,0.17220958083832336,0.14180239520958085,0.17670658682634727,0.0,0.004035928143712575,0.004089820359281436,0.002221556886227545,0.301125748502994,0.000994011976047904
10686686044,0.3348288288288288,0.00801801801801802,0.20469069069069068,0.037621621621621616,0.0005825825825825825,0.005855855855855856,0.19210810810810808,0.011369369369369369,0.0876996996996997,0.11708108108108108,0.00014414414414414415
10686690554,0.2171197604790419,0.011359281437125748,0.29448502994011977,0.23471257485029934,0.021473053892215568,0.0029461077844311376,0.020125748502994013,0.012634730538922155,0.03182035928143712,0.14853892215568862,0.004784431137724551
10686694456,0.08852694610778444,1.7964071856287423e-05,0.6832994011976048,0.22364670658682634,0.0039401197604790415,0.0,0.0002275449101796407,0.00020958083832335326,0.0001317365269461078,0.0,0.0
10686860083,0.09087687687687687,0.013687687687687687,0.2998798798798799,0.3000960960960961,0.004738738738738738,0.15110510510510514,0.01975975975975976,0.0016876876876876874,0.05117717717717718,0.06335735735735737,0.0036336336336336337
10686863483,0.094125748502994,0.17461077844311376,0.20899401197604792,0.02983233532934132,0.3464790419161677,8.982035928143712e-05,0.00844311377245509,0.0019341317365269464,0.0036706586826347307,0.13159281437125747,0.0002275449101796407
10686864713,0.25149700598802394,0.0001317365269461078,0.28694011976047906,0.4136467065868264,0.034491017964071856,0.0,0.0008802395209580837,0.00010778443113772453,1.7964071856287423e-05,0.012281437125748505,5.9880239520958085e-06
10686868393,0.08159281437125747,0.0,0.3882035928143713,0.017526946107784432,0.0005868263473053892,0.0688562874251497,0.2389820359281437,0.0012395209580838324,0.20182634730538926,0.00022155688622754489,0.0009640718562874252
10686877993,0.08011377245508983,0.00039520958083832334,0.09675449101796407,0.051383233532934135,0.4738862275449102,0.0026047904191616768,0.010365269461077844,0.00034131736526946105,0.004239520958083832,0.278311377245509,0.0016047904191616765
10686882603,0.11781437125748505,0.2600838323353293,0.2177125748502994,0.3492634730538922,0.004544910179640718,4.790419161676647e-05,0.033479041916167664,0.00048502994011976046,0.0009580838323353293,0.015221556886227543,0.00038922155688622754
11429035764,0.03700266666666667,0.006933333333333333,0.7060853333333333,0.12554133333333334,0.009477333333333334,2.666666666666667e-05,0.017461333333333332,0.001546666666666667,0.00043733333333333336,0.0926773333333333,0.0028106666666666666
11429040214,0.09865066666666665,0.3225653333333333,0.2929493333333333,0.21448533333333333,0.04264,0.006874666666666665,0.002298666666666667,0.0007466666666666666,0.01744,0.000848,0.0005013333333333333
11429070336,0.07901333333333335,0.2969013333333333,0.27781333333333336,0.021989333333333333,0.12689066666666668,0.014565333333333331,0.004928,0.0007093333333333332,0.0063146666666666655,0.12582933333333332,0.045045333333333326
11429170003,0.06876266666666667,0.0,0.649968,0.20909866666666665,0.002117333333333333,0.0,0.06914666666666665,1.0666666666666667e-05,0.0,0.000896,0.0
11429175363,0.44666666666666666,0.002298666666666667,0.3182613333333333,0.052704,0.056853333333333325,0.0006453333333333334,0.032597333333333325,0.0021813333333333333,0.001696,0.08059733333333334,0.005498666666666666
11494181795,0.127424,0.00039466666666666665,0.5870186666666666,0.2412693333333333,0.0011786666666666664,5.8666666666666665e-05,0.025354666666666668,0.0003893333333333333,4.8e-05,0.016848,1.6e-05
11494188455,0.11358399999999999,0.009765333333333334,0.614032,0.178688,0.002528,5.333333333333334e-06,0.008581333333333333,0.002106666666666667,0.000128,0.07043733333333334,0.000144
11494195405,0.06296,0.3540213333333333,0.326224,0.06405333333333334,0.139808,0.010581333333333331,0.006405333333333333,0.000816,0.0044,0.004981333333333332,0.02574933333333333
11494476485,0.112464,0.16893333333333332,0.475072,0.002384,0.031696,0.08189866666666665,0.08836266666666667,0.0011466666666666667,0.033173333333333326,9.6e-05,0.0047733333333333326
11494476694,0.07164266666666666,0.20298666666666668,0.5646346666666666,0.023194666666666662,0.005573333333333333,0.007429333333333333,0.07881066666666665,0.005344,0.03016,0.005728,0.004496
11494541456,0.053829333333333326,0.17804266666666665,0.5799946666666665,0.029066666666666668,0.0077333333333333325,0.00704,0.08780799999999998,0.006714666666666666,0.034250666666666665,0.009562666666666669,0.0059573333333333344
11494558263,0.08093333333333333,0.14735466666666666,0.659776,0.015077333333333331,0.019856,0.005872,0.025082666666666663,0.002629333333333333,0.037888,0.00328,0.002250666666666667
11494570706,0.019888,0.44941866666666663,0.4299093333333333,0.0016053333333333336,0.0002506666666666667,0.02621333333333333,0.0075626666666666655,0.0002506666666666667,0.06482133333333333,0.0,8e-05
11494572763,0.07914133333333331,0.21058666666666667,0.51936,0.005130666666666667,0.04257066666666666,0.03691733333333334,0.05528,0.0015893333333333337,0.04300266666666666,0.0019946666666666667,0.0044266666666666656
11494578336,0.02989333333333333,0.419184,0.394704,0.084016,0.018256,0.004053333333333332,0.009888,0.000768,0.03909866666666666,9.6e-05,4.266666666666666e-05
1806437297,0.21947733333333333,0.0004586666666666666,0.240352,0.07733866666666665,0.00024,0.0,0.18525866666666665,0.020138666666666662,0.0156,0.241136,0.0
1806444675,0.06278933333333334,0.002634666666666667,0.2495786666666667,0.09098133333333332,0.0010346666666666666,0.0,0.2921813333333333,0.02720533333333333,0.057973333333333335,0.21476266666666666,0.0008586666666666666
1806449883,0.157136,0.001104,0.297824,0.2595893333333333,0.033978666666666664,5.333333333333334e-06,0.078448,0.047648,0.004069333333333334,0.118992,0.0012053333333333336
1806451331,0.042629333333333325,0.06328,0.10002133333333334,0.5516106666666666,0.044816,0.00033066666666666666,0.051829333333333324,0.016416,0.007216,0.12112533333333332,0.0007253333333333333
1806453489,0.226048,0.06565333333333333,0.024122666666666667,0.362416,0.013754666666666669,0.0,0.021584,0.023477333333333333,0.006042666666666666,0.2568693333333333,3.2e-05
1806455411,0.206416,0.088864,0.026906666666666662,0.3936693333333333,0.014416,0.01272,0.013824,0.014869333333333332,0.003648,0.22448533333333331,0.00018133333333333331
1806459121,0.07239466666666665,0.08218133333333331,0.24622399999999997,0.3402826666666667,0.032517333333333336,0.00023466666666666666,0.06837333333333333,0.05273066666666666,0.0048906666666666656,0.09435733333333331,0.005813333333333334
1806463491,0.077632,0.009466666666666665,0.07092800000000002,0.5504106666666667,0.003856,0.0,0.013845333333333331,0.010106666666666668,0.0,0.2637546666666667,0.0
1807288870,0.20306666666666667,0.0003413333333333333,0.095056,0.06823466666666667,4.8e-05,0.0,0.4709866666666666,0.04343466666666667,0.014709333333333331,0.10412266666666667,0.0
1807291566,0.3038933333333333,0.097552,0.130016,0.208864,0.050133333333333335,0.000384,0.064576,0.09845333333333331,0.017450666666666666,0.02704533333333333,0.001632
1807296328,0.111376,0.09762133333333331,0.21613333333333332,0.461728,0.018938666666666663,0.0,0.007258666666666666,0.022544,3.2e-05,0.064368,0.0
1807313938,0.22338133333333327,0.08568533333333332,0.011685333333333334,0.612976,0.00152,0.0,0.00288,0.003397333333333333,0.0,0.058469333333333325,5.333333333333334e-06
1807314902,0.079168,0.25496,0.06699733333333334,0.5204746666666666,0.033136,0.0,0.00392,0.0008693333333333333,0.0,0.040314666666666665,0.00016
1807316072,0.022234666666666663,0.012650666666666666,0.01717866666666666,0.9220693333333332,0.005610666666666666,0.0,0.0048053333333333325,0.0011893333333333333,0.0,0.014261333333333334,0.0
1807319362,0.15205333333333335,0.0019093333333333332,0.11889066666666667,0.40953066666666665,0.00416,0.0,0.038901333333333336,0.008234666666666666,0.00021333333333333333,0.2660853333333333,2.133333333333333e-05
2432861455,0.20793066666666668,0.2960693333333333,0.18767466666666666,0.11378133333333333,0.09097066666666669,6.933333333333333e-05,0.028912,0.007002666666666666,0.00912533333333333,0.05571733333333333,0.0027466666666666672
2432861631,0.227872,0.2759573333333333,0.15764266666666665,0.15557333333333334,0.07528533333333333,3.2e-05,0.018576,0.003504,0.004261333333333333,0.07845866666666665,0.0028373333333333328
2432861753,0.016490666666666667,0.04762666666666666,0.398208,0.481536,0.045392,4.8e-05,0.003376,0.0014933333333333333,0.002704,0.0013706666666666667,0.0017546666666666667
2432862469,0.16650133333333333,0.122272,0.2450133333333333,0.3840266666666666,0.075312,0.0,0.001376,0.0016,0.000528,0.0021706666666666667,0.0012
2432862785,0.01083733333333333,0.00011733333333333333,0.8246186666666667,0.09096533333333333,0.013647999999999999,0.0008746666666666667,0.025856,0.0044,0.0007573333333333334,0.0037226666666666662,0.024202666666666667
2433675496,0.12403733333333332,0.054613333333333326,0.3436853333333333,0.016778666666666667,0.14882133333333333,0.004298666666666667,0.186432,0.017061333333333338,0.03704,0.05397866666666666,0.013253333333333334
2433675624,0.3822986666666667,0.01232,0.18186666666666668,0.056773333333333335,0.07182933333333333,0.0,0.004656,0.06248533333333332,0.0003413333333333333,0.22491733333333333,0.002512
2433675744,0.030128,0.10424000000000001,0.17540266666666668,0.029770666666666667,0.06756266666666666,0.0010826666666666669,0.319936,0.12234666666666667,0.13109333333333334,0.01806933333333333,0.000368
2433675946,0.040256,0.3470613333333333,0.22026666666666667,0.015434666666666666,0.25556266666666666,0.000528,0.019184,0.00856,0.016517333333333332,0.059653333333333336,0.016976
2433676300,0.119424,0.40930666666666665,0.15458666666666668,0.13456,0.16548266666666667,0.00021333333333333333,0.003733333333333333,0.0020906666666666665,0.0030346666666666673,0.0020586666666666665,0.005509333333333333
2433676472,0.308512,0.2554133333333333,0.10605333333333332,0.21206933333333333,0.060112,0.0,0.013338666666666669,0.004357333333333334,0.0022133333333333328,0.036762666666666666,0.001168
2433677046,0.06116266666666665,0.06472533333333333,0.40465066666666666,0.4260533333333333,0.029327999999999996,2.133333333333333e-05,0.001344,0.0003253333333333333,0.00036266666666666663,0.0020426666666666666,0.009984
2433677360,0.039872,0.560736,0.029248000000000003,0.14997866666666668,0.209936,0.0,0.0007946666666666667,0.0032746666666666666,5.333333333333334e-06,0.005802666666666666,0.000352
2433679204,0.17941866666666667,0.00013333333333333334,0.32382933333333336,0.03177066666666667,0.000912,0.00011200000000000001,0.41586666666666666,0.009317333333333332,0.038165333333333336,7.466666666666666e-05,0.0004
2433680752,0.04434133333333334,0.40664533333333336,0.2327946666666667,0.026938666666666663,0.03512,0.001472,0.172336,0.006042666666666666,0.057925333333333336,0.008645333333333333,0.007738666666666665
2828701151,0.10406933333333332,0.262368,0.299504,0.075856,0.017706666666666666,0.019578666666666668,0.01637333333333333,0.00688,0.042138666666666665,0.13678933333333335,0.018736
2828701349,0.052597333333333336,0.000448,0.5557493333333333,0.01853333333333333,0.003872,0.105248,0.011376,0.00176,0.08272533333333333,0.11566400000000002,0.052026666666666666
2828701829,0.047722666666666656,0.179424,0.2519893333333333,0.13669866666666666,0.032106666666666665,0.001941333333333333,0.005274666666666667,0.0028853333333333326,0.009813333333333332,0.29108266666666666,0.041061333333333325
2828701983,0.1124,0.006042666666666666,0.3614826666666667,0.10189333333333334,0.11977066666666665,0.00011733333333333333,0.0024213333333333326,0.004016,0.003578666666666666,0.2399253333333333,0.048352
2828702301,0.29863466666666666,0.027610666666666662,0.2491893333333333,0.13045333333333334,0.10732266666666666,0.0007413333333333333,0.002906666666666667,0.0020853333333333327,0.0019466666666666664,0.17041066666666665,0.008698666666666667
2829537930,0.2621493333333333,0.040032,0.16113066666666667,0.021616,0.04609066666666666,0.21811733333333333,0.04279466666666666,0.008378666666666666,0.06956266666666665,0.07274666666666665,0.057381333333333326
2829538232,0.01162133333333333,0.0039626666666666656,0.3321653333333333,0.2498933333333333,0.16504533333333332,0.0012586666666666664,0.017637333333333338,0.010906666666666669,0.007072,0.17856533333333333,0.021872
2829538310,0.08189866666666665,3.733333333333333e-05,0.39098666666666665,0.2609173333333333,0.06787733333333333,4.8e-05,0.001376,0.0009066666666666666,0.00021866666666666668,0.09598933333333333,0.09974400000000001
2829538424,0.0748,0.011722666666666666,0.514304,0.14746666666666666,0.03592533333333333,0.0004053333333333333,0.0038666666666666663,0.0009226666666666668,5.8666666666666665e-05,0.050736,0.159792
2829538628,0.087728,0.0070986666666666655,0.6074506666666666,0.07787733333333334,0.084336,4.266666666666666e-05,0.00336,0.0025546666666666665,0.001008,0.05199466666666666,0.07654933333333333
2829538812,0.49583999999999995,0.0,0.34852266666666665,0.053461333333333326,0.010352,0.001408,0.0020693333333333327,0.0005866666666666667,0.0006026666666666667,0.045957333333333336,0.0412
2829539120,0.5189866666666667,0.002517333333333333,0.222256,0.011184,0.00144,0.08523733333333333,0.000192,0.00016533333333333333,0.000496,0.009701333333333331,0.147824
2829539204,0.17400533333333335,0.044304,0.4756693333333333,0.015072,0.003093333333333333,0.12549333333333335,0.049674666666666666,0.004298666666666667,0.04980266666666666,0.049248,0.009338666666666669
2829539274,0.07544,0.0,0.8093973333333333,0.025264,0.007354666666666666,0.01005333333333333,0.02381333333333333,0.00152,0.007104,0.01882133333333333,0.021232
2976144,0.0010346666666666666,0.0,0.1868,0.0007893333333333333,0.0,0.0,0.5576426666666666,0.004272,0.2494453333333333,1.6e-05,0.0
2976167,0.10565333333333334,1.6e-05,0.189984,0.20501333333333333,0.02246933333333333,0.0,0.010789333333333331,0.0002666666666666667,0.000144,0.4655253333333334,0.00013866666666666666
2976176,0.132832,0.12382933333333332,0.2413973333333333,0.374144,0.003456,5.333333333333334e-06,0.0023893333333333327,0.00056,2.666666666666667e-05,0.11917333333333335,0.0021866666666666666
2976181,0.11213866666666666,0.000624,0.28148266666666666,0.44387733333333335,0.002192,0.0,0.059866666666666665,0.0014826666666666664,0.0,0.098336,0.0
2976189,0.00014933333333333332,0.0,0.97264,0.0030293333333333327,0.0002933333333333333,0.0007413333333333333,0.012357333333333331,6.4e-05,6.4e-05,0.002144,0.008517333333333333
2976199,4.266666666666666e-05,0.0,0.8960373333333334,0.002517333333333333,0.00014933333333333332,0.02909866666666666,0.005776,0.00012266666666666668,0.00015466666666666667,0.0010506666666666668,0.06505066666666667
2976213,0.000208,0.0,0.8664266666666666,0.00046399999999999995,0.00021866666666666668,0.035397333333333336,0.003616,4.8e-05,0.0005493333333333333,0.001536,0.091536
2976218,0.19333333333333333,0.0008426666666666667,0.10500799999999999,0.5612,0.006869333333333333,0.000352,0.05379199999999999,0.004704,0.0041653333333333325,0.06929066666666667,0.0004426666666666666
2976220,0.0004,0.0,0.040565333333333335,0.9586773333333332,6.4e-05,0.0,8e-05,0.00021333333333333333,0.0,0.0,0.0
2976227,0.0052,1.0666666666666667e-05,0.35824,0.215248,0.001264,0.0,0.001072,0.00023466666666666666,4.8e-05,0.4184853333333333,0.00019733333333333327
2976228,0.048725333333333336,0.00010666666666666668,0.21017600000000003,0.4640693333333333,0.007610666666666666,0.0,0.0031786666666666673,0.0006933333333333333,0.0,0.2654186666666667,2.133333333333333e-05
2976229,0.037962666666666665,0.00021333333333333333,0.8192373333333333,0.020906666666666667,0.023872,0.000304,0.04572266666666666,0.00012266666666666668,0.0016586666666666664,0.047002666666666665,0.0029973333333333328
2976230,0.09318933333333332,5.333333333333334e-06,0.4637013333333334,0.020432,0.00031466666666666665,0.0,0.004192,0.035242666666666665,0.016832,0.3660906666666667,0.0
2976232,0.03429333333333333,0.0,0.5914826666666667,0.0058506666666666655,0.0013226666666666669,9.6e-05,0.002101333333333333,0.0005333333333333334,0.04823466666666666,0.3160853333333333,0.0
3259031037,0.06712,9.066666666666667e-05,0.489296,0.18021333333333334,0.031530666666666665,0.008613333333333334,0.02017066666666667,0.000128,0.001002666666666667,0.13621333333333333,0.06562133333333334
3259032369,0.10537066666666668,0.15501866666666667,0.425024,0.23092266666666664,0.03138666666666667,0.003946666666666666,0.0066293333333333326,0.001504,0.002458666666666667,0.01098133333333333,0.02675733333333333
3259033655,0.21886933333333333,0.0028,0.3129226666666667,0.29994666666666664,0.00033066666666666666,0.0057013333333333326,0.021232,0.038629333333333335,0.023434666666666663,0.07451199999999998,0.0016213333333333336
3259034411,0.08162133333333332,0.0004693333333333333,0.4777333333333333,0.0026773333333333328,0.0009386666666666666,0.325504,0.02800533333333333,0.00020266666666666667,0.028154666666666668,0.002117333333333333,0.052576
3259036071,0.08540266666666665,0.00056,0.179648,0.21850666666666665,1.0666666666666667e-05,0.0,0.32217066666666666,0.13976,0.023845333333333333,0.030096,0.0
3259037865,0.13899733333333333,0.275552,0.261952,0.17549333333333333,0.010592,0.02622933333333333,0.02098133333333333,0.007104,0.0034826666666666665,0.078832,0.0007839999999999998
3259067025,0.21876266666666666,0.00011200000000000001,0.4920106666666666,0.01805333333333333,0.023898666666666662,0.01847466666666667,0.008794666666666668,0.0005333333333333334,0.10992,0.10517333333333333,0.004266666666666666
3259067845,0.089312,0.042304,0.029898666666666667,0.379616,0.0006506666666666666,0.0,0.000352,0.004448,0.0,0.4534186666666666,0.0
3259068153,0.004901333333333333,0.003605333333333333,0.611872,0.32336,0.0037226666666666662,5.333333333333334e-06,0.0010453333333333332,0.0008213333333333333,5.333333333333333e-05,0.04975466666666666,0.0008586666666666666
3259863278,0.144,0.019328,0.11867733333333333,0.14705066666666666,0.01464,5.333333333333334e-06,0.04594133333333333,0.0016533333333333333,0.052661333333333324,0.4537813333333333,0.0022613333333333326
3259863724,0.094176,0.027408,0.2937813333333333,0.4865866666666666,0.011130666666666669,0.008826666666666665,0.035173333333333334,0.017685333333333334,0.000528,0.006010666666666666,0.018693333333333333
3259867328,0.011818666666666668,0.003136,0.2745546666666667,0.0030453333333333326,0.0,0.030869333333333325,0.33626666666666666,0.044368,0.12678933333333334,0.16894933333333334,0.00020266666666666667
3259869418,0.042901333333333326,0.039776,0.6223146666666666,0.11374933333333333,0.032469333333333336,0.014368,0.034549333333333335,0.012863999999999999,0.004293333333333333,0.05993066666666666,0.022784
3259898966,0.039856,0.049301333333333336,0.526448,0.050896,0.009882666666666666,0.0020746666666666665,0.006336,0.00013333333333333334,0.0019253333333333332,0.10330666666666667,0.20984
3259899290,0.09449066666666665,0.03176533333333333,0.06274666666666667,0.7002026666666666,0.006938666666666666,5.333333333333334e-06,0.018117333333333333,0.016378666666666666,0.0006773333333333333,0.06768,0.0009973333333333331
3292055233,0.04243843843843844,0.0012252252252252251,0.20586186186186187,0.013231231231231232,0.2847927927927928,0.0002042042042042042,0.0061381381381381385,0.0003423423423423424,0.004780780780780781,0.41218618618618613,0.0287987987987988
3292081585,0.0023663663663663665,0.004066066066066066,0.27575375375375377,0.3285105105105105,0.04136936936936937,0.00642042042042042,0.05674474474474475,0.0003123123123123123,0.0005825825825825825,0.2467267267267267,0.03714714714714715
3292090591,0.3011231231231231,0.0,0.08893093093093092,0.16806006006006005,0.0267987987987988,0.0,0.0024264264264264265,0.00038438438438438444,0.0017717717717717718,0.4105045045045045,0.0
3292095023,0.09203603603603604,3.603603603603604e-05,0.5738618618618618,0.022090090090090088,0.0033873873873873873,4.8048048048048055e-05,0.0036696696696696695,0.0006666666666666666,0.2583423423423423,0.04585585585585585,6.006006006006007e-06
3292117677,0.13672672672672673,0.0,0.8421081081081081,0.0031951951951951947,0.0018738738738738735,0.0033453453453453448,0.0034474474474474478,1.2012012012012014e-05,0.0004984984984984984,0.0038378378378378375,0.004954954954954954
3292144501,0.05132132132132132,0.024624624624624624,0.010678678678678678,0.3344024024024024,0.026072072072072072,0.0,0.0227987987987988,0.002354354354354355,5.4054054054054054e-05,0.5276936936936937,0.0
3292294323,0.0110990990990991,0.0,0.6564264264264265,0.0005405405405405405,0.00019219219219219217,0.12672072072072071,0.16117717717717714,1.2012012012012014e-05,0.009093093093093092,0.03454054054054054,0.00019819819819819816
3292317977,0.0035195195195195195,0.0,0.8080660660660659,0.0033933933933933936,0.05227627627627628,0.11207207207207208,0.00727927927927928,1.8018018018018016e-05,0.0015255255255255257,0.00017417417417417416,0.011675675675675677
3292872806,0.029957957957957963,0.0281021021021021,0.10593993993993994,0.5240960960960961,0.13012012012012011,0.0014474474474474475,0.05088288288288288,0.007597597597597597,0.02439039039039039,0.09578978978978979,0.0016756756756756755
3292900142,0.013591591591591592,0.005447447447447447,0.6138558558558559,0.0065405405405405395,0.0001021021021021021,0.1967987987987988,0.13643843843843845,0.00016816816816816817,0.02129129129129129,0.00016816816816816817,0.005597597597597597
3292905084,0.02491891891891892,0.0,0.4888888888888889,0.002510510510510511,4.204204204204204e-05,0.02075075075075075,0.158018018018018,0.0011951951951951953,0.3036156156156156,6.006006006006006e-05,0.0
3292945476,0.033453453453453456,0.0012612612612612614,0.4792192192192192,0.13574774774774775,0.0026546546546546545,6.006006006006007e-06,0.016144144144144144,0.00011411411411411411,0.0005525525525525524,0.33084684684684684,0.0
3292953130,0.0367987987987988,0.026696696696696696,0.2891831831831832,0.2790930930930931,0.02130930930930931,0.010858858858858858,0.02463063063063063,0.004516516516516515,0.004714714714714714,0.27662462462462467,0.025573573573573573
3293118354,0.06846846846846846,0.0011651651651651653,0.6976576576576576,0.011495495495495495,0.010234234234234234,0.05424624624624624,0.07747747747747748,0.00024624624624624625,0.03130930930930931,0.04400600600600601,0.0036936936936936937
3293128036,0.012546546546546545,0.0,0.23954354354354354,0.0016336336336336336,0.18186186186186187,0.07410210210210211,0.42581981981981987,4.8048048048048055e-05,0.05010810810810811,0.00011411411411411411,0.014222222222222225
3298430031,0.010517333333333332,1.6e-05,0.34896,0.043018666666666656,0.008757333333333334,0.2452213333333333,0.007568,0.00020266666666666667,0.05325866666666666,0.2822826666666667,0.00019733333333333327
3298432953,0.053555555555555565,7.207207207207206e-05,0.511057057057057,0.04485285285285285,0.0031831831831831826,0.15841441441441442,0.13243843843843844,0.00015615615615615616,0.052684684684684686,0.02547747747747748,0.01810810810810811
3298433135,0.016666666666666666,0.0,0.358018018018018,0.0009189189189189187,1.8018018018018016e-05,0.34356156156156153,0.06821621621621622,1.2012012012012014e-05,0.21208408408408408,0.0004984984984984984,6.006006006006007e-06
3298433747,0.4320840840840841,6.006006006006007e-06,0.012186186186186186,0.4695015015015015,0.010510510510510513,0.0,0.00042042042042042044,9.609609609609608e-05,0.0,0.0751951951951952,0.0
3298433827,0.02117117117117117,0.00012612612612612612,0.3136216216216216,0.3996576576576577,0.1816696696696697,0.06741741741741741,0.004048048048048049,4.204204204204204e-05,0.003369369369369369,0.002972972972972973,0.005903903903903904
3298434111,0.29424024024024026,6.006006006006007e-06,0.4423843843843844,0.2492972972972973,0.010210210210210208,6.606606606606607e-05,0.0005045045045045045,0.00010810810810810812,4.8048048048048055e-05,0.0030510510510510513,8.408408408408409e-05
3298434489,0.14701501501501502,0.0036156156156156158,0.30218018018018017,0.4577417417417418,0.0335975975975976,0.0,0.002138138138138138,0.007099099099099098,0.0006786786786786785,0.04591591591591592,1.8018018018018016e-05
3299257052,0.07136336336336337,4.204204204204204e-05,0.4555015015015015,0.05742342342342342,0.06986786786786785,0.08234234234234233,0.0009549549549549551,9.009009009009008e-05,0.054138138138138135,0.20822222222222225,5.4054054054054054e-05
3299257220,0.0073273273273273265,0.0,0.44775375375375376,0.005543543543543543,0.00013213213213213214,0.4546006006006006,0.03915315315315315,0.00023423423423423422,0.043297297297297296,6.006006006006007e-06,0.001951951951951952
3299260498,0.4148828828828829,0.054210210210210205,0.3732072072072072,0.01810810810810811,0.0004444444444444444,0.03911711711711712,0.04618018018018018,0.00019819819819819816,0.0024204204204204198,0.028792792792792794,0.02243843843843844
3299260714,0.057909909909909914,0.0009669669669669668,0.3284024024024024,0.029963963963963964,0.00017417417417417416,0.2024144144144144,0.26844444444444443,0.0016336336336336336,0.09061861861861858,0.01870870870870871,0.0007627627627627627
3299261094,0.44383466666666666,5.8666666666666665e-05,0.10016533333333333,0.18351466666666666,0.055376,0.0,0.004154666666666667,0.004112,0.0003573333333333333,0.20829333333333333,0.00013333333333333334
3299261206,0.10089489489489488,3.003003003003003e-05,0.5765345345345345,0.1034114114114114,0.0016456456456456455,0.014312312312312312,0.018072072072072072,6.006006006006007e-06,0.005855855855855856,0.1786246246246246,0.0006126126126126127
3299261746,0.13515315315315315,0.0012852852852852856,0.09971771771771773,0.5983843843843843,0.028576576576576574,0.0,0.0039579579579579575,0.003741741741741741,0.00019819819819819816,0.12851051051051052,0.00047447447447447453
3299261820,0.14995795795795794,0.0010330330330330327,0.2014894894894895,0.5149189189189189,0.06616816816816816,0.0,0.0002882882882882883,0.00029429429429429435,0.0,0.06584984984984985,0.0
3530529589,0.13136,0.008202666666666667,0.10887466666666666,0.4660266666666666,0.11597866666666665,0.00020266666666666667,0.02488,0.005845333333333334,0.027226666666666663,0.10906666666666667,0.002336
3530756445,0.012005333333333331,0.04164266666666666,0.375632,0.06473066666666667,0.15438933333333332,0.000192,0.00914666666666667,0.0019253333333333332,0.005952,0.3080533333333333,0.026330666666666662
3530758573,0.07788266666666667,0.02574933333333333,0.259568,0.19323733333333332,0.13332266666666667,4.266666666666666e-05,0.02032533333333333,0.011728,0.007274666666666665,0.254032,0.016837333333333333
3530767989,0.18477333333333332,0.049893333333333324,0.06802133333333334,0.34625066666666665,0.20368,0.00032,0.01048,0.011818666666666668,0.0036266666666666665,0.09310933333333331,0.02802666666666666
3530775049,0.07866666666666665,0.03725866666666666,0.045856,0.43809066666666663,0.23780266666666666,0.00048,0.023888,0.015365333333333332,0.00264,0.08027199999999998,0.03968
3530782343,0.158992,0.258544,0.4948853333333333,0.041408,0.011472,2.133333333333333e-05,0.0051413333333333346,0.00898133333333333,0.006058666666666667,0.011349333333333331,0.0031466666666666665
3531574692,0.021290666666666663,2.666666666666667e-05,0.669056,0.06944533333333333,0.0028853333333333326,0.0004586666666666666,0.15822933333333333,0.005941333333333333,0.013578666666666666,0.057509333333333336,0.0015786666666666664
3531576730,0.042528,4.8e-05,0.43992,0.15261866666666668,0.0025866666666666672,0.00011733333333333333,0.255696,0.01942933333333333,0.036858666666666665,0.048864,0.0013333333333333333
3531584126,0.12215999999999999,0.06420266666666667,0.08642666666666665,0.4538506666666666,0.08618666666666665,0.000496,0.011616,0.01814933333333333,0.008304,0.08895999999999998,0.059648
3531586644,0.12459733333333335,0.042234666666666656,0.058096,0.419728,0.19783466666666666,0.000816,0.01953066666666667,0.020896,0.005232,0.07349866666666667,0.037536
3531591574,0.15236266666666667,0.08421333333333332,0.14401066666666668,0.31128533333333336,0.03145066666666667,0.0017760000000000002,0.0696,0.025248,0.014869333333333332,0.12471466666666667,0.040469333333333336
3531736142,0.06826133333333333,0.184768,0.513184,0.044608,0.0030293333333333327,0.001546666666666667,0.10015466666666667,0.01707733333333333,0.030624,0.030117333333333333,0.0066293333333333326
3770735523,0.047738666666666665,0.166736,0.25838933333333336,0.0015093333333333332,0.035781333333333325,0.2550826666666667,0.021909333333333333,0.0007519999999999998,0.038128,0.14520533333333333,0.028768
3770743117,0.010431999999999999,0.003061333333333333,0.515264,0.001616,0.0009706666666666666,0.10422933333333333,0.014741333333333334,0.0002613333333333333,0.03018133333333333,0.3078613333333333,0.011381333333333334
3770747503,0.017877333333333332,1.0666666666666667e-05,0.604592,0.02472533333333333,0.014341333333333331,0.08257066666666665,0.032304,0.00056,0.0045333333333333345,0.08158933333333332,0.136896
3770755143,0.008405333333333334,9.066666666666667e-05,0.13852266666666666,0.4805386666666666,0.26160533333333336,1.0666666666666667e-05,0.014341333333333331,0.0009173333333333332,0.00016,0.07965333333333334,0.01575466666666667
3770770479,0.08660266666666665,0.0,0.5908373333333333,0.07340266666666667,0.026730666666666663,0.009877333333333332,0.013418666666666669,0.011552,0.008250666666666665,0.137808,0.04152
3770779865,0.08987733333333332,0.006133333333333334,0.144528,0.5533813333333333,0.011434666666666666,0.0,0.09600533333333332,0.08639466666666665,0.006597333333333334,0.005648,0.0
3770801661,0.02331733333333333,0.000192,0.13135466666666668,0.6029333333333333,0.10345066666666666,0.0,0.0264,0.014096,0.0006133333333333334,0.09604266666666665,0.0016
3770817415,0.09995733333333333,0.009904,0.07108266666666667,0.6805653333333334,0.043829333333333324,0.0,0.005152,0.030672,4.8e-05,0.058789333333333325,0.0
3770828505,0.040357333333333335,0.0006613333333333333,0.400912,0.11865066666666667,0.13694933333333334,0.015125333333333331,0.023984,0.0014293333333333332,0.014544,0.22007466666666667,0.027312
3770849041,0.023536,0.0005973333333333333,0.3599306666666667,0.15223466666666666,0.09976,0.0036586666666666664,0.04826133333333334,0.005632,0.03715733333333333,0.261024,0.008208
3771541084,0.03678933333333333,0.0,0.3653333333333333,0.002768,0.213504,0.0009066666666666666,0.004122666666666666,0.000496,0.003504,0.3470613333333333,0.025514666666666668
3771560958,0.08485866666666665,0.061088,0.07624,0.11993066666666667,0.13146133333333335,2.133333333333333e-05,0.03312,0.26100266666666666,0.0008319999999999998,0.21767466666666666,0.013770666666666669
3771568410,0.17962666666666666,0.010005333333333331,0.18095466666666668,0.2592906666666667,0.007429333333333333,0.0,0.20255466666666666,0.119248,0.02378133333333333,0.017104,5.333333333333334e-06
3771573376,0.1044,0.0009973333333333331,0.3925706666666666,0.005178666666666666,0.003413333333333333,0.046368,0.016192,0.0041333333333333335,0.03399466666666666,0.385936,0.006816
3771662660,0.076624,0.00952,0.5081013333333333,0.03408,0.033856,0.012618666666666669,0.007285333333333335,0.002330666666666667,0.008645333333333333,0.262,0.04493866666666666
3985550,0.07483974358974359,0.009673076923076923,0.5319166666666667,0.14162179487179488,0.01285897435897436,0.0010128205128205126,0.02767307692307692,0.06616025641025641,0.029942307692307688,0.09411538461538461,0.010185897435897436
4458396589,0.02453333333333333,0.247376,0.3871733333333333,0.009744,0.022,0.003541333333333333,0.13306133333333334,0.01738666666666667,0.12806933333333334,0.024618666666666667,0.002496
4458397575,0.2768213333333333,0.044810666666666665,0.10034666666666668,0.107392,0.000304,0.0,0.19717866666666667,0.11425066666666668,0.002096,0.15679466666666667,5.333333333333334e-06
4458397675,0.13402133333333333,0.052069333333333336,0.03017066666666666,0.129488,0.000272,0.0,0.169792,0.333536,0.010757333333333334,0.139888,5.333333333333334e-06
4458397751,0.03343543543543544,0.04968168168168168,0.14548948948948948,0.0005225225225225224,9.609609609609608e-05,0.4431591591591592,0.08648048048048047,0.0007747747747747747,0.1292972972972973,0.05034834834834835,0.06071471471471473
4458401155,0.08396380090497738,0.09729411764705881,0.2706877828054299,0.15036199095022626,0.0905972850678733,1.8099547511312215e-05,0.031095022624434386,0.030325791855203618,0.013900452488687784,0.2305158371040724,0.0012398190045248866
4458401195,0.09465137614678899,0.2406788990825688,0.10188990825688074,0.15003669724770646,0.06672477064220184,0.0,0.0007614678899082568,0.01619266055045871,0.002954128440366973,0.3260091743119266,0.00010091743119266055
4459175892,0.07229333333333332,0.253584,0.3221226666666667,0.005130666666666667,0.0002773333333333333,0.010970666666666668,0.17272533333333334,0.007253333333333333,0.14735466666666666,0.004885333333333334,0.003402666666666667
4459176664,0.09698666666666665,0.038085333333333325,0.06261866666666667,0.018528,0.00011200000000000001,1.0666666666666667e-05,0.2823253333333333,0.20322666666666667,0.08109866666666665,0.21696,4.8e-05
4459176836,0.13723733333333332,0.052128,0.08753066666666667,0.12397333333333335,0.000496,0.0,0.2708053333333333,0.164416,0.028048000000000003,0.13536533333333334,0.0
4459177390,0.029589333333333325,2.666666666666667e-05,0.17998933333333333,0.0021706666666666667,0.00023466666666666666,0.12462933333333333,0.23033066666666666,0.0017813333333333331,0.3407146666666667,0.08260266666666667,0.007930666666666667
4459177806,0.09407466666666665,0.2655626666666667,0.2800053333333333,0.08022933333333332,0.077312,0.012464,0.04975466666666666,0.0036746666666666664,0.07691733333333335,0.049184,0.010821333333333334
4459177970,0.03721066666666667,0.0012586666666666664,0.3369973333333333,0.08010133333333333,0.023232,0.000352,0.13491199999999998,0.02452266666666667,0.13641066666666668,0.22339733333333334,0.0016053333333333336
4459178080,0.03008,0.0032106666666666672,0.242112,0.146064,0.0002933333333333333,5.333333333333334e-06,0.319584,0.05542933333333333,0.07626133333333332,0.126624,0.000336
4459178306,0.142912,0.00029866666666666664,0.28453866666666666,0.160528,0.01971733333333333,0.0,0.024186666666666662,0.02674666666666666,0.060810666666666666,0.2800746666666667,0.00018666666666666666
4459180662,0.09797333333333333,0.3483786666666667,0.202576,0.07252266666666665,0.2298293333333333,0.0,0.008325333333333334,0.01963733333333333,0.008432,0.009882666666666666,0.002442666666666667
50494601,0.05674626865671643,0.0039283582089552245,0.2980597014925373,0.19181492537313435,0.0610865671641791,0.0002865671641791045,0.019707462686567163,0.0005194029850746269,0.008728358208955221,0.3565492537313433,0.002573134328358209
50494635,0.20237611940298508,0.00013134328358208955,0.4048358208955224,0.01554626865671642,0.03320597014925372,0.08424477611940298,0.14941492537313433,0.0009432835820895524,0.013432835820895522,0.09121194029850746,0.0046567164179104475
50729151,0.1886029850746269,0.014197014925373138,0.005976119402985074,0.14199402985074627,0.022602985074626863,0.0,0.01635820895522388,0.0,0.0,0.6093014925373135,0.0009671641791044775
50729167,0.32933731343283584,0.0,0.3325492537313433,0.04754626865671642,0.04213731343283582,0.0001373134328358209,0.06770149253731343,9.552238805970148e-05,0.0015880597014925374,0.17419701492537312,0.00471044776119403
50729190,0.4553492537313433,5.970149253731344e-06,0.0324955223880597,0.034167164179104474,0.06580298507462687,0.00010149253731343284,0.0004358208955223881,3.582089552238807e-05,1.1940298507462685e-05,0.4108597014925373,0.0007343283582089551
50729239,0.029970149253731343,0.0,0.5259283582089552,0.00011940298507462688,0.09764776119402983,0.03425074626865672,0.003982089552238806,5.970149253731344e-06,2.388059701492537e-05,0.01478208955223881,0.293289552238806
