10041229826,0.1358788628835584,0.06094468508474987,0.031442992513862095,0.02554629393707761,0.028573508535653182,0.01590045984542399,0.04106456035622854,0.03297783278127616,0.0271781992016404,0.03497373178514662,0.014019825525667624,0.03208604811997234,0.024939637704898144,0.04906028949635399,0.08317863599412756,0.36223443623436336
10041267194,0.13418022543345587,0.06960166951795096,0.032243778740339,0.022482679964571275,0.0313216612674262,0.012915711183100984,0.042738931557043884,0.030715005035246726,0.02270714277047768,0.03609604581467865,0.011156408109780512,0.0336208883873864,0.022749608706730245,0.04926655261529502,0.08881447239107486,0.3593892185054417
10041290516,0.15436974484038873,0.06292845096397676,0.046239338016719436,0.024891105206323785,0.037952413885147834,0.016179521712226554,0.046773195501037375,0.03306883121610308,0.027784855433819877,0.04059136849512855,0.015979325155607325,0.03924459165969012,0.025054902389012243,0.060714155716521674,0.07420619032019315,0.2940220094881035
10041384303,0.1326514517283636,0.06806682925053689,0.03360268870042102,0.02269500964583409,0.03228624467659156,0.0138196289690484,0.04202307720307211,0.029265096640337787,0.022810274329948192,0.04003931132384522,0.011575000909984349,0.035004064596755605,0.021457430932187962,0.058875987333017875,0.08014535483323018,0.3556825489268251
10427928396,0.17000441444060424,0.07925535923856283,0.04897337338630662,0.02758487031234859,0.03840024979273663,0.019622726832262027,0.0433207360272188,0.041867200706310496,0.033894290297920904,0.04278777307621909,0.017345521496172356,0.03962767961928142,0.0233157832401994,0.06017097882145204,0.07543848315514065,0.2383905595572639
10427994505,0.11012414268333387,0.06886527342614425,0.03552547993582911,0.02960366936916567,0.03569236732452598,0.015240587012931081,0.050916803945002524,0.04210945659312855,0.019095147345413826,0.03981071740043283,0.012446569118296242,0.03939619066076639,0.021948383345715302,0.06196905584805711,0.06945207101865909,0.3478040849725981
10427997426,0.12501480452641667,0.08714213422052823,0.027278012855712398,0.028101682870893763,0.02736414828213659,0.01717325064332396,0.03247305576192168,0.03675829322652541,0.0231381289231995,0.047568289242761935,0.011622899103114872,0.03345822970164842,0.020979359798443103,0.07137935118490046,0.06604433821075185,0.3445040214477212
10428014596,0.15191059142737168,0.07997135997071396,0.05332859588488,0.024263272930865557,0.0425724345101586,0.01679640815271811,0.057656901062695824,0.03208006287886129,0.025113860266804483,0.058690526179786165,0.014250029609052832,0.045759445287853834,0.02181918020607901,0.06904831120729568,0.0720145999547789,0.2347244204700841
10428041154,0.1249071352433864,0.05626796731160568,0.050722999235548086,0.02398871625913843,0.04571099411049022,0.015622812967688447,0.05223036919797151,0.03445955403382968,0.021302367647533838,0.040370597672190096,0.01405084143544688,0.04695457432948954,0.021442337715473152,0.06885988996199274,0.06807928766002347,0.3150295552181918
10428093793,0.13963406496074934,0.07985415984178405,0.03263203872893386,0.02733592982200706,0.03240150936070566,0.014590082383916332,0.043460852473337454,0.035780584573945326,0.024496778655407128,0.04350331840959002,0.012327254637886895,0.03332362683361846,0.0221126196629418,0.056722357708780737,0.0797995607808879,0.32202526116550795
10428164733,0.11466240296305867,0.07401186515498993,0.028247036402984593,0.02561452243289512,0.03003434650128665,0.014056224899598391,0.04064515434391722,0.03559546496979877,0.020010336251170904,0.041048914155280634,0.010363168491661016,0.03198316052413407,0.02008032128514056,0.06798238530529625,0.06784779870150845,0.3778168976172788
10428180233,0.10034700736480666,0.0768026789939213,0.022403814654387944,0.02033511690265594,0.02934396195052112,0.010925878741552313,0.032595639355003085,0.02693553670876861,0.014638614882490688,0.04708259017944892,0.006655018867008821,0.03339642558148,0.015815527972918866,0.07790072677416615,0.05780220580206021,0.42701925526880935
10428221063,0.15065086081591786,0.06612509017302454,0.05171355663942634,0.02556068779138,0.050949104729911605,0.01667797194138484,0.05102985669218429,0.03656448851707096,0.03188087470525534,0.05146591728845677,0.016037339707354888,0.05192351174133531,0.024774702025259214,0.07365117305683862,0.06800930262605381,0.23298556154914565
10445086536,0.15252430634064407,0.09239639523240414,0.04489809102361187,0.027315697104772975,0.03901396470600902,0.013496344627841123,0.052601828224425856,0.0307611141617408,0.02514616105171356,0.054351454073667316,0.012425035261690193,0.03808262540779741,0.025103093338501456,0.05951957965911905,0.09579336111200835,0.2365709486740528
10445375913,0.16799524381513972,0.08124340261347505,0.04811390577415402,0.029198364454798044,0.0397299166454337,0.0164646501413509,0.04135575534767469,0.03781894951406836,0.03174632062995183,0.03761268639512734,0.016749778570475254,0.04043363787476189,0.025964886737281447,0.05552117836906538,0.09321273007437604,0.23683859304286636
10686632825,0.16747108917598102,0.08338171964968305,0.04633594619441622,0.021846421831905938,0.049009290172739146,0.014425170561765132,0.05970871437557459,0.02740479992258189,0.0231105143465428,0.049281463202206416,0.013844534765568295,0.048845986355058796,0.023092369477911646,0.05343663811874002,0.09148642763826388,0.2273189142110611
10686637655,0.11762628403059475,0.07391879074085286,0.030806643660067405,0.02719924925833989,0.03231014510302516,0.013798914249964685,0.04374281043773082,0.03517083409012936,0.01884422110552764,0.04773364816048112,0.00885955883836855,0.03457548788117293,0.01958083590643983,0.07233960969506166,0.05907045266493108,0.36442251417731225
10686650375,0.1625296366187642,0.07842817051337882,0.07884550249189527,0.024550007257947454,0.029999516136836508,0.015398945178303576,0.06989403396719407,0.029939033241399324,0.027562055450718537,0.06534572023031887,0.013584458315188465,0.03305995064595732,0.0228625344752504,0.08561958678085836,0.07663182851889486,0.18574902017709394
10686675996,0.109909517588426,0.07046257318430348,0.03453573329462428,0.02647336333284947,0.026370542410606282,0.014140900953210432,0.044358155513620746,0.036253447525039915,0.0190279189045338,0.04659602264479605,0.010318381961581264,0.031523685101853195,0.01767310204674118,0.06907146658924856,0.05671481105143465,0.38657037789713067
10686677944,0.15643900904824115,0.0647529878550346,0.0651461266753762,0.02364881211593361,0.046184738955823285,0.016711424009290172,0.06413606232157545,0.0283664779600329,0.025118546475056854,0.06523685101853195,0.014588474379445491,0.04841050950791116,0.02167706972468186,0.07768423089950163,0.06064015096530701,0.22125852808825666
10686683314,0.12945154110417573,0.05536604248318575,0.03767479556781343,0.02053394300091934,0.03815261044176708,0.01406227318914211,0.03916267479556782,0.02771931097885518,0.02353994290414671,0.03715464266705376,0.013360671602070934,0.03717883582522862,0.01896138771955291,0.043075918130352726,0.04766656989403397,0.4169388396961339
10686686044,0.15007461871655808,0.05940984481733581,0.050358533833218075,0.02684453827394169,0.04978221041264757,0.017890292286972663,0.05706815176112304,0.03584731675948507,0.03010834880306725,0.05038280008250525,0.01619165483687014,0.051037988813259084,0.025928487363350683,0.06335311032650238,0.06317718001917033,0.2525449228939929
10686690554,0.16300140320317413,0.07288793729133401,0.06492233996225867,0.02327381816422316,0.04848913727197948,0.017322301253205594,0.0543862195771036,0.029310011128852762,0.0228988242125127,0.052251173368171484,0.015011854647505688,0.047878260028064064,0.02131417235205884,0.06984564765084435,0.07142425122175447,0.22578264866695694
10686694456,0.16757995838776793,0.07925678618086805,0.04870687569555329,0.029049934678472927,0.037650602409638564,0.01850776600377413,0.05600716117481976,0.04152150771761746,0.038188900179029366,0.06126312478830985,0.017001741907388592,0.04086829244689602,0.02849954032999468,0.05792446896017806,0.07825881840615474,0.19971452073353652
10686860083,0.15287737050922726,0.0703599898081753,0.047519382666618135,0.02904063383443138,0.03925672478433371,0.016519249202247056,0.053464613741976974,0.036326575182906856,0.026237882041762216,0.04913915480653733,0.014608282070881712,0.042684332496147726,0.0256797583081571,0.06347444157293827,0.07740933522610076,0.2554022737475582
10686863483,0.15653578168094062,0.08691996903275753,0.035666763439299365,0.02945517007790197,0.036737310688537285,0.017400929017273914,0.04092272705278947,0.03622925436686505,0.02771326268931146,0.043559781293850096,0.014896937146175062,0.03843083176077805,0.02706609570813374,0.054241060628054394,0.08702883824454445,0.2671952871727875
10686864713,0.1694851695940388,0.0637247786326027,0.05041249334688151,0.029001548362123195,0.04671698843567039,0.02141094498475831,0.04767261818357768,0.04001548362123192,0.034608312769148886,0.04446702472540765,0.022493588813083658,0.04775124594764601,0.027864469927904388,0.056497072627860835,0.07461774810083709,0.22326051192722696
10686868393,0.1623481879324527,0.07872453670102095,0.048561716746504086,0.027876566506991825,0.04051749165336043,0.018465427976968117,0.05266245705714424,0.03621715778777762,0.032878501959645805,0.04981371268205352,0.01594329123723811,0.04091063047370204,0.025626602796729084,0.05699303237044564,0.08346034741375137,0.22900033870421446
10686877993,0.15246528281801908,0.07488992113030435,0.038503411235302654,0.03171118207770843,0.0361748197609716,0.01918517443267044,0.04341462234480089,0.04144892824309285,0.030374510088546962,0.040880389025983455,0.01656626506024096,0.038400590313059466,0.026896743600909663,0.05620070644021871,0.08353897517781972,0.2693484782503508
10686882603,0.1387296172642377,0.07929912420767406,0.03813446557313592,0.026388687279237436,0.034547829873711716,0.013481637392945276,0.05046087966323124,0.03310833696230706,0.021925049595974255,0.03909614361058693,0.011709488556636184,0.0343663811874002,0.0213020757729714,0.0580817244883147,0.08621231915614262,0.3131562394154933
11429035764,0.14542890058895094,0.09008688911140542,0.0525802943678198,0.022147571519321254,0.04320768328003704,0.01502524844687059,0.06042400163657311,0.029248360735165863,0.0242848067874716,0.05583190671533318,0.01334560763159878,0.04369757851782465,0.02071018659086749,0.07224070544914242,0.0705556811697191,0.24118457745189875
11429040214,0.10821839637369857,0.06817080655059918,0.03118640782971026,0.023638791089290137,0.027024990040591317,0.012871862786265708,0.0444243461782788,0.03374355330167857,0.017340138032020846,0.037711166381343066,0.010411619669024623,0.029501383550286937,0.01757162699053587,0.061366107863087736,0.06926364977335615,0.40755515359023226
11429070336,0.11200297167221164,0.07292978886053596,0.02963058668992323,0.023719543051562816,0.025070792553592385,0.011525996748387652,0.045215715408551085,0.03470719338479925,0.01876137256802007,0.03038965513528645,0.010007859857661209,0.02559298857628907,0.01936432055298944,0.04692227354458048,0.09010842296801144,0.40405051842759776
11429170003,0.14215037092068006,0.06635657913153957,0.04289005889509782,0.028473141897348106,0.03360358323373925,0.0144115335335982,0.049334065484457935,0.03868018992861527,0.030346587422074363,0.04887108756742789,0.01275881003908395,0.03865865607200922,0.026292838915985658,0.06509146505593419,0.07736576332138204,0.2847152685810265
11429175363,0.1480398807024344,0.08649073505819525,0.04497345952173305,0.02798324665956049,0.03814184351346405,0.015192135835567468,0.05730697589284753,0.03587002164152589,0.02298739192695716,0.045641009076520564,0.011832854205023849,0.038895528494675764,0.02145848810792769,0.06511838237669175,0.06860686714687167,0.27146117984000345
11494181795,0.17107034034260366,0.08259849047665192,0.04249168254788591,0.02439785953465336,0.0488764710315794,0.016640287692324257,0.04489809102361187,0.03208006287886129,0.027622554561409177,0.04158187710628034,0.015757399571476254,0.047842845914489056,0.024171754040289845,0.0523595723376078,0.08390128880131789,0.243709422138958
11494188455,0.16728038157993905,0.07402801554744447,0.04794513173336778,0.02906532295401445,0.04271778804224943,0.01569279800165811,0.04909180959763989,0.03718358689449487,0.029969744931468506,0.04079589134015957,0.015412857865779473,0.04212560698558308,0.02691193729340956,0.055115905983182056,0.0754007989060801,0.25126242234352963
11494195405,0.119216813635238,0.08270615975968217,0.02912454105968108,0.02508694294604692,0.0238002950138355,0.01286109585796268,0.03983225125703888,0.03353359819976959,0.018949793813323,0.033555132056375635,0.01028241652938833,0.02510847680265297,0.01976269690020134,0.04988317882791218,0.09094824337564736,0.3853483639652444
11494476485,0.15655652099012676,0.0851502524844687,0.040042206358947854,0.022605165972199786,0.03300063524876988,0.015956587745082206,0.04433282728770309,0.03485254691689008,0.027644088418015224,0.044747354027369526,0.014018540650537807,0.035616998826404817,0.022955091142048085,0.05626796731160568,0.08674914133746782,0.2795040752823627
11494476694,0.14443834318507273,0.07763493652895764,0.04216867469879518,0.02751488527837893,0.039977604789129706,0.015784316892233814,0.050895270088396484,0.03956846151361478,0.030384271671134937,0.04794513173336778,0.013383291880659369,0.04092509447979586,0.0233588509534115,0.06181293538766325,0.07500242255886817,0.2692055083605199
11494541456,0.1580369736317926,0.0810480528010164,0.039283137913584634,0.027202644357591226,0.03745814356622199,0.017297070318808748,0.04526955005006621,0.03987531897025098,0.033436695845042365,0.04419285721976377,0.015095233480840253,0.038992430849402966,0.02488775477244097,0.05573500436060596,0.07969141983483533,0.2624977120277356
11494558263,0.15251353941234105,0.06839691204496269,0.040661304736371764,0.02671274911980361,0.043078480140400735,0.015784316892233814,0.05106754094124488,0.039035498562615074,0.03337209427522422,0.05046997642042702,0.014519202816628444,0.04456969971036962,0.0260882672782282,0.06194752199145105,0.07164852439247607,0.26013437126522176
11494570706,0.12076725131087353,0.05756538217212012,0.03892244581543332,0.02323503127792672,0.029915910289953374,0.012909547035326293,0.04713222864648944,0.033388244667678764,0.019310485911474315,0.03649988694725282,0.010960733012478872,0.03006664728619572,0.01932663630392885,0.06453696824832844,0.06948437180356816,0.3859782292709713
11494572763,0.14703317290610166,0.07133628347168837,0.037770384487009694,0.027477201029318343,0.03844870097010024,0.015504376756355182,0.04919409541651862,0.0399722213249782,0.03333979349031515,0.049990848110942426,0.0141477437901741,0.041958719596886206,0.02643819244807649,0.061979822776360126,0.07196076531326379,0.27344767811191145
11494578336,0.11746718778599652,0.07761878613650312,0.0281178332633483,0.02516231144416809,0.023854129655350626,0.01308181788817468,0.03729125617752512,0.03278529668270939,0.020091088213443586,0.04068822205712932,0.009442596121752423,0.02787557737653025,0.019897283503989147,0.06449928399926785,0.07063104966784026,0.3914962800262713
1806437297,0.1399808348676206,0.09319853139097949,0.035460878366010966,0.024936205949804585,0.030217384282438062,0.01373321705050766,0.047815928593731495,0.031030287369316407,0.023703392659108282,0.04492500834436944,0.012069726627690387,0.03405041075831476,0.02374107690816887,0.0615706795008452,0.09891577031988544,0.2846506670112084
1806444675,0.1328315944744124,0.07109402758487031,0.039218536343766486,0.019875749647383097,0.032166198305285484,0.012898780107023269,0.0410758314760382,0.025463785436652776,0.01942353865865607,0.03229540144492178,0.012408884869235656,0.032833747860073,0.018072289156626502,0.04686843890306534,0.07912615609892652,0.3843470396330631
1806449883,0.1577354996393079,0.06532833747860073,0.07593376185707981,0.0237087761232598,0.036925180615222285,0.01710864907350582,0.0751908438041711,0.032187732161891525,0.02958751897671114,0.06968894344132562,0.01689331050744533,0.03837333247197907,0.02339115173832057,0.07843707268753297,0.06730945228635721,0.1922004371372891
1806451331,0.1632374000021534,0.10210278109758067,0.03374355330167857,0.028720781248317662,0.02449476188938058,0.014228495752446784,0.037420459317161404,0.03494406580746578,0.025447635044198242,0.03644605230573769,0.012672674612659756,0.02748796795762137,0.023784144621380968,0.050055449680760575,0.09419447225900925,0.2910193051024473
1806453489,0.17141488204830044,0.06961357494320446,0.06034863313845192,0.02758487031234859,0.04416055643485469,0.018852891458595776,0.050071600073215115,0.041048914155280634,0.03445417056967817,0.04060208663070513,0.019235117413353143,0.04271778804224943,0.023084294281684375,0.054577559568030835,0.07586377682311013,0.22636928410693716
1806455411,0.16947145148960452,0.08029436781980467,0.0493609828052155,0.02712189239531854,0.039428491445675465,0.021706127458897245,0.042098689664825516,0.03901934817016053,0.03715666957373731,0.04604476888788397,0.020048020500231488,0.041958719596886206,0.0269711553990762,0.059605715085543236,0.07766723731386672,0.22204636239327286
1806459121,0.16894387200275635,0.07855550889886624,0.07212226923780915,0.02543686811589521,0.034594140637617496,0.013167953314598878,0.07111556144147636,0.028753082033226737,0.026470493232985563,0.07066335045274934,0.01241965179753868,0.036521420803858874,0.024144836719532284,0.07555153590232244,0.07815174908750283,0.1833877063212636
1806463491,0.15172755364622026,0.07573995714762535,0.04605015235203549,0.02413945325538077,0.04477427134812709,0.014788376024204053,0.05606339567384821,0.03197777705998256,0.02682580186698537,0.04572176103879325,0.014163894182628638,0.0422655770535224,0.02549608622156185,0.06175910074614813,0.0863399980619529,0.2521668443209837
1807288870,0.15149606468770524,0.061263822044209014,0.04809586872961012,0.027041140433045858,0.04229787783843148,0.019633493760565047,0.04912411038254896,0.038088008871948915,0.030524241739074264,0.04613090431430817,0.019019778847292657,0.04299772817812806,0.027557952991591028,0.0660228043541458,0.07871162935926011,0.25199457346813525
1807291566,0.1741819826221777,0.050168502427942324,0.07318819513980857,0.024317107572380675,0.04503267762739968,0.02497389019886517,0.05277948254142576,0.034879464237647644,0.03455645638855691,0.05606877913799972,0.023999483187441453,0.04839734272209481,0.025512236614016387,0.0839981911560451,0.047772860880519394,0.2001733475456787
1807296328,0.16451328100606175,0.06690569247499381,0.05286561796784995,0.024807002810168288,0.04466660206509685,0.017754664771687287,0.05100293937142673,0.035175554765980804,0.030217384282438062,0.051514368465820394,0.017297070318808748,0.047304499499337835,0.0238002950138355,0.060714708700754766,0.06962434187150748,0.2418359766142317
1807313938,0.15980274987348858,0.07532543040795892,0.04607706967279305,0.024580897315804776,0.051433616503547705,0.01616115938283967,0.04778362780882242,0.031094888939134563,0.02561452243289512,0.04400443597446085,0.014669939812870788,0.049560170978821455,0.024085618613865645,0.05751154753060499,0.08561323040149875,0.2466810943505927
1807314902,0.13025829860998955,0.07930919388007796,0.03894936313619088,0.024833920130925845,0.03148249835804344,0.012645757291902194,0.05361391948491015,0.03352283127146656,0.02081785587389773,0.04468275245755138,0.01028241652938833,0.03435188475079944,0.0210654952248673,0.06156529603669369,0.07766723731386672,0.3249512796494288
1807316072,0.15304650236334078,0.07863087739698742,0.05150898500166888,0.02724571207080332,0.0356116153622533,0.016538001873445524,0.05797990891178656,0.035299374441465595,0.02760102070480313,0.051971962918698926,0.01506831616008269,0.03880939306825156,0.025205379157380192,0.06856379943365958,0.08517178634107475,0.23174736479429786
1807319362,0.1529819007935226,0.06493534459554035,0.04903797495612477,0.028193201761469475,0.04673923576342905,0.01762007816789948,0.05429223596800069,0.04000990557403878,0.03528322404901106,0.04749292074464076,0.017000979790475573,0.04563562561236905,0.024995424055471213,0.05802297662499865,0.08112342129913756,0.2366355502438709
2432861455,0.14205346856595286,0.09523886430440259,0.029539067799347524,0.026658914478288488,0.026260538131076584,0.014131593397719562,0.038820159996554575,0.03359281630543622,0.024295573715774628,0.036957481400131366,0.01166596681632697,0.02814475058410586,0.022858188787320863,0.05302712189239532,0.09458208167791811,0.3221734121472485
2432861631,0.14822291848358582,0.09861429632740075,0.02841930725583298,0.02781635927086361,0.024327874500683695,0.013787051692022784,0.03501405084143545,0.0358754051056774,0.024543213066744188,0.03483101306028402,0.010993033797387943,0.027934795482196885,0.02217448884007881,0.050168502427942324,0.09531961626667527,0.321958073581188
2432861753,0.12998374193826245,0.09210030470407096,0.03085801651646802,0.026276688523531117,0.02858081118037835,0.012979532069295951,0.04318076595927948,0.03501405084143545,0.020048020500231488,0.03604229249437428,0.010244732280327743,0.030082797678650255,0.019482756764322703,0.054211484005728006,0.0930424109305856,0.3378715936130581
2432862469,0.13165261582523122,0.07411953443802018,0.03464797527913262,0.024247122538411017,0.038642505679554684,0.013329457239144244,0.04990471268451823,0.03379738794319369,0.020920141692776468,0.04885493717497335,0.0103577850275095,0.03775961755870667,0.021226999149412663,0.0668141735844181,0.07055029770556757,0.32317473647942974
2432862785,0.15736404061285356,0.07618678467220086,0.0531940092810922,0.032419221120406565,0.039563078049463275,0.018303778115141528,0.053097106926364976,0.04313231478191587,0.0366237066227376,0.05584267364363621,0.01629036252247596,0.04228711091012845,0.026319756236743215,0.0639932383690257,0.07532004694380738,0.21006277119200664
2433675496,0.1519267418198262,0.07874931360832067,0.042674720329037324,0.029447548908771812,0.03754427899264618,0.01689331050744533,0.05130979682806292,0.043767563551794314,0.03841640018519117,0.04501652723494514,0.017006363254627087,0.03845946789840327,0.029856692184286743,0.05546044768887884,0.08438580057495397,0.23908502643280896
2433675624,0.14400766605295176,0.06896217578087148,0.04526955005006621,0.026255154666925073,0.02894150327852967,0.014648405956264737,0.044526631997157534,0.03498175005652637,0.02165767628153364,0.035509329543374574,0.012301215586205413,0.031902408561861384,0.021619992032473057,0.06275504161417789,0.06533910440690376,0.3413223941341775
2433675744,0.15638963360142985,0.10596810835836644,0.06295422978778384,0.02438709260635033,0.018594485179323196,0.009119588272661691,0.06208210859523886,0.026319756236743215,0.019353553624686413,0.06369176437654102,0.007768338770632126,0.022228323481593936,0.020161073247413244,0.08279767865025785,0.09663856498379576,0.22154570022718215
2433675946,0.12660292645111276,0.07563767132874662,0.029092240274772006,0.021733044779654813,0.03403426036586022,0.012161245518266094,0.04164647867609849,0.030411188991892508,0.01921896702089861,0.03429805010928432,0.010901514906812236,0.03452953906779935,0.020204140960625342,0.0556219516134242,0.08531175640901406,0.3685950235257384
2433676300,0.11237443069866597,0.05838905218730149,0.032284634516618754,0.02404793436480506,0.030427339384347038,0.013237938348568536,0.04853731279003413,0.034960216199920326,0.020327960636110125,0.03576235235849565,0.011041484974751551,0.031127189724043627,0.020920141692776468,0.06274427468587487,0.07168082517738514,0.3921369122603013
2433676472,0.14684475166079866,0.0951042777006148,0.033097537603497096,0.02895227020683269,0.026642764085833957,0.013593246982568342,0.0393585064117058,0.03626301452458628,0.023902580832714238,0.035224005943344426,0.010874597586054677,0.028968420599287226,0.022454428975957445,0.05216038416400185,0.0948835556704028,0.3116756570517997
2433677046,0.13258395512344284,0.0898607836170419,0.03246767229777017,0.024220205217653456,0.029802857542771618,0.012188162839023657,0.04429514303864251,0.03242998804870958,0.018729071783111,0.0394877095513421,0.009539498476479644,0.03083648265986197,0.019235117413353143,0.05738772785512021,0.09157810868137428,0.3353575158543019
2433677360,0.14469674946434533,0.09006535525479936,0.035719284645283546,0.03059422677304392,0.02880691667474186,0.015644346824294497,0.0420017873100983,0.037727316773797606,0.02107626215317032,0.044510481604702994,0.01037931888411555,0.03164938574674031,0.02113548025883696,0.06048321974223974,0.07449099346447452,0.31101887442531523
2433679204,0.15534524155603646,0.0843158155409843,0.05011466778642721,0.026922704221712588,0.03770039945304005,0.016123475133779083,0.05118059368842663,0.03358743284128471,0.02685810265189444,0.05050227720533609,0.01427156346565888,0.04016602603443264,0.024677799670531998,0.0631157337123292,0.07956221669519904,0.24555595034292665
2433680752,0.12501480452641667,0.08159716614447064,0.03193470934677046,0.021652292817382127,0.03492253195085974,0.011364492823842286,0.04350377380837021,0.02887690170871152,0.017533942741475284,0.03519170515843535,0.01037931888411555,0.033463613165799926,0.02021490788892837,0.05454525878312176,0.09613251935355364,0.3536720608977465
2828701151,0.15036553721588766,0.07030804181874953,0.05944421116099787,0.023654941481744674,0.03739354199640384,0.015493609828052157,0.05576192168136353,0.03255380772419436,0.023299632847744868,0.04672308537097451,0.014395383141143662,0.03960614576267537,0.02184609752683657,0.06657730116175156,0.0747009485663835,0.2678757927150963
2828701349,0.1493211451704943,0.0740010982266869,0.05213346684324429,0.026545861731106728,0.040865876374129216,0.01640879873380923,0.04947403555239726,0.03618764602646511,0.02769253959537884,0.04303541242718865,0.01665105462062728,0.04105968108358366,0.023918731225168768,0.062200544806572125,0.07207381806044554,0.2684302895227021
2828701829,0.15888217750358,0.09396298330049423,0.044526631997157534,0.025619905897046637,0.03898704738525146,0.0157789334280823,0.04776747741636789,0.032090829807164316,0.02635744048580381,0.05417379975666742,0.013302539918386685,0.03972458197400863,0.023428835987381158,0.06473077295778287,0.08322297231822734,0.2374430698665977
2828701983,0.12551546669250727,0.05701626882866586,0.057839938843847236,0.020064170892686025,0.051164443295972084,0.01691484436405138,0.055180507553000205,0.028010163980318054,0.0233588509534115,0.06445621628605575,0.013356374559901806,0.04893568913724604,0.019708862258686215,0.08792811998664901,0.043358420276279376,0.2871916620907221
2828702301,0.13978703015816618,0.06729330189390269,0.05056149531100272,0.02458628077995629,0.04837580886548876,0.01718401757162699,0.055562733507757575,0.03280144707516393,0.02233060930047267,0.050550728382699694,0.014266180001507369,0.04597478385391432,0.02092552515692798,0.07119092993959754,0.06453696824832844,0.2740721599534869
2829537930,0.15168986939715967,0.0649622619162979,0.054179183220818924,0.025743725572531413,0.04661541608794427,0.019471989836019686,0.05700550190036285,0.038093392336100436,0.030395038599437967,0.052445707764032,0.01691484436405138,0.04528570044252075,0.024435543783713945,0.06696491058066044,0.06211979284429945,0.2436771213540489
2829538232,0.1302690655382926,0.06918289781108347,0.044575083174521135,0.02397794933083541,0.04042981577785674,0.012774960431538486,0.06221669519902667,0.031525566071255534,0.020618667700291783,0.03335056041861817,0.013426359593871465,0.037942655339858085,0.021496172356988277,0.05154128578657794,0.08379361951828761,0.3228786459510966
2829538310,0.1471569925815864,0.09327389988910063,0.04299234471397655,0.022034518772139498,0.0360961271358894,0.014427683926052738,0.04984011111470009,0.0264866436254401,0.02031181024365559,0.048957222993852086,0.01098226686908492,0.03861020489464561,0.02143695425132164,0.06379405019541977,0.08696986336767984,0.2766293054254552
2829538424,0.17291148508242082,0.07230530701896055,0.04879571906930672,0.026298222380137168,0.05137978186203258,0.017140949858414894,0.046717701906823,0.034712576848950766,0.031606318033528216,0.04599631771052037,0.017022513647081624,0.05120751100918419,0.02509232641019844,0.05303788882069834,0.08136567718595561,0.22440970315578668
2829538628,0.17543094630532854,0.06899447656578055,0.05772688609666547,0.021969917202321346,0.062335131410359935,0.01710864907350582,0.05322631006600127,0.029894376433347324,0.025103093338501456,0.05188044402812322,0.016101941277173036,0.05828676636842275,0.0184222143264748,0.06052628745545184,0.06795008452038719,0.21504247553215544
2829538812,0.12907393649665688,0.06357871162935926,0.04911872691839745,0.02571142478762234,0.051745857424335406,0.01338867534481088,0.07354888723795988,0.03380815487149671,0.02142618732301861,0.05387770922833425,0.010411619669024623,0.04678230347664114,0.021431570787170128,0.07449099346447452,0.06816542308644767,0.2634398182542502
2829539120,0.09871119868212799,0.056504839734272214,0.036397601128374084,0.02397256586668389,0.032171581769437,0.012172012446569118,0.05414149897175834,0.03652680426801038,0.01740473960183899,0.042701637649794885,0.009706385865176524,0.032661477007224604,0.019046696168050214,0.07241297630199081,0.05872821042884675,0.3967397741098441
2829539204,0.1564165509221874,0.08119340633310723,0.04758982309936798,0.023191963564714625,0.05493286820203065,0.014971413805355473,0.054189950149121965,0.029781323686165574,0.02515692798001658,0.05149821807336585,0.013237938348568536,0.052364955801759316,0.022179872304230325,0.06527988630123713,0.07242912669444534,0.23558577473432604
2829539274,0.15846765076391356,0.07589069414386769,0.04607706967279305,0.02911915759552957,0.040709755913735365,0.017695446666020652,0.050303089031730135,0.03588078856982892,0.02673428297640966,0.04745523649558017,0.015095233480840253,0.044171323363157725,0.02761178763310615,0.0588412631760285,0.07842630575922993,0.24752091475822866
2976144,0.1525296898047956,0.10244732280327744,0.047406785318216564,0.027477201029318343,0.03449723828289027,0.009189573306631352,0.07162160707171851,0.028957653670984206,0.0254314846517437,0.05975645208178559,0.008511256823540812,0.03494944927161729,0.028247036402984593,0.0564994562701207,0.1137041463440895,0.1987736468662855
2976167,0.09222950784370727,0.09014610721707204,0.0279401789463484,0.017054814431990698,0.03166015267504334,0.00605101370629973,0.049086426133488376,0.018847507994444263,0.010626958235085112,0.03552547993582911,0.004802050023148896,0.025889079104622244,0.011983591201266193,0.051665105462062724,0.04291159275170386,0.4835804343378877
2976176,0.1302690655382926,0.10779310270572907,0.036553721588767935,0.0210224275116552,0.02999127878807455,0.0072299923554809045,0.05031385596003316,0.022400594334442327,0.01521905315632503,0.03762503095491887,0.006503224695026756,0.025060025625289358,0.015299805118597716,0.05609031299460577,0.08046125520850156,0.3581672534642592
2976181,0.12458412739429567,0.05752769792305953,0.07442100843050486,0.019956501609655786,0.059018917493028414,0.007402263208329294,0.09367227623631251,0.01800768758680836,0.010600040914327551,0.06380481712372277,0.0059056601742089,0.045651776004823584,0.015956587745082206,0.10046620799552096,0.055702703575696885,0.2473217265846227
2976189,0.16341505431915326,0.06726638457314513,0.07164852439247607,0.024478611496926043,0.043579142306491375,0.013819352476931857,0.07507240759283784,0.030653444878710558,0.026642764085833957,0.06716409875426639,0.014217728824143759,0.04547412168782368,0.024220205217653456,0.07566458864950419,0.06885450649784124,0.1878290642462612
2976199,0.18058830496247724,0.07614371695898876,0.06150607793102706,0.028370856078469377,0.03433573435834491,0.01778696555659636,0.052408023514971404,0.04052671813258395,0.03804494115873682,0.05039460792230584,0.01741550653014201,0.03687134597370716,0.029000721384196307,0.0624966353349053,0.07668744683829148,0.197422397364256
2976213,0.16480398807024346,0.0688868072827503,0.07023267332062835,0.02573295864422839,0.04409595486503656,0.011967440808811654,0.07520699419662563,0.028973804063438743,0.025808327142349558,0.07118016301129451,0.012058959699387363,0.045457971295369146,0.02509232641019844,0.0771719586119276,0.06706181293538767,0.18626785964232265
2976218,0.16020112622070048,0.11010260882672784,0.04793974826921628,0.02538303347438009,0.03542319411695038,0.010589273986024527,0.05588035789269679,0.029684421331438355,0.023493437557199303,0.053005588035789274,0.009927107895388523,0.03340439506013329,0.020548682666322125,0.06069855830830024,0.09060908513410207,0.23310938122463046
2976220,0.12593537689632525,0.09294012511170688,0.06549522486729761,0.025603755504592096,0.023875663511956673,0.006966202612056807,0.08643690041668013,0.023579572983623502,0.013211021027810977,0.07754341763838195,0.005512667291148508,0.025097709874349942,0.017237852213142113,0.09037759617558705,0.0877989168470127,0.2323879970283278
2976227,0.0850964178429536,0.10201664567115648,0.02732108056892449,0.019671178009625638,0.01784618366226299,0.005356546830754654,0.05370543837548586,0.020936292085231,0.011342958967236236,0.04603400195958096,0.0029932060682407915,0.01816380804720221,0.012209696695629704,0.06744403889014504,0.0637294486256016,0.4461330576999688
2976228,0.11194913703069652,0.10067077963327843,0.03665600740764668,0.021113946402230903,0.02467241620638048,0.005571885396815143,0.058852030104331536,0.022723602183533056,0.012021275450326777,0.045964016925611285,0.0034508005211193295,0.021103179473927883,0.013534028876901708,0.06630274449002443,0.07078178666408261,0.3846323632330933
2976229,0.10888056246433454,0.11898532467672294,0.05273103136406215,0.021087029081473342,0.015052165767628153,0.0040483650419371854,0.08135491025765258,0.01931586937562583,0.008026745049904712,0.07518546034001959,0.002476393509695619,0.016640287692324257,0.011262207004963555,0.09411372029673656,0.08795503730740657,0.28288489076951234
2976230,0.10996263875878852,0.0551320563756366,0.044246691861278886,0.021259299934321737,0.02215833844762428,0.010126296068994477,0.04163571174779547,0.0277194569161364,0.02226062426650301,0.03645681923404072,0.00977637089914618,0.02174919517210935,0.01895517727747451,0.06698644443726649,0.04633009248791412,0.4452447861149693
2976232,0.12257609526578166,0.08040742056698645,0.04174338103082571,0.01990266696814066,0.028150134048257374,0.007283826996996027,0.05361391948491015,0.021221615685261156,0.013824735941083369,0.03974611583061469,0.006820849079965978,0.02639512473486439,0.01557974525447635,0.06149531100272404,0.055654252398333284,0.4055848057107788
3259031037,0.15024171754040289,0.08295918257480325,0.05265566286594098,0.026502794017894637,0.031902408561861384,0.016048106635657915,0.055837290179484696,0.03395350840358754,0.02612056806313727,0.055277409907727434,0.01448151856756786,0.03527784058485955,0.0226536171495634,0.06912906316956835,0.0847088084240447,0.24225050335389814
3259032369,0.15253507326894714,0.06439699818038913,0.045780979144459874,0.028273953723742157,0.04804203408809501,0.01975731343604983,0.04964630640524565,0.03862097182294863,0.029135307987984107,0.049861644971306136,0.01687716011499079,0.048903388352336964,0.025619905897046637,0.06593666892772161,0.06376174941051067,0.2528505442682257
3259033655,0.14394844794728512,0.06969432690547714,0.056644809802211524,0.028279337187893668,0.0342872831809813,0.017652378952808554,0.057721502632513966,0.03872864110597887,0.029765173293711037,0.058394435651453,0.016005038922445817,0.0401498756419781,0.0263089893084402,0.07438870764559577,0.0734627518115357,0.23456830000969026
3259034411,0.15492533135221853,0.05626258384745416,0.05626796731160568,0.028430074184136005,0.04620627281242934,0.01781388287735392,0.06470385563702531,0.04227096051767392,0.035401660260344324,0.05760844988533221,0.018476048967989926,0.048101252193761636,0.025404567330986144,0.06687339169008473,0.05921272220248285,0.22204097892912128
3259036071,0.15001022858188787,0.05470137924351562,0.08260387394080344,0.0189067261001109,0.05223036919797151,0.017140949858414894,0.07366732344929315,0.02373569344401736,0.02332655016850243,0.07456097849844417,0.016828708937627185,0.049764742616578914,0.020236441745534416,0.09754298696124983,0.055379695726606164,0.18936335152944214
3259037865,0.14339933460383086,0.07632137127598868,0.036332999558555935,0.027897111233136297,0.0375065947435856,0.017103265609354306,0.04500576030664212,0.03587002164152589,0.024177137504441358,0.04755752231445891,0.013248705276871562,0.04223865973276484,0.024876987844137947,0.06394478719166209,0.0726336983322028,0.2918860428308408
3259067025,0.14356083852837626,0.060305565425239835,0.055309710692636495,0.023116595066593453,0.0516543385337597,0.016898693971596844,0.058717443500543726,0.032074679414709775,0.025167694908319604,0.0538561753717282,0.015084466552537227,0.05062609688082087,0.02278282028919969,0.08204399366904616,0.061640664534814864,0.2471602226600773
3259067845,0.09497507456097848,0.07181541178117297,0.034987133520677886,0.01708173175274826,0.01981653154171646,0.006799315223359928,0.048058184480549535,0.017970003337747772,0.009824822076509792,0.04571099411049022,0.004753598845785286,0.02117316450789754,0.012381967548478095,0.049893945756215204,0.051912744813032284,0.4928453761426402
3259068153,0.16385111491542578,0.07755956803083648,0.046071686208641535,0.02729954671231844,0.04687920583136837,0.016538001873445524,0.04705147668421676,0.0340234934375572,0.02896303713513572,0.04985087804300311,0.01562819643183996,0.043449939166855085,0.024688566598835015,0.059088902526998076,0.07895926871022965,0.2400971176932933
3259863278,0.15445696997103694,0.07039417724517373,0.05397999504721297,0.025878312176319217,0.04551180593688426,0.01688792704329382,0.057721502632513966,0.03314598878086071,0.025302281512107408,0.05893278206660421,0.014217728824143759,0.048526545861731114,0.022492113225018037,0.07042109456593129,0.06834846086759909,0.23378231424356946
3259863724,0.16786717917245386,0.08506411705804451,0.07706428932889736,0.022400594334442327,0.02798324665956049,0.015945820816779182,0.06212517630845096,0.030346587422074363,0.027256478999106343,0.058701293108089185,0.01567664760920357,0.03128331018443748,0.021636142424927597,0.08140874489916772,0.08469265803159017,0.19054771364277484
3259867328,0.11774174445772365,0.06543062329747946,0.05021695360530594,0.02594291374613736,0.026045199565016098,0.00971715279347955,0.06736867039202385,0.031407129859922264,0.021679210138139688,0.05372158876794039,0.010029393714267256,0.0280747655501362,0.02478546895356224,0.06048860320639125,0.08473572574480227,0.3226148562076725
3259869418,0.17433810308257158,0.06216286055751154,0.05811987897972588,0.027493351421772883,0.04837580886548876,0.02055406613047364,0.05259106129612282,0.03972458197400863,0.036925180615222285,0.052101166058335216,0.019708862258686215,0.048182004156034325,0.02671813258395512,0.06525835244463107,0.06400938876148024,0.20373720081397975
3259898966,0.14119211430171086,0.05652099012672675,0.07146010314717315,0.02488775477244097,0.03626301452458628,0.018454515111383872,0.05872282696469524,0.033894290297920904,0.02874231510492372,0.06302421482175351,0.01650570108853645,0.04002605596649332,0.022470579368411986,0.09054986702843544,0.05917503795342228,0.2381106194213853
3259899290,0.17238928905972414,0.0647469233502374,0.06314265103308678,0.020274125994595,0.0657536311465702,0.01683947586593021,0.06245356762169321,0.02675581683301571,0.024634731957319897,0.05440528871518245,0.014556887065689032,0.06355717777275322,0.01824994347362641,0.0710886441207188,0.06438623125208609,0.19676561473777146
3292055233,0.1204455283369126,0.08457394532814036,0.022761741831373836,0.02248874652689307,0.02698406920734297,0.013219039299190721,0.03127312876885184,0.02767565731202757,0.01902473944114828,0.04071269974156445,0.009621567842366443,0.028160982297771142,0.0186546791395188,0.06328637814096265,0.06630145961489464,0.40481563717104063
