1043162809,0.14400228258880024,0.06384788483693488,0.06650193266363039,0.0263089893084402,0.039100100132433216,0.009884040182176429,0.08754589403189166,0.023854129655350626,0.018944410349171485,0.07555691936647393,0.009028069382085984,0.040112191392917516,0.026847335723591416,0.0847949438504689,0.07668744683829148,0.20698342969734165
1043162867,0.15286346458218936,0.07084638823390076,0.06644809802211528,0.02707344121795493,0.037049000290707054,0.010443920453933695,0.07810868137429072,0.0242848067874716,0.019412771730353048,0.07088945594711285,0.009571799261388719,0.038244129332342766,0.02660507983677337,0.08284612982762148,0.07768877117047276,0.2076240619313716
11165601563,0.18385590554991046,0.08107732133352688,0.053938646150868526,0.027495524265737648,0.03692480766439251,0.020449266947307303,0.044303720907727294,0.03796511346591184,0.03412444960565152,0.041503362848986314,0.021513765907001495,0.041581990613054634,0.028941065466686025,0.059472831083369614,0.07719431944646055,0.20965790874340734
121465108,0.13010677247141175,0.05332978500346769,0.06510782084159933,0.0248745987967936,0.03526556023289947,0.01562474798793568,0.07994225899582265,0.02895114594925888,0.020761761907066016,0.06017241657392624,0.012282059966774728,0.037084079289043725,0.01977790680795471,0.09161949000822567,0.06940613861066756,0.2556934565571523
121717601,0.11465540878372928,0.05371687553426557,0.06345462169965001,0.020826276995532328,0.026858437767132787,0.01273769777906808,0.07883340591280785,0.02739068724697989,0.019874679440654186,0.057857937775197175,0.011080466444089613,0.027136659086143773,0.0191367881163207,0.10255076531023694,0.07699472589151787,0.2868945662166739
121717602,0.13644941210625636,0.05751520136771988,0.07391009822422219,0.023697198432283354,0.03279785809906292,0.015060240963855422,0.08228496314575572,0.03045515394912985,0.01935452653989452,0.05798293575910065,0.012741729972097224,0.033938968726310866,0.018846470218222288,0.092325123788326,0.07770439186464732,0.23493572684311545
121717603,0.10876034257511977,0.061571587555039435,0.04880566442476735,0.01861663521556104,0.02252786245383139,0.011124820567410204,0.09002274156868438,0.022886727633425263,0.01806019257753907,0.06989806616022322,0.008636957468427929,0.02425364107030532,0.017152949145981516,0.10306285382493832,0.06235786519572265,0.3122610925630232
126338879,0.11672392380768053,0.06205948291156594,0.06795454912017548,0.01970129514040096,0.03556797471008532,0.013015919098079065,0.08851470137578425,0.0271931097885518,0.022616570700472568,0.07720036773600425,0.011374816535217174,0.0330034999435493,0.017201335462331255,0.11401429009209528,0.059833712359478076,0.23402445121852875
141676584,0.16042210384564967,0.05502127203174716,0.04412903840882818,0.02771322679441803,0.04985520717886383,0.024769701953213447,0.0394575333976857,0.04396219894414453,0.039219191305280475,0.039207274200660204,0.02609250056606247,0.05564096147200076,0.03147903185442065,0.05660624694624194,0.0641438156185573,0.24228069548222564
141676685,0.16546653084641774,0.0608615218893065,0.057331366281452335,0.02737480534382428,0.04612619574507944,0.025261395435971286,0.045043146346318216,0.04350931422482935,0.0377896425351552,0.04381959324177175,0.02513845469340921,0.04778882293020478,0.02632688187150936,0.06682707506410482,0.059210603346329924,0.22212465020431574
141676774,0.15968351016004315,0.06741593238626147,0.05147755199904094,0.026565965353953128,0.04351735299406582,0.02031409218965414,0.04614877420128274,0.04161122100341665,0.03592279566025295,0.04363124138344422,0.021710723490978842,0.04631061559671522,0.0270874542947911,0.06330995624288198,0.06941797038901876,0.2358748426541989
141676823,0.16242007304141035,0.060186364794525535,0.044595299627513074,0.02823984760795448,0.04891469200063092,0.02427231584950072,0.04195027845521057,0.042120142200220825,0.033972749002050495,0.03857120324197091,0.024126718353777648,0.05360414467537825,0.02859170822261857,0.05579417367354615,0.06326817845399728,0.24937211079969426
1463310259,0.12047587942129966,0.045555716843276715,0.05568055353945904,0.018501717714230412,0.03410025644747665,0.01673561716746504,0.04941452557216818,0.03071926259253883,0.02771326268931146,0.05162215125562491,0.015096530701117725,0.03658610344994435,0.0195238786471186,0.06566023128659215,0.04787221173852035,0.3647421009338559
1464161634,0.12478830986596992,0.06250302414477187,0.06812188513088499,0.02352179803551556,0.03076160061934485,0.015719504524120582,0.07012386896985533,0.03271519814196545,0.02269923065757004,0.06206149900808053,0.013953403977355205,0.03512241738036484,0.0190279189045338,0.0846337155852325,0.06722673827841487,0.2670198867760197
1464170518,0.17073100092678406,0.05404792245906704,0.06502452116156936,0.02731116774791473,0.0423955437133148,0.02438600556070436,0.051924042323138714,0.043303019771393274,0.04172941767068272,0.04989670219338894,0.025756873648439912,0.04538828390485017,0.029512279888785912,0.06631815724436206,0.06124980691998765,0.20102525486561632
1469173249,0.09385057962345836,0.030120481927710843,0.04535873992423595,0.010866159674157624,0.045686291264348165,0.009299609786664387,0.046839841636047735,0.017773220541741432,0.013272949955851777,0.046540773021162656,0.008972058446552165,0.04215443333618161,0.010894642399384771,0.052849696658976326,0.030875274146230314,0.4946452476572958
1535297933,0.14682321780419266,0.06383711790863185,0.043229217136643086,0.03133176136180109,0.036101510600040916,0.02087707397956437,0.04110274879679576,0.0459209492123992,0.03146634796558889,0.04275547229131002,0.01927818512656524,0.04138807239682591,0.026508177482046147,0.060854678768694076,0.059088902526998076,0.2894365666419027
1635527310,0.17898468875502008,0.06647841365461847,0.049648594377510034,0.02823795180722892,0.03930095381526105,0.02259036144578313,0.04633534136546185,0.04428338353413654,0.03753137550200803,0.04252635542168675,0.023732429718875504,0.04513679718875502,0.03321410642570281,0.0575238453815261,0.06285768072289157,0.22161772088353413
1973118421,0.1699729431320448,0.04847183295113991,0.07138523884055861,0.027894053555612176,0.04708259017944892,0.024739441148278918,0.056321964595542284,0.041119159417124684,0.0360414467537825,0.049078489183319376,0.024684842087382763,0.04754971547822711,0.026650408279644256,0.07105764447518169,0.05583663960979871,0.2021135903129133
2058811887,0.13854212028838245,0.08944210577248754,0.03691875937484879,0.02859631296269415,0.035624425412493346,0.017661005467653746,0.04503556394251706,0.03481395461363526,0.020152900759665162,0.0440920307736972,0.013185271205303141,0.03931388203416074,0.02075772971403687,0.06123288334059127,0.08147046015386847,0.2931605941839648
2155423363,0.17429840206748445,0.06281318627986265,0.0652944102694767,0.02442397990754559,0.05046773195501037,0.024223783350926363,0.048750894817942474,0.03788568169960809,0.03563498707822225,0.04496535992914255,0.023477596185345614,0.05324015093607057,0.024927504580254552,0.07361166721265726,0.057359346752569186,0.1986253169778813
2155426433,0.16496162163446687,0.06556997219647824,0.0570031605712792,0.024191440317482955,0.05137710605736556,0.02231410850502602,0.057009101494736335,0.038259547063995626,0.03765951379482426,0.058286400038021914,0.020401131151826242,0.053777239134051,0.025409329626197096,0.07505762695753428,0.05473966873410803,0.1939830327226064
2155432849,0.17909705286402408,0.07560756621652776,0.05505405307028719,0.027548259503269883,0.03988764726580036,0.018108688530557276,0.056194566786784604,0.03784928232567733,0.034906999599606886,0.05646756209126536,0.018879141945425202,0.04477729649716691,0.02915589851854548,0.06341984251204212,0.06960773608027275,0.19343840619274685
2155435775,0.16889309503876535,0.07165823414503936,0.049442482922627054,0.027196398888605783,0.04311505842099516,0.022986204637280242,0.04873269513097708,0.039930113202052926,0.03539839114767226,0.047058323930161725,0.021857824045426414,0.04748904985500916,0.02695980295805579,0.05669809145949356,0.07114864291000861,0.2214355913078295
2155438737,0.1772285516689113,0.07030539074727915,0.05982237105521785,0.02703866826823912,0.040203108506533684,0.02045038158677004,0.04896929106152707,0.0381101445055145,0.03416081243402613,0.047907642655213,0.022367415280457176,0.04379451340103617,0.028706972906732676,0.06958953639330737,0.06590106650165617,0.20544413302757855
2156224882,0.1845266261420304,0.07492811123648675,0.057935670173139685,0.026086217983717342,0.040888630048896486,0.01847268226986496,0.05588517210837308,0.03617491112486199,0.03152792438636722,0.04714325580266686,0.02002572222424441,0.04272679843240029,0.027748456059889102,0.05834819641102172,0.07110617697375606,0.2064754486222837
2252520847,0.14707610931531,0.06579978450386914,0.041593202076599084,0.027494122832794596,0.03263664413752571,0.016866245469683613,0.04176461945342345,0.03822607503183466,0.02769002840630816,0.03878930355568616,0.016517288666862574,0.03597928298560094,0.02433514545988833,0.05671466353217749,0.06399990204721324,0.32451758252522284
2253322020,0.12485235057878573,0.08219938577840775,0.03201039451925348,0.023169147176943062,0.03009685802031656,0.014068036853295536,0.03443184502716749,0.0307347035199622,0.022608079376328846,0.04617883297897472,0.012130876446964329,0.03268367587999055,0.02046420978029766,0.0653673517599811,0.07656508386487125,0.3524391684384597
2253323890,0.15073833796725364,0.06454742045103491,0.04153228297806611,0.027568736484399132,0.034111831943157235,0.017386468952734012,0.0417299969107198,0.03933271547729379,0.028464627741736175,0.03847389558232932,0.01663886314488724,0.03772011121408712,0.025134383688600555,0.056163113994439295,0.06551745443311709,0.3149397590361446
2310970540,0.128097087804771,0.03804836833673492,0.04248688744047228,0.024107358395329955,0.05840301095090745,0.019773081396624752,0.048384796014659726,0.04028134395505519,0.02917681655584085,0.03591414839686615,0.020716746768494745,0.05869927798626199,0.02546250576074791,0.06260012728509667,0.058606008734391125,0.3092424342177453
2310975000,0.15809080827330774,0.045937099604853725,0.07502395641547423,0.02509232641019844,0.05245109122818351,0.02300892578356321,0.06256662036887496,0.04298696124982504,0.03398580918849661,0.04860729782400379,0.023305016311896375,0.049958547326033366,0.022852805323169356,0.07105634333580972,0.050050066216609054,0.21502632513970088
2311441991,0.1065920122206618,0.10404809421736023,0.030453100746544455,0.0270961145194274,0.019642989134451918,0.010606844556138664,0.03881784807943431,0.03158030896592505,0.01255328060709094,0.037376499864488634,0.00724369872126543,0.022704314189272427,0.012633355507921256,0.04992978047157957,0.07058910488580088,0.41813265331263705
2312250788,0.10080684182513183,0.0874401219335172,0.03299946775052015,0.029812019160981282,0.028935017177142305,0.013130836599409687,0.0449448395993613,0.03889050176610055,0.01332438186480863,0.04997096821019016,0.007572458508733729,0.03375550394348478,0.0141650941113853,0.07138191319494848,0.05197295204916049,0.3808970823051241
2676126339,0.1431463117887098,0.11461933524984658,0.04654004758982311,0.033167522637466765,0.027767908093500004,0.015202902763870497,0.05128287950730536,0.03163861881843729,0.015762783035627767,0.054798281598242835,0.008963467812267837,0.03328057538464852,0.016925611292354405,0.06318033528214735,0.07745189874780624,0.2662715203979457
2676126953,0.1458757281135265,0.09867889789721887,0.05542276343981825,0.032456905369467146,0.03146634796558889,0.014309247714719468,0.05823293172690764,0.03278529668270939,0.015859685390354986,0.052574910903668295,0.009900190574630964,0.03564391614716238,0.015843534997900446,0.06884912303368973,0.0699904174338103,0.2621101026088267
2676127513,0.13571174779547146,0.09302087707397956,0.06458541942569204,0.02738568213874264,0.02630360584428868,0.017856950590566016,0.0641655092218741,0.035180938230132325,0.023821828870441552,0.06123690472345145,0.015455925578991569,0.02876923242568128,0.01936432055298944,0.07448561000032301,0.08536559105052918,0.2272898564768457
2676127989,0.13687995951634954,0.10218353305985337,0.049290997771245834,0.027671005738772785,0.027934795482196885,0.014836827201567662,0.056580208232393375,0.03293065021480022,0.021054728296564275,0.06330415495763216,0.010266266136933794,0.032101596735467336,0.018895959171807874,0.07141165196980953,0.0787546970724722,0.2559029684421331
2676129389,0.13408594162171475,0.08743284128470989,0.045075745340611775,0.029253744199317373,0.029103007203075036,0.015100616944991763,0.0557080870398484,0.034411102856466085,0.020613284236140277,0.055417379975666745,0.011041484974751551,0.03417961389795105,0.020780171624837154,0.06883297264123518,0.08076811266513777,0.27819589349354523
2676129841,0.14490132110210274,0.08139259450671318,0.056558674375787335,0.029824391399377675,0.029485233157832406,0.01636573102059713,0.05715085543245368,0.033948124939436025,0.022319842372169645,0.05519127448130323,0.011994358129569215,0.03408809500737535,0.02038717874177676,0.07347890220399023,0.0704264780300828,0.2624869450994326
2676130413,0.1131819503213928,0.05881972931942246,0.0572962089645445,0.025070792553592385,0.032887582501588124,0.0190843804171108,0.05750616406645347,0.04067207166467479,0.02357418951947199,0.05111060865445697,0.01664567115647577,0.035353209082980716,0.018680620605747385,0.08434273286174188,0.07039956070932524,0.29537452760102073
2676130961,0.15722945400906574,0.06267967311605672,0.04753598845785286,0.03176782195807358,0.029899759897498844,0.014643022492113225,0.04616320509921725,0.04037598113634161,0.027407215995348688,0.04435974460846065,0.012338899835265996,0.033792004479042174,0.026545861731106728,0.06519913433896443,0.06426779504075282,0.29579443780483866
2676945414,0.12394887862441725,0.06768629477696309,0.050997555907275206,0.022675151006169448,0.03815261044176708,0.014400766605295176,0.05725852471548393,0.0302335346748926,0.021663059745685158,0.060165595357300525,0.012236614016387265,0.038965513528645405,0.021399270002261054,0.08824574437158822,0.06871991989405342,0.2832509663318152
2676945944,0.14014304641245395,0.08277957189583075,0.04234463627706704,0.028536827723264192,0.03342234919057674,0.016048731006500228,0.052814350184242125,0.03612905229164079,0.0255196041899557,0.05472922618308285,0.013569742889082102,0.038654618473895584,0.0234805200182172,0.06559744131163832,0.07559619922990933,0.2706340827226432
2677780629,0.14752845160804073,0.10258729287121678,0.04112428265340181,0.026260538131076584,0.026228237346167516,0.01616115938283967,0.03818491122667614,0.03265609354307309,0.021539240070200368,0.03699516564919194,0.01468070674117381,0.030841866124013483,0.01809382301323256,0.05044844256382097,0.07407108326065656,0.322598705815218
2681568311,0.14898467107868094,0.11049833135358336,0.03758696758866452,0.02501272696419481,0.02805022908535551,0.011448611346795631,0.04872447536625375,0.0274053962328186,0.018089258442219584,0.04475931896600487,0.009819559929860286,0.030951976921771592,0.021403925561400527,0.056258838169579724,0.10594490638610783,0.2750608066067085
2710777669,0.1857725809403835,0.06005254261011876,0.051051390548790335,0.035326291762223155,0.04030599610237196,0.02766023881046976,0.0379911065172217,0.04817123722773129,0.04701917589930769,0.042227892804461806,0.025356116153622533,0.04290082582340085,0.033162139173315244,0.05641870430784801,0.05943344423269485,0.20715031708603854
2836674932,0.18345037905633227,0.06134699224706312,0.046877348968064766,0.03452311921482722,0.044563279857397504,0.024912484161243902,0.04289886820007302,0.0500397311169813,0.04903034598286193,0.039371389300517576,0.02496080579000494,0.046184738955823285,0.035086871550372614,0.04742499409402314,0.06720464746687284,0.20212400403754052
2843414085,0.18704325498716176,0.08451134749771921,0.06170348842677501,0.030143995184485014,0.027012029382165664,0.017677266442820458,0.05227467246033314,0.03809147597415423,0.03257996858628895,0.04987161761801304,0.01693424752875671,0.030219237606162363,0.02680041007119814,0.06313779708999934,0.07507312622856767,0.2069260649153993
298035843,0.09172642230553635,0.04329098872832721,0.029453160072313425,0.02233101590652641,0.034712869605309456,0.010561885002244628,0.051960106286171884,0.03396061587740691,0.01751416542302139,0.03056940753952365,0.010598284376175396,0.033202295587182566,0.022549412150111015,0.05251823001977699,0.09363132287457987,0.4214198182457928
298036269,0.11550734660697168,0.045863211152768174,0.04020917506885549,0.02202768779043667,0.0488358266904476,0.015609264853977844,0.05018867008820781,0.03483420085174535,0.023429063686771254,0.035052597095329964,0.01700457418799064,0.04507455805093485,0.026698940778218612,0.06271005472039214,0.08023635326805713,0.3367184751088948
298036660,0.11235244006328343,0.04253377144943409,0.044572228307168074,0.023907752221005232,0.05038335158817087,0.016891809662894,0.05519045880491664,0.03737373737373737,0.025197760739929416,0.04659243032737009,0.016052087136424486,0.04723134964098819,0.02476572958500669,0.07001947182670074,0.06740294511378847,0.3195326761591821
298037362,0.11214647108069742,0.046991591744622,0.0452565549205887,0.021396765308970014,0.04266006624686056,0.013698297722612504,0.056291631783933316,0.033881750567223576,0.021700093425059755,0.03843773887089143,0.013934893653162498,0.04033050631529138,0.02295587182567127,0.06739950739513947,0.08195925696744681,0.3409590021718293
298037756,0.11926254868416265,0.04909062230796297,0.05191764034991932,0.023137868695325102,0.04562661522221818,0.01529380361324452,0.052433298147271865,0.0363872408061248,0.024666642400417375,0.04000291194991446,0.015233137990026572,0.0419138790812798,0.02398718742037637,0.07315667503852268,0.07078464917070093,0.31710527912253245
298038233,0.14366832890474285,0.08458001189046215,0.03493733241121586,0.018175420716097016,0.035677453014474815,0.01199966027250998,0.03677550079471966,0.021178369065385408,0.018072289156626502,0.03676943423239786,0.01041022094419976,0.03853480386804014,0.0184241497712906,0.04557808272364382,0.07422439000715855,0.37099455222703503
298346556,0.13060702022591875,0.07337507128210727,0.03741248983850811,0.020826508450721315,0.03332362683361846,0.011756997779638192,0.04289666217741055,0.028342979167424988,0.022349215593491796,0.034124413060095365,0.01130807216782538,0.035137528967835084,0.021232968126281563,0.04758611485215788,0.0826872444460622,0.3670330870309031
3285844504,0.1383768841600167,0.05040421425963594,0.05449851353465812,0.02522296980128305,0.04827622177019768,0.021723256663015698,0.05097793772492568,0.04309184791112502,0.032957805246961874,0.04828665310593022,0.020361967349919158,0.05169248422260471,0.02433630626401711,0.07703541438481197,0.0492359046575914,0.2635216189433057
3293930572,0.15035854010356672,0.06779573072652365,0.03657005282110354,0.027515747745503975,0.048270601786992925,0.020552494214584438,0.04095451573736808,0.038728557641418394,0.02637941948673246,0.03956394051658832,0.017579361373141145,0.050564013158577455,0.02369685460187001,0.056868300073679726,0.06716270767825824,0.2874391623340909
3298078412,0.16207601490298545,0.0756520056128127,0.03923525427009242,0.027465282818019063,0.03235230076934243,0.01731020467411816,0.035763536071998836,0.03524338317123917,0.03323535104272512,0.041019499685488944,0.01636062321575459,0.03468089224367349,0.027308027289882426,0.057912372381090635,0.07527096337155852,0.28911428847921805
3393443276,0.1990621094650505,0.0765782161880149,0.04788337640592582,0.03206784843300696,0.039469054465596516,0.02261007777332897,0.03989978039044395,0.044243439012848974,0.04289666217741055,0.03888666448270423,0.02265254370958153,0.041877479707349036,0.027906186680255768,0.05322801781142698,0.07095451291571118,0.1997840303813441
3411837455,0.14752666254140429,0.057153083633628164,0.05766267486865893,0.023289532753369976,0.04711292299105789,0.016598114512430387,0.06304978221041264,0.036011113942173524,0.026923403584125018,0.0527426928256834,0.016980307938703455,0.04592994333830792,0.020753709702859776,0.06926800859025224,0.06050182603525886,0.25849622053167354
3412640408,0.12354554168334972,0.06261298972324343,0.04875696138026426,0.024715174898991738,0.04052463630958881,0.015591065167012459,0.05488418932527694,0.03741248983850811,0.022482679964571275,0.04620293864278868,0.013655831786359941,0.0397299166454337,0.01962532911100596,0.0701294604399471,0.06578580181754208,0.3143449932661158
3412641574,0.13154733738579694,0.05713488394666279,0.059901236365401185,0.02306506994746357,0.04704619080551815,0.018363484148072654,0.05845739453281404,0.03655103798881326,0.02762712481345321,0.05152938036132445,0.017429233550516263,0.04603914146010023,0.02182142467149565,0.07702714179982771,0.06334704376418059,0.2631128744585593
3580287701,0.14669401466455634,0.06949513873187119,0.049479419016548766,0.026206703489561462,0.038211828547433706,0.017372438816929917,0.051169826760123605,0.03353359819976959,0.02438709260635033,0.05071761577139657,0.013792435156174294,0.04187258417046201,0.022217556553290916,0.06709411372029674,0.06636196259569108,0.2813936711995435
3580290951,0.1769060154828429,0.08446116907307513,0.04350915727252172,0.026874253044348977,0.04769749238239823,0.019864982719080077,0.04313769824606738,0.03477717841876891,0.030599610237195426,0.03992915361176609,0.017797732484899385,0.04515649730288446,0.026233620810319026,0.05118597715257814,0.08440733443156001,0.2274621273296941
3580293337,0.14796451220431325,0.05530432722848498,0.047406785318216564,0.027423366387803225,0.03841640018519117,0.022648233685411887,0.042701637649794885,0.04408518793673352,0.034206531218708605,0.033765087158284614,0.022599782508048283,0.03952539380040268,0.02543686811589521,0.0583083002250288,0.06788009948641753,0.2923274868912648
3580294479,0.17210934892384552,0.048833403318367295,0.06106463387060305,0.027024990040591317,0.05494901859448517,0.02775714116519698,0.043126931317764364,0.04228711091012845,0.040370597672190096,0.04212022352143157,0.027848660055772686,0.0585720899684529,0.02558760511213756,0.0688868072827503,0.04781054512957998,0.21165089311670274
3580295641,0.15450542114840055,0.05219806841306244,0.052364955801759316,0.026222853882016,0.04670155151436847,0.02325656513453277,0.04535568547649041,0.042529366796946494,0.03303831949783046,0.037641181347373404,0.02299277539110867,0.046965341257792566,0.025474552364955803,0.061102318119663636,0.05876589467790734,0.27088514917579165
3581097520,0.17142026551245196,0.06723408378823606,0.0512559621865478,0.025980597995197946,0.04520494848024807,0.02398871625913843,0.044801188668884655,0.03770039945304005,0.03399657611679964,0.04551180593688426,0.02347728716474477,0.04802050023148896,0.0263089893084402,0.06161913067820881,0.06852611518459899,0.2249534330350894
3581099408,0.1532833747860073,0.06427317850490434,0.0485211623975796,0.02624977120277356,0.04406365408012748,0.018917493028413924,0.048720350571185546,0.03846485136255477,0.031008753512710364,0.04426822571788495,0.020161073247413244,0.04488194063115734,0.028220119082227036,0.06546292408238852,0.07214380309441519,0.25135932469825684
3581102242,0.157557845322308,0.05937960959117972,0.04034368035143254,0.027477201029318343,0.04212022352143157,0.019348170160534903,0.04591018228409617,0.03773270023794911,0.03178935581467963,0.03926160405697858,0.0190843804171108,0.04255090065355255,0.027767908093500004,0.050712232307245066,0.07671436415904907,0.2822496419996339
3581102998,0.11633127685002745,0.041178117294916924,0.038690956856918285,0.0233157832401994,0.049129493846700484,0.015735865714870206,0.05387232576418274,0.0386532726078577,0.023907964296865748,0.03985378511364492,0.015455925578991569,0.04677153654833813,0.02271283525523004,0.06044015202902764,0.06161913067820881,0.35233157832402
3581134014,0.12453567621693208,0.04882801985421578,0.050039299288306034,0.025000807519622727,0.04559255789915695,0.016957912077263482,0.05780225459478665,0.039191619023008925,0.024650882349774438,0.036596789301980036,0.015983505065839766,0.0450865122689148,0.023951032010077845,0.06145762675366345,0.06929056709411371,0.3150349386823433
3581135722,0.1412944001205896,0.05951957965911905,0.05750616406645347,0.02467241620638048,0.046184738955823285,0.016634904228172744,0.05916427102511925,0.0370651506831616,0.026621230229227903,0.04170031331761362,0.01732398763956631,0.04600170117467188,0.023778761157229454,0.06416012575772258,0.0714870204679307,0.26688523531121805
3581136634,0.14469674946434533,0.05282793371878937,0.0832983408163485,0.022637466757108864,0.048176620691882804,0.01764161202450553,0.08136567718595561,0.03721050421525243,0.028354705686014836,0.049829344186397055,0.018223026152868846,0.047789011272973934,0.02175457863626086,0.07103480947920368,0.05876589467790734,0.21639372503418502
3764183351,0.13178416477153596,0.08120836760697407,0.05897485524427025,0.026519733552684638,0.032249479847099236,0.014290092095288788,0.07573264947339559,0.031713198174222995,0.021011757874872986,0.06308769213399784,0.012282059966774728,0.034951049176626184,0.022640763858647443,0.06942226738278415,0.07893421073853646,0.24519765810228866
3764183447,0.14952984629280172,0.10008306317640038,0.045092014644925085,0.02637860679666457,0.0334188158255512,0.015527975355236206,0.0531322075450396,0.028979371300462894,0.019128723730262417,0.05199916130384994,0.012475605232173677,0.036104256382961566,0.022459315172335927,0.06003128981790616,0.08470427896324252,0.2609554684601861
3764980144,0.1672029483395429,0.07160368381155144,0.05734181706746665,0.031245463782842205,0.040285640554184605,0.02338671956903921,0.049527426976984236,0.04269285979258399,0.033842196093611394,0.054539442912211085,0.020273866550539508,0.04273721391590458,0.025991516265866682,0.06805132175287497,0.05395880711601426,0.21731907549878227
3764980292,0.16730375316527152,0.0647892775922969,0.061128046321833523,0.03070918210996597,0.03835825228625345,0.02421331914001387,0.049019370655312006,0.04236221996419413,0.034826051192722696,0.05091450137901002,0.02108433734939759,0.0424952823341559,0.02652779793874292,0.06468040838051,0.05398703246721826,0.22760116772310124
3769106675,0.16395878419845605,0.14978950655167586,0.03818491122667614,0.030217384282438062,0.021829947134382032,0.014928346092143371,0.036634473551040624,0.029646737082377767,0.01650570108853645,0.06048860320639125,0.009135738665116229,0.027929412018045368,0.015848918462051963,0.0640793737954499,0.07695662004586712,0.24386554259935184
3769113313,0.14276946929810394,0.08543019262034734,0.05588035789269679,0.028559277323772305,0.035708517716980526,0.014847594129870688,0.06455311864078297,0.032284634516618754,0.020220291353079883,0.059729534761028026,0.0120320423786298,0.03747967742282804,0.0205809834512312,0.07315589435489948,0.07329586442283881,0.24347254971629145
3769118443,0.13852729954671233,0.07655824369865522,0.06592590199941858,0.023105828138290426,0.03441648632061759,0.013577096590113807,0.06439699818038913,0.030292752780559238,0.021867631383442616,0.06185600310087535,0.013302539918386685,0.03606382635098033,0.02012338899835266,0.08420276279380255,0.07738729717798809,0.23839594302141545
3769128287,0.1451274265964663,0.055691936647393865,0.06275504161417789,0.02673428297640966,0.04474197056321802,0.01755547659808134,0.07550308472495881,0.03536935947543525,0.029722105580498936,0.0677778136675388,0.015762783035627767,0.04791283094845871,0.02641665859147044,0.07626753663447355,0.058173713621241,0.21448797872454967
3769134635,0.15666419027315698,0.0687091529657504,0.05382387458681912,0.024893138236592484,0.03452953906779935,0.017749281307535773,0.04599631771052037,0.03353359819976959,0.02897918752759025,0.050071600073215115,0.01625806173756689,0.038104159264403456,0.024074851685562625,0.06232436448205692,0.06167296531972394,0.2826157175619368
3769135761,0.09512042809306931,0.05809834512311982,0.03422268161116316,0.02701422311228829,0.0364029845925256,0.014616105171355663,0.04938251666182155,0.03873402457013039,0.017286303390505717,0.05659635862484792,0.008279767865025787,0.040370597672190096,0.01966041108132261,0.09086749141337469,0.05142284957524468,0.3619249114420147
3769138653,0.13172260085920087,0.05282793371878937,0.06732021921466025,0.02416637057613833,0.045118813053823884,0.016656438084778794,0.07123938111696114,0.03472334377725378,0.022825888002411792,0.05900815056472539,0.014664556348719274,0.048090485265458616,0.02262669982880584,0.0817102188916524,0.0556219516134242,0.25167694908319604
3769149129,0.16612832025151544,0.09690773819137137,0.04602861849542944,0.02508155948189541,0.03284451478837602,0.014955263412900934,0.05432453675290976,0.03167630306749788,0.027735607308590933,0.05150360153751736,0.014626872099658687,0.034276516252678274,0.02712189239531854,0.052564143975365275,0.10487526513560946,0.2193492468533652
3769911112,0.15468307546540047,0.10128449454655082,0.05237033926591083,0.025646823217804197,0.03114872358064968,0.01283417853720512,0.05925040645154344,0.02942063158801425,0.01874522217556553,0.05430300289630372,0.011552914069145213,0.03198316052413407,0.02038717874177676,0.0624966353349053,0.09151350711155615,0.2423797064935345
3769914248,0.14272640158489186,0.07754880110253345,0.05525049258696986,0.024780085489410728,0.03536397601128374,0.013404825737265416,0.06630274449002443,0.03154709992786158,0.02234675969292721,0.05727467510793845,0.012225847088084241,0.03516478783767779,0.022319842372169645,0.07540618237023158,0.08017593160847143,0.24816154699225856
3769922282,0.13460813764441146,0.07270906683032399,0.04410133832918806,0.028338555293560292,0.03184319045619475,0.016284979058324454,0.04451586506885451,0.041926418811977124,0.02815551751240888,0.05004468275245756,0.014104676076962003,0.03464797527913262,0.02252441400992711,0.07639673977410985,0.06151146139517856,0.2982869817069888
3769926194,0.13782744920701573,0.06997426704135576,0.05599341063987855,0.02815551751240888,0.030895700765528607,0.013808585548628832,0.06294884632363232,0.03438418553570852,0.02206681955704857,0.04877418521270066,0.012430418725841705,0.0337597036941331,0.021969917202321346,0.07028650796214347,0.0839981911560451,0.2727262939156088
3769932632,0.12757733346253647,0.056047245281393675,0.057947608126877485,0.01900901191898963,0.03361973362619378,0.012731892718326388,0.057543848315514075,0.026319756236743215,0.020570216522928172,0.04814970337112525,0.0120751100918419,0.03203161170149768,0.01787848444717207,0.0568063137267569,0.052795632933880295,0.36889649751822307
3769935968,0.11173918192878754,0.053990761975516006,0.043832165121612456,0.028225502546378543,0.04330996909891577,0.016494934160233427,0.053237076994304286,0.03775423409455517,0.01869138753405041,0.05009313392982116,0.01137525975214531,0.04592633267655071,0.02242212819104837,0.07847475693659356,0.059158887560967724,0.32527428749851955
3769942572,0.11802168459360228,0.053904626549091804,0.04647544602000495,0.026895786900955027,0.04102199683452308,0.016177309775294205,0.056558674375787335,0.03705976721901009,0.024042550900653555,0.04756290577861042,0.014131593397719562,0.04264241954412826,0.025792176749895018,0.07365655652099011,0.07061489927538572,0.3054416055643486
3825152325,0.11442749851369224,0.06775136800980357,0.05107438818718985,0.022482679964571275,0.030702871910603138,0.010877346242977952,0.07284728036011114,0.03428821024278383,0.01497834237251119,0.03384535119329281,0.01064075031242796,0.028979968211213437,0.014790278940535556,0.04685812737354251,0.1007595336026887,0.34469600456205485
3825156933,0.14052584962205314,0.061794003809801136,0.06466955435033184,0.02555236049939941,0.04409177495480411,0.01634331889491501,0.06521554495929337,0.03755202077190938,0.027075067642169888,0.0545808612091872,0.01629478639634065,0.04337592060083234,0.02155449592933668,0.07797352552202767,0.06198813380409856,0.2414127810334996
3825161603,0.16292359771411932,0.10069280141714897,0.046833861124255326,0.025200499884735317,0.03223164561569541,0.01619165483687014,0.05051019789126294,0.03364515463667358,0.027966852303473715,0.04549921741346049,0.015148206117521443,0.035677453014474815,0.024126718353777648,0.05692255426539996,0.09921256021063103,0.2272170252004999
3825197145,0.1660296776228782,0.08237178320532887,0.05581843992283333,0.020456448149091838,0.04395831058372463,0.0168104441936932,0.05683155583057305,0.0299445516203788,0.026698940778218612,0.043618583093704116,0.017459566362125242,0.04196241157985416,0.02238561496742256,0.062048799427316524,0.08789842148048385,0.225706451182373
3825200937,0.12630582753976632,0.052888290321406475,0.0656341377594972,0.021105570317523872,0.04973367791407321,0.014857011126075298,0.07423652313180212,0.03285043497251847,0.02248874652689307,0.05910651670124607,0.014505150511411203,0.04611800677028354,0.019067205377400843,0.08444654751938267,0.054186534658270544,0.2624698188524491
3825204493,0.15526759606401436,0.05483565682670258,0.08474380907315061,0.02193062279328796,0.04478336305948871,0.016555648576177823,0.07831325301204818,0.03088486878025698,0.026171149856222476,0.05683762239289484,0.016252320460088086,0.04302405998616824,0.022173285286159743,0.08435554908455575,0.06718111115155485,0.1966900835972288
3825211711,0.15662112255994487,0.0701196205734466,0.06229744716129936,0.020984743262594613,0.04348223995176416,0.01743165692259655,0.07116939608299148,0.030556542523983325,0.027477201029318343,0.05216038416400185,0.01885827492274729,0.04277700614791606,0.02316504624395706,0.07438870764559577,0.07997135997071396,0.20853925083712868
3825228367,0.1453366335432364,0.07800992489595845,0.045875344277411766,0.02591635423870709,0.03274123685072617,0.01525740423931375,0.04622113832975406,0.03929919072058628,0.03127312876885184,0.04565088147150536,0.014650748007134276,0.03211638093158131,0.024059986168237905,0.06433589342263313,0.07993909171428919,0.279316662420073
3825966954,0.14190902583142234,0.06636819180043436,0.06270398815807035,0.024357247722005846,0.03687863235419017,0.015700263288804767,0.059458377315910166,0.034500539924046635,0.02108737063055849,0.049976340406945007,0.01443841832587146,0.03718196047027991,0.01780536041446754,0.0723134228757932,0.06845508923913175,0.276865771242068
3825983374,0.16555041919945646,0.07825865395115204,0.051856974726701366,0.023319865564978948,0.04130115628677854,0.019067205377400843,0.056097501789635885,0.034075880561521006,0.029950618182700593,0.04700372486926558,0.018691078513449567,0.04267826593382594,0.025000303328116088,0.06860675329717662,0.08318470255644934,0.2153568958613912
3825993336,0.16863829942124994,0.07123964134483554,0.055606110241570514,0.024521044904694304,0.040846164112643926,0.01989832441548672,0.050740727259491136,0.035222460840340204,0.032468241546245405,0.045772212717941255,0.019692061296545698,0.04232033875684005,0.026334947038910927,0.06988073138475352,0.07992089202732382,0.21689780269112705
3826010074,0.1491161018697145,0.06259479003627805,0.06753903832854075,0.02137249905968284,0.04397651027069001,0.018254286026280347,0.07512830779310595,0.03274123685072617,0.029210497579441632,0.05300355500552057,0.01960712942404057,0.04377024715174898,0.024296582098787902,0.0772576711680559,0.07791892646113154,0.20421262087625427
3826017230,0.15346582705444134,0.06699304771957923,0.06030162947863964,0.02306506994746357,0.04154988534197212,0.017768961040536768,0.0684065567405574,0.033390359019158204,0.0300537497421711,0.05127458474380908,0.018175420716097016,0.04287846249044516,0.024703041774348147,0.07418799063322777,0.08035768451449302,0.21342772904306045
3826021908,0.1635181208216552,0.08342129848699936,0.05495698807313847,0.020134920346036717,0.046239338016719436,0.016331185770271418,0.0573472136279256,0.0290163675851442,0.026729273589827587,0.048787294191873234,0.01656778170082141,0.044928960555211776,0.02229461653259564,0.06758757082711511,0.08425241752508524,0.2178866523495796
38385288,0.1457013464191111,0.08792617277621123,0.041363020470941515,0.025201108384907408,0.031274032299410406,0.013934156077196324,0.05013366536053026,0.03157920435541558,0.02289400764150828,0.04364570744986023,0.013238363789504522,0.03250692740567132,0.0213559404792422,0.060247067296541786,0.07059239999511725,0.3084068797988305
38386804,0.1782659338259382,0.0772576711680559,0.05929458013322171,0.02803358448901345,0.03551365583178636,0.01590045984542399,0.06039869447578835,0.03238937623606207,0.028373311979033963,0.052924689695337236,0.01702884043727781,0.03711522828474017,0.02768172387434936,0.0648151518460549,0.07938096798068406,0.20562612989723245
38387743,0.13426433004746258,0.08938785444809541,0.04518680783741025,0.021656322258731896,0.03316295484970184,0.01150663259096994,0.05404648898624802,0.025264695144213214,0.01909456005841548,0.04347085310940733,0.01019228428866983,0.03062553243276135,0.01840087623220153,0.0708774491907022,0.08792138249969576,0.30494097602531334
38388916,0.10951404401801736,0.07412018896253708,0.05761038073265708,0.01853004724063427,0.04345039733401692,0.008557024450385127,0.08348897108189596,0.022509490850941758,0.014672672452728847,0.06741861061266342,0.008123680130857779,0.035021545147153964,0.01492291353865309,0.10428339497808864,0.07114170969592656,0.2666349287728421
38389924,0.10620055981501764,0.0567907995618839,0.04507727881221857,0.01906413532919557,0.04117682852622612,0.01095290251916758,0.07417548983814044,0.02632347572106608,0.019070220275039552,0.05222709017889741,0.010265303638797615,0.03501277838627236,0.016782280637702325,0.07960326153097236,0.07373128879152975,0.3335463064378727
38391649,0.16173298535387842,0.07101998498444817,0.04608344356655107,0.028070739933025876,0.036251832254835366,0.018251045725930427,0.050433186752946495,0.03681789472429778,0.03128239962818634,0.04799613885810304,0.018543014789126837,0.037360122984519684,0.025443018364258215,0.06304744199349326,0.06503759846507692,0.2626291516213221
38392491,0.10105269563100887,0.055074844833880976,0.04142022635998539,0.019106729950103443,0.03803091152488743,0.010356577826457344,0.06967871485943775,0.02445539734696361,0.016258975295119875,0.04476694657417549,0.009717658512839235,0.03305951077035414,0.016703176341730557,0.0795910916392844,0.07166849215041984,0.3690580503833516
38394496,0.07725447243519536,0.05060240963855422,0.03484848484848485,0.02023852987708409,0.03396008275526348,0.00834854569794329,0.0861810879883169,0.027485700377266643,0.01466471948399659,0.03734331264451746,0.007764390896921017,0.024193744675672386,0.012900085189241815,0.08747718145308507,0.05008518924181575,0.42665206279664103
38396135,0.119311081182737,0.06862495298414201,0.061345078197988324,0.017963091034834202,0.047664980162341206,0.011198874046033074,0.07576529683689441,0.022312816219561025,0.018084422281270097,0.07867118018903407,0.010052293767213873,0.03974204977007729,0.016276586709375266,0.1098715102100244,0.06803042987660612,0.2350853565318677
38397358,0.1455373733740934,0.07599952046993945,0.04369118264101181,0.0283701972067374,0.032038602169873524,0.016298027932626028,0.05029071509920279,0.034921776658874304,0.02948510459749445,0.046130791824012474,0.01661571659773422,0.032482167475873645,0.02439009770424984,0.0647305640472337,0.0729125457052089,0.2861056164958341
38398055,0.12212431816819518,0.06766768566804532,0.04276209314871426,0.021440987831924715,0.03324342144698196,0.01078343223640832,0.05680033567104239,0.02420427980579033,0.019049331654978126,0.04717976383144518,0.010651561469759636,0.02935323383084577,0.01879757837319427,0.07487861895342564,0.07330815800515494,0.347755199904094
38399148,0.1564275118491986,0.08784085290109385,0.04549730453344912,0.02428934959055441,0.03287021961720757,0.015015015015015015,0.04455660479756865,0.03021696395190371,0.02595366450788137,0.04355560379656765,0.01526225020200924,0.033732527708431326,0.022456191130889928,0.05785906388316026,0.07569014797930462,0.2887767285357647
