10474547324,0.15262253834615572,0.05948291156594249,0.0594748471798842,0.02705198303253173,0.04497911324010903,0.0197133917194884,0.055656360381284166,0.04265657005532169,0.036104256382961566,0.054991048531475295,0.019370655312011098,0.04881372881082563,0.02466089256624893,0.07424073805261205,0.06349494362994144,0.21668602119320654
10482519424,0.17169077918098094,0.05660795793616232,0.0563176400380639,0.028777761649005664,0.05180561603845099,0.02401170948855664,0.046761342558990976,0.04426541507395042,0.03982193835583297,0.04552749149207271,0.023701230625312496,0.05364429605974097,0.02756407154723311,0.0618215835228464,0.05828938242931565,0.20939178400348385
10482728394,0.1661102240286447,0.05787003435428461,0.05932565603780584,0.029939033241399324,0.042991242076740696,0.02347542781568039,0.05021289979193884,0.04364042515443299,0.03908807922452864,0.05023709295011371,0.022878663247366975,0.045075885872808495,0.029656779729359206,0.06561184497024242,0.06354736213932033,0.21033934936533286
10482935065,0.15633531103265025,0.07582596246011235,0.04713112267802328,0.025728290806731457,0.03656923767577865,0.018278552275567527,0.044837962120384864,0.03595044831895558,0.026322813914267343,0.03609604581467865,0.018721411325058543,0.039159659787185,0.02482437302078404,0.05563644305317948,0.08943932831021972,0.2691430374064233
10490159076,0.13787476188742884,0.050698261323238576,0.0483687013916694,0.029137698831580093,0.05168711098169111,0.01868501195112777,0.055308848687802566,0.03924459165969012,0.026031618922821197,0.04969121197782065,0.01584586078452784,0.05156577973525522,0.02762712481345321,0.06349264125990366,0.06220046348536139,0.27254031230662834
10490170984,0.10294855894164896,0.06419058587290337,0.035162709662178125,0.024701748169147174,0.03470499645641389,0.012985766595794944,0.05066589888967635,0.03501506024096385,0.018803153791637137,0.04307671863926293,0.010675053153791638,0.03501506024096385,0.0194971060713442,0.06894489723600283,0.07237036380817385,0.3712423222300968
10523789076,0.13402249481308925,0.04924835292832963,0.052669894077821855,0.024357247722005846,0.052402965335662896,0.01710163918513935,0.06265545565949598,0.03238330967374028,0.02787585386864679,0.06465135466336645,0.01542120142200221,0.049412150111018086,0.022634344022616142,0.07534670403669057,0.05291862313301544,0.2668984093473592
10523798314,0.12557419219361105,0.06360737065910702,0.050200803212851405,0.022560831561540283,0.04037719505472872,0.012612541669947764,0.06684909572932253,0.029424889098879175,0.022823319421476758,0.059965351602488386,0.012894716119379479,0.03202351891225031,0.02195054728718797,0.08317584061737143,0.06444076961440533,0.2915190172454524
10523803074,0.1033984882126694,0.044959293366820766,0.043381987163154126,0.01765369635642267,0.04656693238209636,0.01267911525255099,0.05427146653077568,0.02363532680571228,0.01983765879226877,0.04924835292832963,0.011235273419963844,0.035701719263762,0.016555648576177823,0.0719797619480945,0.0366238367366748,0.4122714422645264
10536056213,0.12202283454057924,0.04860529732221938,0.04703405768087456,0.026874871085550662,0.049023890122423225,0.01746563292444703,0.06577366869289847,0.0381101445055145,0.024187383976995595,0.05901551826641915,0.014875210813040685,0.05191157378759752,0.02496997051650712,0.07436998750288161,0.06095075164707168,0.27480920661497954
10536057123,0.04218687438576056,0.028458243851539087,0.020868974386973882,0.00781979883279341,0.019867991603877748,0.004082796442567854,0.03798881325907861,0.009548769094504908,0.00655188730753831,0.02914983195622368,0.0033972749002050494,0.013661898348681737,0.005496305463546027,0.058566592654606335,0.01738070105194191,0.6949732464601609
10536163974,0.07498627216641365,0.043595292698945916,0.027423366387803225,0.014357698892083078,0.02413406979122926,0.009464129978358474,0.03187549124110382,0.019095147345413826,0.01448151856756786,0.0307611141617408,0.008107497012177394,0.018799056817080655,0.0120751100918419,0.046685401121913925,0.03248920615437622,0.59166962757195
10536426625,0.11408170446134995,0.05716521675827176,0.037928147635860665,0.01920673631080212,0.035543988643395336,0.013540567102245842,0.03871680073769398,0.027238864824858343,0.02399325398269816,0.03789781482425169,0.013692231160290709,0.02699620233198656,0.01804802290733933,0.060447226974362715,0.045723680219366895,0.429779541125226
10559720545,0.165493071481637,0.07848014040074505,0.03911625052488776,0.03166015267504334,0.03798033958891868,0.023870280047805163,0.033646650946951344,0.044165939899006204,0.03690364675861624,0.037802685271918775,0.020920141692776468,0.043579142306491375,0.029819007935226162,0.05332859588488,0.07238605898123325,0.2508478956038632
11367666426,0.14331646829007874,0.05081959256967448,0.0489450248122399,0.024806173333818658,0.055581843992283324,0.02112983656681105,0.055072252757252575,0.039171792911828575,0.03079993690775185,0.052572829080673136,0.018988340067217512,0.06018029823220375,0.026893070772516046,0.06809109549982408,0.05342214780572441,0.2502092964001019
11367687715,0.15019594996299396,0.05320981812446159,0.06073235540348705,0.026571542969460925,0.04079763161406957,0.018557614142370085,0.0555029786821,0.03787961513728631,0.03050267535398391,0.05201470534706803,0.017368567927298316,0.04392191120979386,0.02518230019776993,0.07836785207294433,0.055320981812446164,0.25387350004246595
11367698445,0.13184459893956493,0.05660102646234485,0.04439510307089385,0.02669287421589682,0.04418883995195283,0.020935706572513615,0.046542666132809184,0.03784928232567733,0.029350028512842914,0.05129278443077446,0.017987357284121378,0.048690229194724516,0.02788798699329038,0.07348426940389959,0.061933534743202415,0.2803237117654909
11367710756,0.12624516191654836,0.05981630449289605,0.05671629114645895,0.02491537145561096,0.04319999029350029,0.01877601038595469,0.055897305233016656,0.034997998034433805,0.024787973646853274,0.05524818306458462,0.016695179509579102,0.046852060811220717,0.0235989274317815,0.08317863599412756,0.0607990875890268,0.2682755189944066
11367716826,0.10888872711389364,0.0483626348293476,0.0427207318700785,0.02655334328249554,0.04055496912119778,0.015554665793081691,0.06089615258617553,0.038650068552154235,0.022173285286159743,0.05208750409492957,0.012272655576990742,0.04228393938290928,0.02000145597495723,0.07243475412222909,0.061405743821206275,0.33515936859219353
11367731175,0.1113578179788641,0.05402273747558209,0.04455283369126051,0.02382339023768791,0.0405367694342324,0.015797328285953482,0.06340164282507674,0.036011113942173524,0.024217716788604567,0.053452480617333376,0.014183622708356084,0.0422596731336221,0.025637292371904537,0.08663050995522877,0.07110617697375606,0.2930088935803637
11367738404,0.18502408425241754,0.06960166951795096,0.054878122762955145,0.02975042162608137,0.0377764835778158,0.02351399555927638,0.04194421189288877,0.042465936252563126,0.03920819228575935,0.04381271308800155,0.021663694051128987,0.03996044601366191,0.030266079423433918,0.05959790824931145,0.069098144845242,0.2114378966015118
11367749426,0.14597362258702484,0.10704449216806804,0.041070626918550325,0.027608925126487827,0.033196229024860774,0.013528433977602252,0.045220155546657925,0.03310523059003385,0.02442397990754559,0.042101942513255435,0.01166599934481127,0.03517392834176585,0.021863890607748213,0.056109634914279484,0.09335832757009913,0.2685545808612092
11367760666,0.1327606498501559,0.06358970625705238,0.06099928414564604,0.025158033948482757,0.03983911476722601,0.016325119207949622,0.0605806913454422,0.03555612176803892,0.022318882781882817,0.04648200050959123,0.015324136424853491,0.04232640531916184,0.022161152161516155,0.07583202902243415,0.07136703915359323,0.2693796333369733
11367788084,0.13002463024302646,0.06722964365012922,0.040069644135454205,0.02536429706742377,0.037194093594923504,0.01967992817190211,0.04617260583117971,0.03638117424380301,0.02961695725500188,0.05509651900653975,0.015578932042368872,0.0426115337482862,0.0281003166745532,0.0772637377303777,0.0682912920564433,0.2813246945485871
11367797404,0.14754486222836968,0.0770332083621495,0.049412150111018086,0.027869787306325,0.03503439740836457,0.018339217898785475,0.05380434123199748,0.03678763391936325,0.025540227374755826,0.051869107851344964,0.015172472366808624,0.038546936992683724,0.023562528057850737,0.06938933983668814,0.07225882381489705,0.2578349652385979
11367807584,0.11522221817784735,0.05749281112364867,0.04581467865419382,0.026316747351945547,0.051662844732403936,0.014541549885341972,0.06679285116295999,0.03502833084604278,0.018060156031982917,0.04968514541549885,0.011241339982285638,0.04699765830694378,0.02048678096070081,0.07389072907945983,0.06541574151591259,0.30135041677283153
11367820773,0.1598175178053604,0.061405743821206275,0.042854196241157994,0.03303849840449411,0.04032443975296957,0.021451364369866173,0.039293124158264484,0.04895109137456169,0.040852230674965725,0.03810407794319271,0.022458413715284096,0.045383952729346394,0.03176452031691722,0.056352297407151274,0.06831555830573048,0.2496329729795314
11367841723,0.10578264720513474,0.04828376951916428,0.042399204067023376,0.025613026122617358,0.04289059561508875,0.015864060471493222,0.05752921049757944,0.03778861670245938,0.020826508450721315,0.047804511095742484,0.013303971171695845,0.04205947657700288,0.022227884347055898,0.07609289120227132,0.06026523010470886,0.34126839685024085
11367884653,0.15599558354262974,0.11508875380676785,0.0360414467537825,0.03146119220082748,0.030090149116101875,0.017793227289823948,0.04070663317924265,0.03448840679940305,0.02083257501304311,0.05512685181814873,0.012017859959475364,0.03687863235419017,0.01981945910530339,0.06021063104381271,0.07761559834504178,0.25583299967240564
2312989469,0.15096848520085704,0.05947651194590695,0.05515359023224264,0.030125865391862364,0.04517803115949051,0.018352229292505143,0.05996102371954305,0.03593462321134404,0.02671274911980361,0.05529356030018196,0.015342872831809812,0.04996393079018487,0.02676658376131873,0.07100789215844612,0.058852030104331536,0.2409100207801716
2312991971,0.14303864250567955,0.09607868471203851,0.04311616438946133,0.031035670833467918,0.03367895173186042,0.009695618936873499,0.08478417692216587,0.032925266750648705,0.02566835707441024,0.08555939575998361,0.008096730083874371,0.037275105785070574,0.030217384282438062,0.05220345187721395,0.0969185051196744,0.18970789323513892
2313001011,0.12986530572692914,0.06406322340299536,0.04802588369564048,0.02705729082550039,0.04127501964964416,0.019213583556747096,0.05097063858651765,0.036935947543525305,0.02495773980641063,0.047595206563519496,0.0156874145375066,0.04627087438224749,0.025016957912077264,0.07738191371383657,0.06685185783347869,0.27883114226342365
2313005255,0.12788957438332418,0.04845117736360994,0.043972135189551766,0.0323061683732248,0.05001238196754848,0.02068865273426144,0.05475521388503074,0.043977518653703286,0.024365558749744286,0.04016064257028112,0.01693637822065743,0.05351701713018293,0.026373590878258343,0.06329877149348062,0.05670941137202967,0.2965858070351109
2313009581,0.12566620368874964,0.05811449551557436,0.04547950515197519,0.0302335346748926,0.04453201546130904,0.019402004802050024,0.06004715914596725,0.04102199683452308,0.024844687059228876,0.05547659808133337,0.015073699624234204,0.04913487731085199,0.024457077640319992,0.07171312596229422,0.05937422612702822,0.27542879291966793
2313010863,0.14972490498185773,0.0623189810179054,0.057576149100423135,0.02676658376131873,0.03464797527913262,0.019859599254928563,0.057748419953271526,0.035837720856616816,0.02854312693131776,0.05723699085887787,0.01746934117165714,0.03969766465325107,0.025722191715925363,0.07832401994035121,0.06697567750896347,0.2415506530142016
2313044423,0.13418284397644195,0.05959494815724022,0.037118985324676716,0.028833833995499426,0.04772440970315578,0.020295659851201048,0.0482143049409434,0.03883092692485761,0.02564143975365268,0.05152513539412341,0.01625806173756689,0.05252645972630468,0.026621230229227903,0.06793393412793264,0.06092466380266374,0.2837731623545119
2313044951,0.1337198660594119,0.05217653455645639,0.04921562927312467,0.029242977271014357,0.04571099411049022,0.020166456711564758,0.05430838636045523,0.04318076595927948,0.02904917256155991,0.04277162268376455,0.019579659119049925,0.048208921476791886,0.0273695317462881,0.06326647070857155,0.06361639587841984,0.27841661552375724
2313793778,0.14515972738137534,0.0664157972372062,0.04802588369564048,0.03187010777695232,0.04377294701594583,0.019170515843535,0.05415226590006137,0.041888734562916544,0.024177137504441358,0.04348762341591567,0.016607986907415183,0.04717529635970154,0.024796235881865258,0.05983720404405826,0.06510223198423722,0.2683603044887324
2313794286,0.13113041980253454,0.07410338404556564,0.03751197820773712,0.023719543051562816,0.030362737814528893,0.01662952076402123,0.03841101672103966,0.03159016764107368,0.023703392659108282,0.0600256252893612,0.01205357623523585,0.03510556973201116,0.022831271466563302,0.10088611819933893,0.05515359023224264,0.3067820881380751
2313794806,0.15935053888476156,0.06268505658020823,0.04700302550685315,0.0311594905089527,0.03863712221540317,0.021275450326776274,0.04477427134812709,0.04310539746115831,0.033113687995951636,0.041027380298674594,0.01908976388126232,0.04263165261582523,0.029135307987984107,0.06125305511590597,0.06845613015062932,0.25730266912152633
2313806826,0.12986530572692914,0.04222250934031031,0.0825877235483489,0.022836654930714816,0.05432453675290976,0.016538001873445524,0.10166672050130818,0.03247843922607319,0.01971424572283773,0.06894064192426544,0.016193460167748742,0.05453987531897025,0.019908050432292167,0.07822173412147247,0.05426531864724313,0.20569678176513026
2313807296,0.13277237636874575,0.0512559621865478,0.06639426338060014,0.027229561678348783,0.04444588003488485,0.01711403253765733,0.0825877235483489,0.03833026475876697,0.02603443263671307,0.07003886861117392,0.015854301926203473,0.04826813958245852,0.025350732689471016,0.07740883103459414,0.059169654489270765,0.21774497453621453
2313814382,0.1580369736317926,0.10234503698439873,0.04305156281964318,0.030362737814528893,0.02775175770104547,0.015498993292203668,0.050071600073215115,0.03652680426801038,0.028187818297317962,0.05673632869278724,0.0113268085747817,0.032962950999709285,0.02641665859147044,0.06608202245981244,0.08250697158607621,0.2321349742132067
2313824004,0.13152879614974644,0.08046125520850156,0.044392045393369724,0.024968506734713646,0.033948124939436025,0.017410123065990504,0.06321801953120794,0.031342528290104116,0.02577064289328897,0.06709949718444824,0.012161245518266094,0.04118350075906845,0.025286131119652874,0.0752392949815347,0.0689729427091745,0.25701734552149613
2526819633,0.13323535428577582,0.07388804547950514,0.056445621628605565,0.02631437277259171,0.03475026109801135,0.015149068122355376,0.06860148368272016,0.03409886193567837,0.02038717874177676,0.05710240425509006,0.011030718046448527,0.03749582781528258,0.018389913541565727,0.07512085877020144,0.06566749572014602,0.2723225341042454
2526821247,0.14947188216673665,0.07287595421902085,0.04686843890306534,0.029399097731408207,0.03438418553570852,0.016904077435748354,0.05316709196033464,0.03883092692485761,0.0318647243128008,0.04853192932588263,0.017393972673535967,0.037474293958676526,0.030395038599437967,0.056843997975817476,0.0862915468845893,0.2493028413923792
2526822293,0.11651431463117888,0.0758422429665041,0.044838872917945236,0.031111039331589086,0.03365203441110286,0.01625806173756689,0.056451005092757085,0.03823874586819127,0.01640879873380923,0.05912658677605865,0.009544881940631156,0.039923770147614585,0.017964619873596262,0.07882468210644185,0.056951667258847725,0.30834867620616513
2527635810,0.16426564165509222,0.07949761512538088,0.04466121860094534,0.025173078372471118,0.033399011595981784,0.01594043735262767,0.04881725292591277,0.035180938230132325,0.02571142478762234,0.03268301086383066,0.01596197120923372,0.035665450003768424,0.02398871625913843,0.04978627647318497,0.08780430031116422,0.2814636562335132
2529883965,0.14967645380449413,0.07027574103384046,0.06111308504796665,0.026922704221712588,0.03216081484113397,0.018088439549081042,0.06671188776553937,0.036607556230283056,0.029011488312499323,0.04890877181648848,0.017587777382990406,0.03594539013964706,0.02275590296844213,0.06697029404481196,0.0673902042486299,0.24987348859243946
2529904153,0.12017507025420718,0.08985540015289038,0.05606339567384821,0.023116595066593453,0.03141251332407378,0.011014567653993992,0.08387975494471182,0.027837893127469662,0.015848918462051963,0.06525296898047955,0.007692970272510954,0.03344746277334539,0.018287627722686998,0.08985540015289038,0.07358118802286896,0.2526782734153773
2529908955,0.15026863486116046,0.08245313694456109,0.05449680760575815,0.028731548176620693,0.03361973362619378,0.013808585548628832,0.05731774282115056,0.03302216910537593,0.02081785587389773,0.059530346587422074,0.010804612552085016,0.03679059401143448,0.02007493782098905,0.0660228043541458,0.06507531466347966,0.2671651754470967
2529912059,0.1472538949363136,0.04604476888788397,0.06853688211290201,0.02996436146731699,0.05407151393778869,0.016909460899899868,0.0867814421223769,0.0442036241480668,0.02444631071201697,0.044052887151824455,0.01875598910386856,0.052564143975365275,0.022335992764624175,0.05596649331912098,0.061156152761178764,0.226956081699452
2530700122,0.16141240565479076,0.06660960194666064,0.060784693734724414,0.030744963769286263,0.03707591761146462,0.01908976388126232,0.05346856595281932,0.04124810232888659,0.03458875717346598,0.04971090797506379,0.01970347879453471,0.039439258373978485,0.028365472614317863,0.06509146505593419,0.07111017797732484,0.2215564671554852
2530717492,0.11756947360487527,0.06392325333505604,0.041032763762826094,0.027929412018045368,0.046647716872853344,0.013738600514659171,0.06585591696544893,0.037420459317161404,0.01766852934526309,0.05048612681288155,0.009857122861418866,0.044838872917945236,0.021017044047503687,0.06660421848250912,0.06698644443726649,0.3084240447042863
2530722110,0.13908717981846958,0.07011423710929507,0.04944173476748818,0.030712662984377182,0.03234385262228539,0.015380557080870397,0.059605715085543236,0.034653358743284124,0.022610549436351303,0.053570851771698055,0.013480194235386586,0.03736124121149477,0.027541802599136488,0.06726638457314513,0.0866953066959527,0.26013437126522176
2530723970,0.12499865413396212,0.07659592794771582,0.03755504592094922,0.023568806055320482,0.04171108024591665,0.015289038190294691,0.052429557371577465,0.030104331535256306,0.020446396847443392,0.056133380707817856,0.011429094393660431,0.042545517189401034,0.01996726853795881,0.06802545301850835,0.06532295401444921,0.3138774938897682
2530726828,0.13551255962186548,0.07477631706450467,0.047315266427640855,0.03304908642613349,0.03302755256952744,0.017006363254627087,0.0523595723376078,0.04422515800467285,0.031105655867437583,0.049716291439215306,0.014346931963780053,0.04038674806464464,0.027590253776500102,0.07050722999235548,0.06300806442929896,0.26606694876018827
2530728110,0.11812397041248103,0.06550599179560064,0.04477965481227861,0.02114624718713998,0.040155259106129604,0.014804526416658591,0.05641870430784801,0.02864002928604498,0.019676561473777145,0.06023019692711865,0.012241997480538776,0.03896013006449389,0.020118005534201143,0.10000323007849092,0.06255046997642043,0.2966450251407776
2530731872,0.14739924846840444,0.0836482659861968,0.037118985324676716,0.026890403436803517,0.03664524047934365,0.014885278378931275,0.044289759574490994,0.03426574932437525,0.027229561678348783,0.04081742519676562,0.012920313963629316,0.03731817349828268,0.02517846183662263,0.05477136427748528,0.08769663102813399,0.2889251375475091
272681965,0.06501609655781304,0.05406074700948566,0.02533458229701649,0.024247122538411017,0.022222940017442426,0.008565091465055933,0.04975397568827589,0.0363599168793135,0.008107497012177394,0.041431140110038005,0.003956846151361478,0.02552300354231941,0.012634990363599169,0.07205766766799102,0.05466907845860655,0.496059304241093
2783318887,0.15660497216749036,0.07499703909471665,0.05641870430784801,0.02379491154968399,0.04261011875921918,0.016947145148960452,0.05837290179484695,0.033275191920497,0.02802631437277259,0.05055611184685122,0.016268828665869914,0.04470428631415743,0.023821828870441552,0.06522605165972199,0.08186095588789474,0.226514637639028
2783321037,0.151388395404675,0.07302130775111168,0.06484382570496464,0.02498465712716819,0.04488194063115734,0.017237852213142113,0.06817080655059918,0.035175554765980804,0.028413923791681475,0.05859362382505895,0.016618753835718206,0.04715376250309549,0.023951032010077845,0.06833231047514456,0.07934687812913856,0.19788537528128602
2784174718,0.16109478126985152,0.08064429298965298,0.05881972931942246,0.02374107690816887,0.038545603324827454,0.01659721997911216,0.06102156615739096,0.031552483392013095,0.027897111233136297,0.06159759682160276,0.015525910612961227,0.04047288349106883,0.022637466757108864,0.07206843459629404,0.07788795934407873,0.20989588380330976
2784176470,0.1162236075669972,0.0942213895797668,0.038545603324827454,0.025361499617774046,0.02556607125553151,0.012317365978659948,0.054760597349182254,0.030771881090043817,0.015875835782809523,0.05695705072299924,0.008408971004662077,0.029452932372923325,0.018379146613262703,0.07046416227914339,0.08835341365461846,0.31434047180679825
2830852009,0.13167414968183727,0.04824660572585247,0.047062243612519775,0.0279401789463484,0.04858576396739774,0.020532532273867588,0.0598479709723613,0.0390893332041302,0.0280747655501362,0.045576407506702415,0.01817457497550524,0.05295713685842566,0.030023579572983624,0.06649116573532736,0.06208210859523886,0.2736414828213659
2830862791,0.14614490132110214,0.07299439043035412,0.05841596950805904,0.02854851039546928,0.03894397967203937,0.017819266341505432,0.0661520074937821,0.03915931823809985,0.02533458229701649,0.05352778405848595,0.014987564197810006,0.04231402823088601,0.022029135307987984,0.0700334851470224,0.07005501900362845,0.2335400583567514
2830891655,0.15188905757076562,0.07712889089871551,0.06017636228560354,0.02341806905907813,0.03370586905261797,0.015956587745082206,0.06577516500317625,0.03152018260710402,0.03249458961852773,0.08419737932965103,0.014718390990234398,0.038911678887130284,0.026545861731106728,0.09485125488549373,0.06264198886699614,0.1860686714687167
2830902241,0.1215478536128428,0.052924836073516585,0.040203710283493226,0.03106258815422548,0.04466660206509685,0.017356288424475383,0.05639178698709045,0.04416055643485469,0.022287541587260568,0.037878053770039936,0.01412082646941654,0.046238573597338406,0.02518922876492565,0.05970800090442197,0.06599588703338824,0.3202676658376132
2830930075,0.10269496215424702,0.06236743219526901,0.04124271886473508,0.02508694294604692,0.037711166381343066,0.012495020295659852,0.0683538443317506,0.03406117768661778,0.015854301926203473,0.04574867835955081,0.009146505593419252,0.03691441368691926,0.020091088213443586,0.07951914898198692,0.07590684453632224,0.33280575384648514
2830940393,0.13762287756925826,0.06427856196905585,0.04318614942343099,0.02727262939156088,0.04158187710628034,0.01650570108853645,0.06382096751617733,0.038583287573888035,0.02794556241049991,0.04957093790712448,0.01404545797129537,0.045215715408551085,0.025409950795137654,0.065888217750358,0.06948975526771968,0.2695823508511257
2830957447,0.10526287455451834,0.05568116971909084,0.03735585774734326,0.0276333214897122,0.03899781431355449,0.015057549231779663,0.06213055977260248,0.03962767961928142,0.01836837968495968,0.04047288349106883,0.010524672416206379,0.04001528903819029,0.021017044047503687,0.06865531832423527,0.06784241523735693,0.35135717131259625
2831712528,0.14952033334410025,0.059977174111997586,0.041592644034583376,0.03184857392034626,0.043530691129127774,0.020979359798443103,0.04867728285797345,0.039939920540069125,0.031105655867437583,0.05027078824682106,0.018664470213292848,0.04732603335594388,0.031837806992043235,0.06312650064063223,0.06705104600708464,0.2545517189401036
2831723610,0.1077554184566685,0.050410758314760384,0.037770384487009694,0.02720802782174274,0.04608245313694456,0.0157789334280823,0.06257738729717799,0.03726433885676755,0.021011660583352174,0.046534664125671595,0.01113300386532726,0.04661003262379276,0.024710100455441062,0.07532543040795892,0.068757604143114,0.3210698019961885
2831732456,0.16177848121709354,0.09322544871173703,0.03525092326410199,0.03308677067519408,0.04088741023073527,0.02017722363986778,0.036607556230283056,0.03956846151361478,0.031008753512710364,0.05080913466197229,0.014255413073204343,0.04787514669939813,0.025776026357440487,0.05870667657224071,0.06065010713093661,0.2503364665094695
2831734788,0.13461890457271444,0.07397418090592935,0.04259935183091616,0.0288230670671964,0.04134500468361381,0.01816380804720221,0.05252107626215317,0.037016699505798,0.02237367701368477,0.05267181325839551,0.012844945465508146,0.044542782389612075,0.022217556553290916,0.06914521356202287,0.062060574738632815,0.28508134414332936
2831758218,0.11067325602678812,0.08361058173713622,0.0358754051056774,0.033598199769587736,0.035159404373526285,0.016005038922445817,0.05036230713739677,0.03976226622306922,0.015757399571476254,0.05141208264694165,0.008570474929207449,0.04048365041937186,0.018206875760414312,0.06964049226396202,0.05641870430784801,0.3344638608051509
2831778296,0.12689901697944594,0.07213841963026367,0.036860579045404136,0.027961712802954446,0.04189411802706806,0.017216318356536062,0.05208501566588068,0.0360476759585258,0.021060111760715785,0.050976022050669166,0.011014567653993992,0.044392045393369724,0.023778761157229454,0.06987198122247704,0.06683032397687264,0.3009733303185934
2831788216,0.12488560138678036,0.07332816520774788,0.047681341989943685,0.026465109768834046,0.04282007386112816,0.01720016796408153,0.07030804181874953,0.03349053048655749,0.01856756785856563,0.055029770556757854,0.011687500672933018,0.04387523283482455,0.01988113311153461,0.08114495515574362,0.06343874156141995,0.2701960657643981
2831800840,0.15284731418973482,0.04740140185406505,0.04440281232167275,0.030852633052316506,0.05694628379469621,0.023025076176017744,0.050475359884578526,0.04636777673697471,0.03597769092455613,0.04264241954412826,0.021733044779654813,0.059842587508209776,0.03053500866737728,0.050168502427942324,0.06026788117617925,0.24651420696189585
285683956,0.10004091432755148,0.08244237001625807,0.04916179463160955,0.028693863927560105,0.01546130904314308,0.008688911140540715,0.06964587572811352,0.033162139173315244,0.010454687382236722,0.06539293904841888,0.005216576762815337,0.02270745179107852,0.016053490099809425,0.08792811998664901,0.0802513001065926,0.3246982568343077
285685885,0.10693713190563864,0.06250201879905681,0.03360896669789076,0.020957825941837045,0.04737448453330749,0.009695618936873499,0.05628950116821172,0.026551245195258245,0.01028241652938833,0.055589650828515136,0.005184275977906263,0.043202299815885525,0.01680717508102114,0.07797409477050292,0.05762460027778675,0.3694186935409197
285686822,0.1110124142683334,0.0843158155409843,0.05462062728124294,0.022395210870290814,0.030944151942892205,0.008963467812267837,0.07359733841532348,0.024112535934623213,0.007897541910268419,0.07603604767595852,0.004651313026906554,0.03180012274298265,0.012037425842781313,0.09520656351949353,0.06883835610538669,0.2935710671102641
285688613,0.15202902763870496,0.07194999838496076,0.0499316300052758,0.028376239542620887,0.04261011875921918,0.016031956243203378,0.053156325032031604,0.036112277528343936,0.025183845300774145,0.0501523520354878,0.01536440668841586,0.047412168782368085,0.026422042055621955,0.06181293538766325,0.07493782098905005,0.2485168556262584
285689135,0.1413913024753168,0.05104062362048732,0.07327433056623275,0.019568892190746902,0.056811697190908415,0.015768166499779274,0.08456345489195385,0.023854129655350626,0.019665794545474118,0.08484877849198401,0.01200512505787224,0.061683732248026965,0.020058787428534515,0.10378242191285247,0.04299234471397655,0.18869041851050314
285689351,0.14521356202289049,0.05119674408088117,0.08579626818265018,0.021910699096654714,0.05490056741712157,0.020209524424776856,0.06274965815002638,0.02943139851631728,0.02383797926289609,0.06208210859523886,0.016710272726293916,0.0590135340288769,0.02031181024365559,0.10003014739924848,0.04953325365806389,0.19707247219440768
285689616,0.14558502104934484,0.04718606328800457,0.07052338038481001,0.019402004802050024,0.0594549780893009,0.016947145148960452,0.0923748613757981,0.027827126199166642,0.02438709260635033,0.08123109058216782,0.013248705276871562,0.06377789980296521,0.01925126780580768,0.0865607200921649,0.04579712953691442,0.18644551395932252
285689770,0.16255264962288174,0.09540601430110687,0.05170274594312208,0.02597381395500702,0.03395696607568485,0.014954125444868906,0.05375975446501453,0.03451203186730663,0.02760636040095341,0.05908185587879975,0.012750187742841285,0.03395696607568485,0.02337806510595226,0.06773435204231561,0.07744800339569662,0.2252261076827636
285689999,0.14373310938122466,0.05371620530378888,0.05511052251903054,0.025921379889531315,0.05035154020909375,0.014142360326022587,0.06307804946326864,0.032166198305285484,0.02209373687780613,0.06695414365235744,0.010648492091691159,0.05394769426230391,0.024214821753501942,0.08481647770707496,0.05052919452609365,0.24857607373192506
2906571999,0.16500235174933967,0.06232738762859245,0.05730429224405127,0.02549537489296525,0.05338471001121604,0.021985841262949696,0.05125004522594884,0.039672202322804724,0.037664170194290685,0.04409228505614048,0.020882328111243773,0.05607414643559222,0.025205928820386653,0.0646248658296851,0.0578409735036241,0.21719309671116896
2906577391,0.13834919256606004,0.06686204276565723,0.04029933548005837,0.025652158182278662,0.038719442333900164,0.017065258029113455,0.054361590506168816,0.04026315472098605,0.02919787257136655,0.04007019067260032,0.014007983887501959,0.04096264939638434,0.021943630377365318,0.06326205723796086,0.07102283005897464,0.2979606112136233
2906578189,0.1501803007827104,0.0443395202431347,0.05870931172135992,0.02536874223621212,0.054023903421493776,0.02526019995899514,0.05330631836655933,0.04230736760857243,0.036072216795108365,0.048554578675060606,0.023312469095601626,0.05952940892699929,0.027141599430756055,0.07313940446470567,0.048717392090886075,0.2300372661818445
2906583495,0.09777820961264412,0.07452929999568166,0.03243079846266787,0.021424407306645937,0.0305307250507406,0.010974003541045906,0.04154251414259188,0.031335017489312084,0.012528609059895496,0.044532970592045605,0.007832404888370685,0.03285723539318565,0.011249298268342188,0.07405428164269982,0.05796303493544069,0.41843718961868975
2906589201,0.1725945314805548,0.06443666037953732,0.05260017706609185,0.0292736440971554,0.04799389250291902,0.02211401516609569,0.04984153867867637,0.04190564173627417,0.03681178387672094,0.04622964702259517,0.02085017385837279,0.04823767915110923,0.027368258978405637,0.059047692366911736,0.06541180697229812,0.21528285666628172
2907068295,0.1635058753532649,0.050896708527230605,0.049058668536580176,0.03048702747497928,0.04400671468944562,0.027002188648774995,0.04384734706019847,0.04667877860648945,0.04145683262149125,0.0403093856909118,0.02749622829944115,0.04782091328276068,0.03196914642697776,0.05968317715305666,0.05837105033892182,0.23740995728947534
2907069437,0.14331198668548067,0.04765005969825248,0.05303194761026087,0.029641086870002525,0.06113643764246174,0.022540612902058686,0.055094250877383406,0.04541589782553637,0.02476572958500669,0.03530337566482145,0.019827055971634287,0.06113643764246174,0.02201599189550997,0.05808820869061832,0.05339375520098412,0.2676471652375267
2907416708,0.16707190206609573,0.1420017419073886,0.044962984467992455,0.021096433928485026,0.02990879179368075,0.011842550926597958,0.04825325397977452,0.02429597909711134,0.016070305317656162,0.04732786567958582,0.009090579184206709,0.03051362074805245,0.01573764939275173,0.05742850921759327,0.09286543765423137,0.2415323946387961
2907419942,0.15994230965432168,0.06728530751180241,0.05044195256777688,0.02596993053043583,0.0470612241112255,0.02149475500153037,0.047353385829692896,0.038815771167812124,0.03159520298283202,0.052607659274511435,0.020214808425387462,0.05078048916219149,0.024560134301640744,0.06831019227023567,0.0618362595880056,0.2317306176205979
2907425156,0.13003364810593726,0.06486004076365522,0.04612443769070274,0.025754670332983585,0.05181687711808194,0.015419033491322646,0.06488416126970344,0.03690437425377185,0.01992956812233921,0.035921463632307006,0.0139235621163332,0.047167649577288126,0.023185836438848487,0.054741488476428235,0.07751727631245704,0.29181591229784
2907426412,0.15291337764852514,0.05583973826339842,0.058098774407976735,0.0272036421548262,0.04299525688962748,0.02317892258689932,0.04786819692563357,0.0487120897382634,0.0414719221714444,0.04256249134468911,0.024602721229746573,0.049283340257582055,0.02833316022711536,0.06990894612934496,0.05713370724276416,0.22989371278216314
2907428134,0.15614772256284926,0.09356286355385955,0.04552730494933471,0.022645743114807985,0.036909202646886484,0.015085252040189227,0.04578456173448242,0.02947019394303192,0.02049479055010076,0.04168989123754806,0.014377795881033028,0.040332147093712925,0.01750060741185382,0.05470994297474596,0.09939401735054097,0.26636796295502296
2907432046,0.16859002274156867,0.07173271398848406,0.04594280737407461,0.026848357284559927,0.046825857647457295,0.022009725649586292,0.039791696908114384,0.04200537088111482,0.037892533991387235,0.03297527459234528,0.024513717520685145,0.046922630280156766,0.027465282818019063,0.052311656263608654,0.07912977210044998,0.23504257995838776
2907432762,0.12681005712992816,0.08890491543639345,0.03655466938175237,0.030643701566830706,0.02703065784263816,0.013646133831099043,0.048553368403190224,0.04046467560382375,0.021855025736749814,0.05141693534702189,0.00996238475026868,0.031428531025510485,0.018708637366366875,0.06941851914701057,0.06645596470388597,0.31814582272752984
2907433870,0.16490219638662468,0.08478117321036166,0.04020935493997554,0.02367962415700538,0.04367875815932192,0.01725500384286472,0.03850983448619275,0.03271306249255782,0.02612065512724753,0.03511620606414878,0.01864060013639464,0.04637958843460094,0.022986826010240418,0.04673139999350501,0.09762500135312137,0.26067071520583684
3035203913,0.1627098801108493,0.06783591932304865,0.043887728033906837,0.026222973073104224,0.03778212480919991,0.019324530594703536,0.0430948887802131,0.03690777871634138,0.03161724388328221,0.0390121371093229,0.02035448065324027,0.038967678833414836,0.026363757613479748,0.04845211102713437,0.08427066198372828,0.2731961054550305
3036035670,0.1584295138512006,0.06352135267797919,0.04903095866951289,0.026562707285598848,0.039714413208389115,0.018403946114789488,0.051599792563647995,0.03940687675627434,0.03260489405067718,0.03543302338483061,0.01959188103766417,0.03871341220738811,0.024554675157084798,0.05086411712917737,0.07759566795711376,0.27397276794867154
3036040244,0.19333564289105304,0.09533982575670093,0.04164260877375316,0.029164581649280825,0.03826808832775191,0.017546223231584484,0.042239244518008125,0.032737980676700404,0.032385131580635634,0.04415104507486816,0.016154073161656214,0.03760729820239425,0.02809320348486598,0.047147054672363575,0.09273515788393188,0.21145284011445145
308207507,0.1567180249146721,0.0749701217739591,0.056445621628605565,0.024661649278077458,0.0311594905089527,0.01732398763956631,0.04792359787676174,0.030938768478740705,0.024629348493168383,0.045495655544429726,0.014869127986476738,0.03421729814701164,0.020715570055019,0.057656901062695824,0.06742250503353898,0.294852331578324
3470954391,0.10857933243548212,0.04539608585398997,0.046852060811220717,0.02237348184277897,0.03974204977007729,0.014171489583712494,0.0683944236159138,0.03729722515439401,0.021936689355609745,0.058839587959087114,0.011817663402856138,0.04156201846661571,0.01898227350489572,0.07367233283587521,0.052669894077821855,0.33771339132966915
3470957417,0.15019594996299396,0.06930440796418301,0.06092648539778449,0.02285274026620076,0.04221720719736954,0.014529416760698384,0.0691952098423907,0.031145730960094157,0.02607408485907376,0.05652216115216153,0.013940960215484294,0.044158507140343854,0.023447263373736642,0.06758757082711511,0.08220191946031861,0.2257003846200512
3470959207,0.08285104162875065,0.06154527475460755,0.03615064487557481,0.024557444278625083,0.0300537497421711,0.00937283878717286,0.06483335153302029,0.035040463970686365,0.010119025952753612,0.05229376721387058,0.004792584234217839,0.030654339412028775,0.014147223334425313,0.07802812458292384,0.06036229510185759,0.40519783059731374
3470961005,0.1025916354238707,0.0839612225336391,0.041901745956636205,0.023592860869459716,0.023277399628726388,0.012976376806318931,0.05207537097028597,0.03144905907618389,0.01892767444399956,0.061715138499617815,0.009124109731979276,0.02782125480775064,0.018284618837889326,0.09396498380227859,0.05819653235297687,0.340140016258387
3470967057,0.07488564530023417,0.07202829444666885,0.07023259199941762,0.01988619129084313,0.016403984518132953,0.007710600711001105,0.0870551693177544,0.026893070772516046,0.006849148861306252,0.0753103046627598,0.0037794683264781173,0.017823560101432923,0.008784382241958771,0.109380118661959,0.0622975284825101,0.34067994030502674
3470983121,0.07592302745726105,0.056340164282507675,0.0643844259212075,0.020559579708562342,0.02017131971996748,0.008262657882284424,0.09591235030757472,0.029550225069462137,0.009548769094504908,0.059488710127519134,0.004938181729940911,0.021481697181475145,0.011587134034627938,0.13026729273589827,0.05904585107802812,0.3325386136691782
3470984953,0.10427813974932963,0.0747400478045111,0.07969036265909558,0.02399932054501996,0.014092624273529163,0.007607469151530594,0.11315958698843713,0.03502833084604278,0.009069510671083124,0.048799427316516826,0.005138378286560138,0.015202805178417596,0.00970649971487157,0.07925963673424817,0.07922323736031742,0.3010046227204892
3471778308,0.12097331925890875,0.07246508693383806,0.053507079678229534,0.030969800652762107,0.02577075674298402,0.012830779310595859,0.07398779407660855,0.045632681784539976,0.018035889782695737,0.03874106698698115,0.011059343112631796,0.028367245416712168,0.016494982952959876,0.052584962205316735,0.07200402819738168,0.326575182906854
3471781758,0.10219124231063226,0.0655249396377049,0.06116914789065628,0.02492143801793276,0.02442397990754559,0.011332338417112559,0.068182093934651,0.03445200742547228,0.01379536271976122,0.05507831931957437,0.007728800397966487,0.026043752047464785,0.015445467671289388,0.08977298923791843,0.06250985816377291,0.3374282629005448
3471783700,0.11963260898579213,0.0691952098423907,0.04955168104441937,0.02478190708453148,0.033887817129545375,0.013916693966197114,0.06220653004768317,0.032316577488200535,0.02092357344787003,0.0590701173273153,0.010889479367621543,0.03613244518860943,0.0214210315582572,0.0772637377303777,0.06922554265399969,0.29958504713718925
3471785688,0.11381477571919095,0.06964413545420353,0.05197830597313726,0.02450891178005072,0.027924386367221152,0.013728630534221478,0.07487957873791236,0.03400308181365948,0.018854875696138026,0.055684975551753835,0.010052293767213873,0.030411676919156992,0.01703490699959961,0.07760346522039821,0.06212766473749985,0.3177483347286427
3471787882,0.10381101445055144,0.08180759290940195,0.062418859728946,0.02126330093789053,0.02367779274196484,0.010543685315279244,0.09170215605624915,0.028112449799196783,0.013261505235443284,0.07395139470267778,0.006855215423628047,0.027736322935245517,0.0138196289690484,0.10425994006236426,0.06663512054259334,0.27014402018951933
