1288780397,0.0644680825403717,0.1412798340509184,0.015310491214105671,0.01520797906340075,0.0067356513139645675,0.005185908800366632,0.028166720937805274,0.01771048156590325,0.005336661963167988,0.029758674336987586,0.0023698397192373094,0.006808012832109218,0.004287419950070552,0.03304509328605714,0.06516757721576999,0.559161571209764
1674805035,0.043272187850501104,0.04608222680511837,0.023378800487234223,0.00916579229832242,0.014158737050303316,0.005614047782722482,0.0571294185752017,0.01307934440464561,0.00685625384420565,0.024807940470591074,0.0034673227444311787,0.012970802127428634,0.00789946573079103,0.05048421915891795,0.045256099472966944,0.6363773411966183
1674808621,0.16111292014906473,0.05281184799257088,0.048542518422036496,0.030072240915614407,0.044912382261779855,0.02807023891361241,0.03511342667969174,0.04536464175018392,0.03943099726232256,0.03893652688833412,0.02735265385867796,0.051256075352460885,0.028456167010383882,0.06668716909680765,0.06312939445469566,0.23875079899176285
1674810741,0.057985696539913416,0.034938553010842165,0.018795904338073013,0.010643173293775704,0.03833351423712869,0.008514538635020562,0.07199368042741536,0.02008032128514056,0.013248187946983129,0.08442177116875912,0.004450233365896015,0.03508327604713147,0.012331608717150886,0.09355138270800921,0.04452645416500838,0.4511017041137523
1674815731,0.045430973141816516,0.019073290157627508,0.025278290338531302,0.009394937105780479,0.03233353835763474,0.006108518156710928,0.05433143987360855,0.018699422313880144,0.010432118865853806,0.051304316364557324,0.005011035131517059,0.02838983561875128,0.009394937105780479,0.07914541047071166,0.04529831035855132,0.560373626638687
1674817147,0.058070118311082164,0.03639784362675929,0.026050146532074242,0.011390908981270428,0.030126512054222895,0.00928036470205145,0.04117370382430623,0.019597911164176224,0.013344669971175996,0.053432951023312476,0.005029125511053222,0.030651133060771614,0.011819047963626277,0.08130419576202709,0.03783904386314025,0.5344923236489502
1674819681,0.06586707189116828,0.03402800390752198,0.03515563756527612,0.008158761170809362,0.041155613444770076,0.008671321924333973,0.06173643523041114,0.012699446434386192,0.010830107215649384,0.0896800414872704,0.005282390824559499,0.037332513236127685,0.008870316099231763,0.11354125209546895,0.024536584777548637,0.44245450269546654
1675673802,0.0499113571402728,0.03911743068369574,0.0184160063678136,0.0130672841516215,0.02207629316063051,0.009274334575539394,0.047903325011758736,0.025006934645488862,0.01714967980028221,0.05322792672190262,0.007344694091682044,0.025169748061314327,0.014309490213104669,0.07576250949744925,0.05497063328388629,0.5272923525935574
1675682028,0.13608789512403974,0.0725424219400123,0.0619776402908933,0.02368030681283693,0.03365413606377462,0.01439391198427343,0.0786810907292835,0.028733552829938367,0.021865238732708608,0.07951324818794697,0.011071312276131551,0.037519447158001366,0.022299407841576517,0.0928277675265627,0.06590928277675265,0.21924333972526744
1675682410,0.10963373011565784,0.05542289277229037,0.056815851996574886,0.02247428151042609,0.03828527322503226,0.013827080092140334,0.08544689267580834,0.02844410675735977,0.0149245631173342,0.0695394189370093,0.00865323154479781,0.03943702738883462,0.01938082660974227,0.11147291870183436,0.0599635780358672,0.2662783265192904
1675777022,0.0661926987228192,0.05066512295427957,0.04473147846641823,0.017282342583547404,0.018024048144530076,0.008134640664761147,0.10812619848764428,0.028637070805745506,0.011222065438932907,0.08370418611382467,0.004793950577083106,0.018554699277590844,0.009630112039750591,0.07268111484978955,0.05842589577529336,0.3991943750979896
1675787466,0.05390330089125269,0.03983501573863019,0.024566735410108904,0.011041161643571282,0.028673251564817825,0.007248212067489177,0.05506108518156711,0.018699422313880144,0.010854227721697602,0.0713846376496979,0.004401992353799583,0.028401895871775395,0.009720563937431407,0.09286997841214707,0.05117768370780419,0.4921608355343295
1675788826,0.054898271765741635,0.022480311636938144,0.04973648347142323,0.008948707743888465,0.0300601806625903,0.0074894171279713435,0.07736049302314361,0.01865721142829577,0.010196943931883692,0.04597971465441345,0.006349723217193097,0.0273466237321659,0.007242181940977122,0.08529010938649491,0.027949636383371324,0.520013989893508
1675789874,0.05392654957178109,0.0108990177577781,0.05808777277785841,0.008782116417477137,0.033102288672763346,0.006707553103982194,0.07763584458315187,0.01591909807906324,0.0073002854792664626,0.03523733488169545,0.006653118498088741,0.029745487976000382,0.007862776406832148,0.06424493153336236,0.03255794261382881,0.5513378816470702
1675790948,0.03810436942967063,0.014532604894050675,0.02593557412834521,0.006422084735337747,0.020182833435845485,0.004691438426378186,0.05079175561103272,0.013640146170266652,0.0069647961214226286,0.029734553830939377,0.003859280967714703,0.017969777005921585,0.00639796422928953,0.05197366040739535,0.016245160823474075,0.6925539997829154
1831692999,0.1723998032948119,0.0734202114580772,0.044688959921317925,0.0260142611261372,0.04358659126301123,0.022485861814605358,0.04333251372838292,0.040271289238587,0.03178837800180313,0.03609540201622818,0.023284976641258916,0.047405950331940006,0.02651422014588968,0.05528645193016966,0.07246127366609292,0.24096385542168675
1831719961,0.08868180496786073,0.06067702445169418,0.01999956932286788,0.017383205745232944,0.028171667904863418,0.011913606167296531,0.03511095319616267,0.02464011542147141,0.016764107367809037,0.03872864110597887,0.008882715849995155,0.027024990040591317,0.02193223295326076,0.08428351475607523,0.06515068316160083,0.4506551675872391
1831925575,0.13283697793856392,0.07877623092907823,0.04108659840434122,0.026373590878258343,0.024510912281835117,0.011240673148357505,0.05387232576418274,0.03690364675861624,0.021571540855109445,0.030868783444771036,0.010879981050206187,0.024855453987531896,0.0205379157380191,0.046184738955823285,0.09629402327809901,0.34320660658720675
1831927179,0.14741539886085903,0.08153794803880401,0.041888734562916544,0.026578162516015802,0.022863572251472376,0.012618839971144631,0.052214218805516965,0.03339362813183028,0.021689977066442715,0.04458585010282416,0.010826146408691064,0.025259213798895317,0.022621316364654327,0.0625343195839659,0.08653380277140736,0.3074388707645596
1832529568,0.1761821633326656,0.05681633899016494,0.05133598527125128,0.028441557202682464,0.05203235745833691,0.02553205696896851,0.04074254261702392,0.04690495950548036,0.041243358231023854,0.03882513426628128,0.028804052313768137,0.052943364908565375,0.029428879413139493,0.05479876751662231,0.061299831153592985,0.2146686508504326
1832533352,0.17377912734950646,0.05468486411771748,0.057688749578258834,0.02669213439122343,0.056741872639609926,0.0244446621173039,0.047632263471229085,0.04307745888703868,0.039132138309334895,0.04507460737257975,0.027241758361358715,0.05562629923487989,0.028243053514872492,0.0595988289200161,0.057830236936907524,0.20251194479816284
1832534872,0.11070017334754567,0.07775875620444243,0.029673654403135324,0.02296585807035111,0.025905229497076774,0.01358786351841683,0.040203710283493226,0.031229475542922363,0.01925126780580768,0.03244613844116412,0.011046868438903065,0.02808014901428772,0.019611959903959,0.051928895205486825,0.08444501868062061,0.4011649816423872
1832536520,0.15518912109564262,0.06644271455796376,0.04767595852579218,0.028526976538863224,0.042254810125219366,0.023428835987381158,0.05316709196033464,0.0450865122689148,0.043326119491370316,0.05621413267009055,0.023132745459047987,0.04966784026185169,0.029501383550286937,0.0605101370629973,0.07024344024893138,0.20563218019531207
1832538318,0.12117101112223695,0.05497593591524274,0.035224005943344426,0.023461136772290232,0.03731817349828268,0.014556887065689032,0.04712684518233793,0.03470180992064774,0.021528473141897347,0.03247305576192168,0.013916254831659076,0.0370220829699495,0.02184609752683657,0.05337704706224361,0.08110188744253152,0.37019929584288896
1832539790,0.10363706838076166,0.07961605133671415,0.036397601128374084,0.02259439904389677,0.02707344121795493,0.010083228355782379,0.05573500436060596,0.030610377165498456,0.014567653993992053,0.03184857392034626,0.008613542642419543,0.02532919883286497,0.017221701820687576,0.04932868202030642,0.09412448722503955,0.3932189885547552
1832541240,0.12336746449605393,0.07413568483047471,0.03905164895506961,0.02458628077995629,0.030077414214498745,0.01501986498271908,0.045651776004823584,0.03429266664513281,0.022659000613714914,0.03567621693207145,0.013361758024053318,0.03180550620713417,0.021539240070200368,0.05303788882069834,0.08343831088428783,0.3522992775391109
1832542742,0.09927107895388525,0.06308343292742014,0.049780893009033454,0.020731720447473536,0.029668270938983818,0.011795169955963265,0.05181045899415356,0.03178935581467963,0.017103265609354306,0.041538809393068254,0.010809996016236528,0.03021200081828655,0.01640879873380923,0.07514239262680748,0.07578302486083743,0.3750713309000076
1832544374,0.17643765410166135,0.10673256026788118,0.04259935183091616,0.03006664728619572,0.029404481195559717,0.021092412545624856,0.03085801651646802,0.036833661724646576,0.029006104848347813,0.03670984204916179,0.017560860062232845,0.03306523681858802,0.021862247919291103,0.04872573403533706,0.06416012575772258,0.2748850630403652
1832545692,0.08617311067325603,0.04083357558922015,0.04434897768015762,0.017270152998051187,0.030421955920195524,0.01135372589553926,0.06874145375065947,0.02812321672749981,0.015795083820536838,0.05164895506960819,0.00979252129160072,0.03351744780731505,0.014788376024204053,0.07676281533641267,0.06026249771202773,0.4101661337037157
1832755256,0.14296327400755834,0.09166962757195,0.0409412448722504,0.026658914478288488,0.02777867502180303,0.013695532801447077,0.05320477620939522,0.034879464237647644,0.018519116681202017,0.03404502729416325,0.012441185654144728,0.02896303713513572,0.019380470945443973,0.044542782389612075,0.1003047040709756,0.3100121666289824
2058915459,0.13116810405159512,0.11990589704663154,0.03849715214746385,0.03243537151286109,0.03127254325613446,0.016591836514960646,0.05088988662424497,0.034394952464011544,0.017905401767929627,0.06389095255014696,0.0092111071632374,0.037711166381343066,0.016871776650839283,0.0702972748904465,0.06577516500317625,0.2631814119749777
2058915725,0.12199468113741832,0.1283902365494148,0.04424130839712738,0.028613111965287426,0.02679350108207629,0.011176071578539358,0.06538217212011585,0.028300871044499718,0.012225847088084241,0.0633741399916018,0.005749539713815046,0.029248360735165863,0.0143684658203861,0.06965125919226504,0.09067907016807177,0.25981136341613104
2058915961,0.11187915199672684,0.10888056246433454,0.04200717077424981,0.02928604498422645,0.028171667904863418,0.013092584816477707,0.06015482842899749,0.030335820493771325,0.011660583352175458,0.06901062695823508,0.006201750702542072,0.03299525178461837,0.012699591933417315,0.0817102188916524,0.07004963553947695,0.2918645089742347
2058916245,0.11234751337790842,0.10015935053888476,0.040935861408098885,0.031100272403286063,0.023671091874199208,0.011154537721933307,0.056714794836181186,0.03651065387555584,0.012430418725841705,0.05252107626215317,0.005997179064784607,0.0264866436254401,0.0146322555638102,0.07546540047589823,0.07121246379620358,0.3286604864498207
2058916965,0.1331869031084122,0.09396298330049423,0.03784036952097936,0.027837893127469662,0.029248360735165863,0.01547745943559762,0.04328843524230972,0.03644605230573769,0.02066173541350388,0.039110867060736236,0.012145095125811555,0.03034120395792285,0.017808499413202408,0.055180507553000205,0.07333354867189938,0.3341300860277571
2058917075,0.10488064859976096,0.09551342097612972,0.03209621327131582,0.022788203753351208,0.030712662984377182,0.01001324332181272,0.04769749238239823,0.026540478266955218,0.0122958321220539,0.038873994638069696,0.006783164830905391,0.029097623738923526,0.01161751563896336,0.05774303648912003,0.057543848315514075,0.41580262067034895
2058917961,0.09509889423646327,0.0360961271358894,0.039164701702251364,0.018454515111383872,0.029679037867286838,0.0176739128094146,0.039374656804160336,0.03365203441110286,0.023665708410047698,0.045102662661369336,0.015536677541264253,0.034432636713072125,0.015036015375173616,0.07621908545710995,0.032074679414709775,0.4487386543493007
2059701494,0.12083723634484317,0.07741421449874565,0.038534836396524434,0.02806938208598469,0.0327906801468609,0.016182693239445718,0.04283084078943118,0.03801802383797926,0.022045285700442518,0.04474197056321802,0.013485577699538098,0.034158080041345004,0.017490875028263186,0.06512914930499478,0.05400691236797054,0.3542642419544128
2059702220,0.07388266201535364,0.04196410306103772,0.031342528290104116,0.013092584816477707,0.03619302949061663,0.009663318151964426,0.05141746611109317,0.021248533006018717,0.01149369596347858,0.05207963220172917,0.007251526212086955,0.03605844288682882,0.011870538454084437,0.08281382904271241,0.03946617569473605,0.4801619346016775
2059702588,0.15533985809188494,0.072499111728415,0.04756290577861042,0.027837893127469662,0.042470148691279866,0.019272801662413727,0.043562991914036835,0.03956846151361478,0.03389967376207242,0.04315923210267343,0.018750605639717047,0.045791746072762894,0.025151544515865067,0.06062318981017905,0.0663727295239941,0.2581371060650107
2198567778,0.13774669724474306,0.10316332353542858,0.054593709960485376,0.02220678962498789,0.01935893708883793,0.008597392249965006,0.0700334851470224,0.021759962100412374,0.011466778642721016,0.06176448421029964,0.0059917956006330965,0.022718218719381546,0.01432001464302249,0.07982600643862314,0.08535482412222617,0.2810975806712103
2198568402,0.11118468512118178,0.10021318518039987,0.05364622026981922,0.02772484038028791,0.020640201556897837,0.0096525512236614,0.07659592794771582,0.02876923242568128,0.010223198423721696,0.06679802319196357,0.00490971930617914,0.023251181670381257,0.014196194967537712,0.08375593526922703,0.08568321543546842,0.2827556876298761
2198569082,0.10093456937670252,0.09619712092337177,0.041861817242158976,0.018842124530292752,0.015542061005415763,0.006826232544117489,0.058911248209998164,0.01940738826620153,0.00780602301969271,0.052871001432001456,0.004075282362694747,0.017684679737717625,0.010562356665266968,0.06541447290502493,0.08043433788774401,0.4026292838915986
223803205,0.08255446026530364,0.04715224534501643,0.021558963125228186,0.01588170865279299,0.02158938785444809,0.010350492880613365,0.024297188755020082,0.02165023731288792,0.0146282098089327,0.021966654496774974,0.008184252160155774,0.02441888767189972,0.011786540099793113,0.02970670561032007,0.033643665571376415,0.6106304003894365
223803241,0.06982475355969332,0.06363636363636363,0.024650115613971037,0.022276986734818056,0.021187781428745285,0.00948643057076792,0.031027138858464164,0.026037483266398927,0.008372885481319214,0.03433734939759036,0.0043020567116952655,0.025775830595107702,0.00826335645612754,0.044572228307168074,0.026688572471705,0.5795606669100645
223803289,0.056675185590848234,0.034891079469392725,0.020457587927467446,0.01025921869295363,0.01848606547401728,0.008561518802482657,0.01887550200803213,0.015127175368139225,0.00951077035414385,0.017999269806498724,0.006906413532919557,0.01911889984179141,0.007028112449799197,0.026414749908725808,0.023883412437629304,0.705805038335159
223803340,0.04098819520506267,0.019076305220883532,0.009230862845320676,0.007539247900693683,0.005993671656322258,0.005713764147499086,0.005178288913228672,0.013922356091030787,0.011731775587197272,0.013289521723256663,0.00556772544724352,0.008245101618595594,0.007320189850310333,0.022995010344407936,0.015997322623828646,0.8072106608251186
223803380,0.04644639162711452,0.01988560301813314,0.017615918218327857,0.005969331872946331,0.019721309480345624,0.0069672629913593775,0.016155531215772182,0.010253133747109651,0.008062553243276134,0.012845320676645976,0.006492637215528782,0.020074236339296576,0.006596081294876476,0.02483266398929049,0.02143117926250456,0.7566508458074723
223803444,0.06622855056589996,0.040933430692466834,0.01594255811123281,0.010989412194231472,0.0191554095168553,0.008829256419617865,0.015407082876962398,0.015388828039430447,0.011731775587197272,0.014409151758549347,0.008026043568212243,0.020451502981623463,0.009261287574540587,0.022070098576122674,0.033734939759036145,0.6874406717780212
223803485,0.06421443349154192,0.03361324084215651,0.0162833150784958,0.010946817573323598,0.018346111719605696,0.00847632956066691,0.01616161616161616,0.015291468905926737,0.010831203602287941,0.014616039917244738,0.007308019958622369,0.01994036753072897,0.008701472556894244,0.020153340635268347,0.02728489716441524,0.7078313253012049
223803556,0.07137641474990873,0.030339539978094195,0.02525252525252525,0.011427528294998173,0.026153097237434586,0.010520871364244858,0.03107581842521602,0.022191797493002312,0.01607034197395643,0.02676767676767677,0.011792625045637094,0.027096263843251797,0.013009614214433493,0.03626019228428867,0.03240842156504808,0.6082572715102835
223803687,0.16708044298405744,0.06851649020323719,0.04836314956796885,0.02772301326518194,0.04396373372276987,0.020853109407326275,0.047200924911768284,0.040215407082876964,0.03691736643543873,0.04602044541803578,0.0200681513934526,0.04605087014725569,0.0258123402701716,0.05265303638797615,0.06418400876232201,0.24437751004016064
223803726,0.06451259583789705,0.04542412072532554,0.013946695874406716,0.015327978580990631,0.01067907995618839,0.007149811366678837,0.016867469879518072,0.024005111354508942,0.01622246562005598,0.015534866739686015,0.007752221005233053,0.01361810879883169,0.014171838870634054,0.02056103200681514,0.05133260313983205,0.6628940002433978
223803781,0.09198004137763174,0.04110989412194231,0.032165023731288794,0.016295484970183766,0.027674333698430083,0.015784349519289278,0.03643057076792017,0.028313253012048192,0.02242911038091761,0.03319946452476572,0.01349640988195205,0.032329317269076306,0.01309480345624924,0.041024704880126564,0.042320798344894724,0.5123524400632834
223803831,0.07520993063161738,0.0341913106973348,0.028343677741268107,0.011737860533041256,0.028933917488134363,0.010885968114883777,0.03273092369477912,0.016538882803943045,0.0119934282584885,0.02651819398807351,0.008275526347815504,0.03002312279420713,0.010155774613605941,0.04383594986004625,0.02887915297553852,0.6017463794572229
223803883,0.07909821102592185,0.04815017646342948,0.01759157843495193,0.01563222587318973,0.014944626992819763,0.010478276743336984,0.014707314104904466,0.020749665327978586,0.015802604356821227,0.017482049409760253,0.009249117682852623,0.017025678471461605,0.010904222952415724,0.023475721066082512,0.02693805525130826,0.657770475842765
2516163434,0.06821849330858176,0.05708635144808843,0.0282095147963455,0.019643528797971342,0.026395612662128882,0.007941130079229307,0.057844671738312765,0.031291328455817224,0.011987527147866392,0.042690399058469525,0.007122144165787016,0.026698940778218612,0.01734430167801114,0.060368361664179374,0.11113335517295768,0.4260243390480351
2517318209,0.071212385774984,0.047632559222396835,0.037104941505151035,0.019039927827251037,0.04127379081543565,0.009770967929689772,0.07255107386066004,0.02908736394854781,0.011029625749374309,0.047385192945695834,0.005529363832140154,0.03320528490774693,0.014194458995401896,0.08038676444910076,0.05928060066352366,0.42131569757290027
2517322077,0.08337698620569235,0.05171410278796345,0.047799895233106335,0.018734357720738025,0.047748966882020835,0.012688434899016356,0.07255107386066004,0.02548600197893021,0.014012572027239392,0.07914265758686921,0.006598859204935685,0.040517141027879636,0.0178249228799255,0.11861940515685933,0.05100838135149293,0.3121762411966708
2517353423,0.08021215295966473,0.043805657412257726,0.04229963331587218,0.021542692509167103,0.05285635294802398,0.01209184564344334,0.0821037774285548,0.03168470985390839,0.008730574471800244,0.04351463826319772,0.005747628193935161,0.039556777835981605,0.0143108666550259,0.08145625982189628,0.05143763459635644,0.3886487980909144
2518094240,0.08206012455619578,0.03721407368604855,0.05431144869332402,0.020189453466038062,0.050608230021535416,0.010847738781211804,0.106804027705023,0.02908736394854781,0.010418485536348292,0.05199784645829696,0.0066788894709271865,0.037221349164775035,0.01505296548512892,0.08439555322740236,0.04905127757406438,0.3540611722251324
2518138434,0.071925382690181,0.05353297246958849,0.03548978522786799,0.02242302543507363,0.044365869274198236,0.00997468133403178,0.07081223444502649,0.027792328735230774,0.007712007450090216,0.058021942843839124,0.004212502182643618,0.03619550666433851,0.013808858622897387,0.0965892555730167,0.05188143879867296,0.3952622082533031
2526804633,0.18833140782307312,0.053815261044176714,0.05090498982230291,0.024657534246575345,0.060840622765032736,0.017758706057105132,0.057957858832590636,0.035764977719095564,0.031990977609066405,0.04719700720690983,0.019227595312757882,0.06941739560983662,0.02893766848214777,0.06228750618914013,0.0532761181713154,0.19763437310887386
2607614226,0.14849543099935975,0.09354519527384902,0.05493859495954834,0.02319422618008265,0.032274023630754906,0.018788196263314128,0.04559105989174088,0.03203538792852569,0.025208078691577904,0.04811128572260055,0.01672778068796927,0.03642977707933182,0.0214713928176474,0.07849368488446541,0.09298643850765381,0.2317094464815785
2681336999,0.15913520031870107,0.07376422580402035,0.05066378112988146,0.029641353618226257,0.04226019358937089,0.019418155194504558,0.05251569279800166,0.034960216199920326,0.02573295864422839,0.05214961723569883,0.01633343023568806,0.04527493351421773,0.02464011542147141,0.05964878279875535,0.06594743585602464,0.247913907641289
2681337007,0.13154494654220095,0.09791982945185568,0.04276623921961304,0.028666946606802544,0.0297059551880444,0.014750691775143468,0.056978584579605286,0.03247305576192168,0.01672103965459694,0.05307018960560742,0.009970175608600623,0.032925266750648705,0.017049430967839185,0.0605532047762094,0.07751650031762439,0.2973879431936863
2681337017,0.13350452749335145,0.10157520161073247,0.04979165993733648,0.03057269291643787,0.030185083497528995,0.011908222703145021,0.06241049990848111,0.033135221852557684,0.014675323277022296,0.04343378877440055,0.008371286755601495,0.02748796795762137,0.016414182197960744,0.06019251267805807,0.08182327163883416,0.29451855680093025
2681337025,0.12305069333939532,0.0817079639311965,0.035098886110479656,0.024020610744866257,0.02635447450178071,0.014101689777979844,0.03609911343487157,0.02924907175873305,0.01994392664999621,0.03886489353640978,0.011684473744032736,0.029256649238463286,0.01768583769038418,0.050102295976358256,0.060559218004091836,0.4022202015609608
2681345861,0.13457045339535084,0.06878452146387157,0.03710283493222219,0.025054642161137848,0.029189142629499232,0.016710272726293916,0.03350668087901203,0.032187732161891525,0.026050583029167608,0.03412577925643593,0.014885278378931275,0.029377563874802164,0.02153385660604886,0.04566792639727812,0.06074700948566384,0.390505722622393
2681345863,0.12800262713050595,0.0978875286669466,0.04202332116670435,0.02777867502180303,0.027676389202924298,0.013146419457992829,0.045221098872702606,0.03194547627507348,0.015665880680900544,0.045716377574641726,0.007951376551783542,0.02691193729340956,0.017916168696232655,0.0769943042949277,0.0741303013663232,0.3210321177471279
2681345865,0.1357440485803805,0.09888346953497636,0.04375679662349129,0.029151458380438644,0.027789441950106054,0.015552827933718791,0.04950095287315482,0.03277452975440637,0.019025162311444167,0.055826523251181676,0.009991709465206671,0.0305403921315288,0.020010336251170904,0.07899156949513873,0.07214380309441519,0.2803169783692411
2681345869,0.13598630446719856,0.11258976926472647,0.04665310033700486,0.030163549640922938,0.02854312693131776,0.013420976129719951,0.06463925406720716,0.032058529022255235,0.015079083088385712,0.06472000602947985,0.008403587540510566,0.03243537151286109,0.017932319088687188,0.06859071675441714,0.07660131141186731,0.25218299471343814
2682134054,0.10240425509006536,0.056978584579605286,0.05285485103954693,0.022276774658957547,0.029754406365408013,0.014093909148658981,0.05642947123615104,0.03276914629025485,0.01817995843965675,0.05528279337187893,0.011310658182327163,0.033845839120557296,0.014842210665719176,0.08817575933761856,0.049592471763730515,0.3612089107098636
2682134056,0.1115399937551816,0.11098549694757584,0.03738815853225234,0.023143512387351014,0.030895700765528607,0.012559621865477998,0.0683538443317506,0.02575449250083444,0.013485577699538098,0.06400938876148024,0.006083314491208803,0.03161170149767973,0.01577354996393079,0.07841015536677541,0.08333064160125758,0.2866748495321769
2682134060,0.11604595324999732,0.11122236937024237,0.03917546863055439,0.023116595066593453,0.030852633052316506,0.011940523488054092,0.06162989760651184,0.026669681406591515,0.012914930499477804,0.0588789474250891,0.006680879012026659,0.031213325150467826,0.015423624794082496,0.0795945174801081,0.08552709497507456,0.289113558792812
2682134066,0.08734132239413417,0.04849962854097355,0.03079879841080138,0.01779234902074787,0.031525566071255534,0.013157186386295854,0.046685401121913925,0.02582986099895561,0.01713018293011187,0.031450197573134366,0.010707710197357796,0.0295283008710445,0.015455925578991569,0.05411458165100078,0.045361068940641916,0.4946219193126393
2682134070,0.12960151598350506,0.10610807842630576,0.04630855863130808,0.02929142844837796,0.029334496161590055,0.012920313963629316,0.06456926903323751,0.029237593806862836,0.012721125790023364,0.062292063697147834,0.006729330189390269,0.031407129859922264,0.016225760952657816,0.06929595055826523,0.0809188496613801,0.2730385348363965
2682134074,0.13598092100304704,0.10319562432033763,0.04602861849542944,0.029356030018196113,0.028559277323772305,0.014013157186386295,0.05833521754578636,0.0311594905089527,0.015046782303476641,0.05771073570421095,0.008538174144298371,0.032182348697740025,0.018244560009474897,0.06816542308644767,0.0819740086350765,0.2715096310173671
276319569,0.1146883606935294,0.11664179376114732,0.03819507637801963,0.02808211698758781,0.023386597750518687,0.011229206857642048,0.050334267583930885,0.030715005035246726,0.013291838047052258,0.052851890947475694,0.006976546670063942,0.026547276720173745,0.014511217073733,0.06398403280796904,0.07624455526031619,0.3323202174255936
278544757,0.12141617830839975,0.1066501656171514,0.04622720489207586,0.030757470971499286,0.02308933619675075,0.013661898348681737,0.05433213215399362,0.03619311081182737,0.016767978257440638,0.05497518776010386,0.008705516931775438,0.028288380106528836,0.015148206117521443,0.06752083864157536,0.061387544134240885,0.31487885075043376
278545009,0.10379281476358608,0.06827309236947793,0.03921425884808114,0.023253133379439208,0.026098351108360937,0.012466785571288174,0.05163857848311676,0.03122459627027748,0.018994406629539305,0.04059136849512855,0.009882430022203618,0.029277229764981375,0.015955058906320145,0.062224729734648564,0.06290418471468956,0.4042089809388612
278546113,0.16542908795302055,0.05018260352588602,0.05739574612649996,0.02588602142709812,0.05291255657069365,0.02419345053931739,0.05371334279717056,0.03710309516009658,0.036011113942173524,0.05464152683240514,0.022446280590640508,0.05674055739574613,0.02803358448901345,0.07057231948943811,0.050303934772321916,0.2144347783884784
278546233,0.06774084288963081,0.08384743794454927,0.04691053370106934,0.0223302849954033,0.023467363429622103,0.009846615377171335,0.06270866598925824,0.030682972855276526,0.00598175835873615,0.06824285092175933,0.004820486766342479,0.02623143175110079,0.007088595345236367,0.10364953791067888,0.05627328591474331,0.38017733584942176
278546373,0.07752459991021486,0.09448064159963117,0.04911488855725015,0.031212463145633893,0.02237954840510076,0.008881447239107488,0.07323554034870598,0.04389157839818488,0.00803819507637802,0.06772103519819458,0.003609604581467866,0.025370363629745568,0.008584185685339545,0.0901612492265133,0.04684599424889892,0.34894866474963293
278547181,0.10695190400154836,0.1078168094062999,0.0552027386655054,0.029255576522959306,0.02072143997677457,0.009586538926791505,0.07564595732326898,0.03515265882808342,0.010197416170706923,0.051646344413799776,0.005443460589345333,0.022687134078482604,0.010366768277931,0.07438186480863213,0.07814994919436784,0.306793438815503
278547325,0.08445868064402624,0.08488940656887367,0.06857642048556765,0.030429876606122376,0.018254286026280347,0.008578119123017751,0.09122896419514916,0.03828607481284655,0.006515487933607542,0.06543394120287796,0.004373991434014002,0.021518096555405916,0.008165592885135709,0.08792268772977105,0.06990499763404069,0.3114633761632633
278547706,0.09057984202671712,0.046160472706536115,0.05388320654218081,0.0232652665040828,0.028628107596549338,0.01187226246375229,0.061933534743202415,0.03220737936640823,0.012806513061308679,0.049175554180468095,0.007577136339921619,0.03223771217801721,0.012539584319149713,0.08744949586867105,0.04638493551244252,0.403298996590592
278547939,0.06729326946339577,0.050999177432622056,0.03333212367542459,0.018804132191416262,0.02936444573474621,0.008074466540862245,0.06354937823583491,0.02934025257657135,0.008189384042192866,0.0571200464508637,0.004251947549233077,0.030410799825809263,0.010070402090288866,0.09339163884453475,0.04678351962065128,0.4490250157255528
278548028,0.05479319089045002,0.03512539584319149,0.03717589390795811,0.008007862264769045,0.030011283805918536,0.005344641405501159,0.06584646744076002,0.011532534973731785,0.0050170470401242435,0.03840133949696065,0.0035732052075370968,0.02699620233198656,0.007292007910797269,0.08156493041653017,0.03804947888229656,0.5512685181814873
278548241,0.04589354396437715,0.01143546997658307,0.03641150705541198,0.0063334910639537,0.03488879991264151,0.006151494194299858,0.08929373081449665,0.013328237420983026,0.007947196641551099,0.03970565039614652,0.004634853613851175,0.029926351933413413,0.006739950739513947,0.045171623048083566,0.01976486004440724,0.6023732391802861
278548346,0.07491597811184314,0.029459226634635217,0.04047610381101445,0.014462684575158641,0.03507686334461714,0.01179946371589075,0.06722964365012922,0.020917506885548238,0.013947026777806088,0.05741394581346535,0.007019012606316505,0.03786141545032092,0.011611400283915116,0.07281694754850217,0.021111636879845668,0.4838811439109914
278548445,0.045513378816470704,0.04118885179271302,0.03658005516040064,0.014352591087240529,0.030949097595200082,0.006272076256834567,0.07150892727536652,0.024017757778100352,0.006580539023564136,0.030604345091208206,0.004052353994290415,0.024066144094450088,0.006278124546378284,0.05311607877292301,0.049710891759810326,0.5552087869550492
282276797,0.13968259745932374,0.13126220895667262,0.04085829723728752,0.0214149649959354,0.02146956405683156,0.009797498149698491,0.04505029180164768,0.020292650966403376,0.01199966027250998,0.06164233975175627,0.0054295732780062856,0.019049005690435456,0.013692231160290709,0.07008699450369453,0.08845654521408898,0.29981557650541746
282279870,0.14249141581431465,0.11386330821776533,0.03620524393647096,0.024053919605916112,0.017550564796952158,0.012357587449495869,0.0462878705152938,0.027705990123636545,0.01960712942404057,0.055023720258678216,0.009391038474138243,0.02218541841080333,0.01942513255438673,0.06976546670063942,0.09884249990900158,0.2852436938084665
282288074,0.11059997566021662,0.080065717415115,0.03430083972252647,0.02198490933430693,0.02242302543507363,0.011403188511622246,0.04964707314104905,0.03150784958013874,0.016538882803943045,0.04336740903005963,0.009261287574540587,0.02313496409881952,0.016843130096142144,0.06837045150298163,0.08709991481075817,0.37345138128270655
282297251,0.1311184130461239,0.07203358890105878,0.05025556772544725,0.033984422538639404,0.036077643908969205,0.015559206523061943,0.059364731653888274,0.03912620177680419,0.019855178288913228,0.05489838140440549,0.009924546671534624,0.04030668127053669,0.02115127175368139,0.07954849701837652,0.057910429597176585,0.2788852379213825
282304862,0.12305585980284775,0.08548131921625897,0.06882682244128027,0.02769258853596203,0.026420834854569798,0.011190215407082878,0.08585858585858586,0.03184252160155775,0.016088596811488377,0.06725082146768893,0.008920530607277596,0.028441036874771813,0.01683096020445418,0.07510040160642571,0.08552391383716686,0.24147499087258126
282306405,0.12446756723865154,0.07360958987465012,0.039059267372520384,0.025003042472921986,0.025788000486795668,0.01223682609224778,0.05292077400511135,0.03381404405500791,0.01774978702689546,0.03220153340635268,0.010533041255932822,0.02682852622611659,0.01846781063648533,0.04520506267494219,0.10024339783375928,0.3618717293416089
282314017,0.10593890714372642,0.08246927102348789,0.02650602409638554,0.02631130582937812,0.02088961908239017,0.01107460143604722,0.04222343921139102,0.034927589144456615,0.015151515151515154,0.03450772788122185,0.007727881221857125,0.024376293050991846,0.017189972009249117,0.048789095777047584,0.091888767189972,0.4100279907508823
282317537,0.14017889740781306,0.06825483753194596,0.047937203358890096,0.0254046488986248,0.029992698064987226,0.017062188146525496,0.051156139710356575,0.036187172934160884,0.022958500669344042,0.03454423755628575,0.017086527929901424,0.03078374102470488,0.020993063161737862,0.05066325909699404,0.09401241328952176,0.31278447121820613
282324684,0.1593829864914202,0.08506145795302422,0.042886698308385054,0.02614701229159061,0.02681027138858464,0.01790799561883899,0.03747718145308506,0.03554825362054277,0.0292564196178654,0.04235122307411464,0.017299501034440792,0.03269441401971523,0.02504563709382987,0.06940489229645856,0.06721431179262505,0.2855117439454789
282328625,0.16555920652306194,0.1215528781793842,0.04690884751125715,0.021875380309115247,0.024923938176950225,0.01046610685164902,0.04428015090665693,0.022727272727272728,0.01640501399537544,0.05409516855299988,0.007983448947304371,0.027315321893635145,0.01717171717171717,0.06794450529390289,0.08406352683461116,0.2667275161251065
2872331799,0.07657439409110976,0.04849962854097355,0.04648082948415647,0.024279423323320087,0.040537485060886974,0.011628282567266385,0.0867383744091648,0.03585387124907135,0.011386026680448335,0.05828676636842275,0.0059002767100573865,0.03700054911334345,0.011988974665417705,0.1003100875351271,0.043972135189551766,0.3605628950116821
2872334059,0.09821591998018883,0.06690030901084229,0.046809220797398715,0.020053403964383,0.037894204162494484,0.013598630446719856,0.04754675538615588,0.03078803148249836,0.016511084552687964,0.058852030104331536,0.01006169449917633,0.03564929961131389,0.01501986498271908,0.10376088805624643,0.044510481604702994,0.3538281813581403
2872336521,0.11077015838151534,0.03820106161913068,0.054626010745394436,0.02072633698332203,0.04716452943139852,0.01883674106614124,0.06388556908599545,0.03696286486428287,0.024650882349774438,0.06749249006750864,0.014879894914779762,0.047815928593731495,0.016925611292354405,0.09657934687812912,0.035966923996253106,0.30451564973028844
2872337795,0.14611260053619302,0.0751908438041711,0.04056440238164454,0.025544537398925458,0.04058055277409908,0.018653703284989824,0.05193966213378985,0.03668292472840423,0.022982008462805646,0.039062415883372635,0.017227085284839086,0.045199565016096566,0.02311121160244194,0.0576461341343928,0.08234008419737936,0.2771622683764549
2872339127,0.15394015741249178,0.06944130409035608,0.05374850608869795,0.03096030233534675,0.035756968894344134,0.02138311960980652,0.04668001765776242,0.04502729416324817,0.03174628810146753,0.04632470902376261,0.018637552892535287,0.04006912367970542,0.023385768274169064,0.07259063061899072,0.05250492586969863,0.2578033312876169
2872340457,0.14480980221152706,0.05999870796860364,0.04893568913724604,0.028677713535105568,0.046464679091701926,0.02052714880971608,0.053091723462213455,0.04066668820052328,0.03043810631265006,0.04523186580100563,0.017916168696232655,0.049420200910882124,0.023584956447775016,0.062458951085844726,0.06123690472345145,0.2665406936055213
2873157332,0.14920809242331254,0.0747440162795956,0.05357623523584956,0.03146096450143738,0.034158080041345004,0.017533942741475284,0.05081990159027531,0.04328843524230972,0.029759789829559524,0.04625472398979296,0.0153374893676583,0.037167436502040324,0.02564143975365268,0.06545215715408552,0.06761630974299342,0.25798098560461685
2873158508,0.07191769760005168,0.04932868202030642,0.028252419867136107,0.016979445933869526,0.036763676690676914,0.009168039450025301,0.06741173810523596,0.028053231693530155,0.0137062997297501,0.07243989362274836,0.005195042906209289,0.0368874963661617,0.014131593397719562,0.08996306943592063,0.058668992323180125,0.40113268085747816
2873159696,0.08433734939759036,0.061915221206541984,0.039428491445675465,0.026836568795288392,0.03214466444867944,0.011316041646478677,0.06370791476899555,0.03732355696243418,0.011283740861569604,0.05192351174133531,0.0058948932459058755,0.03344207930919388,0.013017216318356535,0.08967236237173896,0.05396384465475845,0.3837925428254573
2873162268,0.08410586043907532,0.06979661272435587,0.04062362048731118,0.026815034938682345,0.03618764602646511,0.011434477857811943,0.05868514271563465,0.03509480280370812,0.010067077963327842,0.057683818383453385,0.0055395846119060685,0.03606382635098033,0.011165304650236334,0.08922015138301195,0.044322060359400076,0.38319497830463933
2873164682,0.10414849747515532,0.040882026766583764,0.04315384863852192,0.022998158855260183,0.041091981868492736,0.017652378952808554,0.05452910839066723,0.039713815045705605,0.022901256500532964,0.05058841263176028,0.013991623329780245,0.04271240457809791,0.01701713018293011,0.07023805678477987,0.03902473163431205,0.3793565683646112
2874444931,0.14237195696365706,0.06006743021468591,0.056715751896474785,0.02352124547573008,0.03990777926520898,0.021146313649660367,0.050746194655163855,0.040661411076404384,0.034662105210967326,0.039754078040557285,0.022306509990579603,0.04052754226783678,0.023060141801775,0.06857553671476027,0.06923992265357727,0.26673608012296096
2892908876,0.10291616918122942,0.17183448508749713,0.03990134713026279,0.03084409710915735,0.02169036506385904,0.009792925455576057,0.047028956667510884,0.030723494578916263,0.009431117864852805,0.06422687747988952,0.0052944510775836074,0.02379487921656596,0.009153732045298308,0.07293438016329584,0.054391741138729084,0.3060409807397759
3070534991,0.1415150089848885,0.06534848101113161,0.04114958331825802,0.027859184485690514,0.024590855916157117,0.015045165647575288,0.04875960297647045,0.036235030210933834,0.02470542831988615,0.03107927204312746,0.013320549465127778,0.027599889045672173,0.02066524355680982,0.04360384480866408,0.09640363254821085,0.34211922766139635
3071372614,0.05215456420275697,0.04096264939638434,0.021256195954991137,0.015569786654124004,0.017969777005921585,0.006162789295319416,0.027497376894967257,0.02251649239601047,0.011185884679860585,0.023722517698421312,0.004799980703595161,0.018536608898054682,0.011481360878951241,0.05366209583077052,0.05983091525260201,0.6126910042572693
3082007427,0.09628303001796976,0.08485594027762702,0.04307922380211537,0.026062206785098352,0.020086351411652617,0.009033129515057223,0.06380476862404573,0.03446217301638988,0.01252457276553662,0.03742296513380851,0.006470325747434181,0.020128562297236998,0.013181856555350532,0.06174849548343525,0.11227492552793758,0.3585814730393044
3082007635,0.09320163537031007,0.1280798871160317,0.03015666268678317,0.02108132228614156,0.017794903337072013,0.007549718393091886,0.04285007899465731,0.02364412605376461,0.011101462908691823,0.04435158049615881,0.0041185764077330345,0.018506458265494408,0.011806987710602169,0.06610827695165045,0.08593533292328473,0.3937129900985322
