1288780397,0.3537134328358209,0.0,0.2613432835820895,0.38437014925373136,0.000573134328358209,0.0,0.0,0.0,0.0,0.0,0.0
1674805035,0.3781014925373135,0.0,0.0,0.050328358208955225,0.0,0.0,0.0,0.0,0.0,0.5715701492537314,0.0
1674808621,0.028770149253731343,0.0,0.06994029850746268,5.970149253731344e-06,0.0,0.9001313432835821,0.00014328358208955225,0.00017910447761194034,0.0008298507462686566,0.0,0.0
1674810741,0.15409552238805974,0.4668835820895522,0.2114865671641791,0.0003044776119402985,0.00011343283582089551,0.1602626865671642,0.000382089552238806,0.0005611940298507462,0.0013671641791044775,0.0,0.004543283582089552
1674815731,0.05394029850746269,0.6587641791044776,0.11813134328358207,0.0005194029850746269,0.00019701492537313432,0.15885970149253734,0.0005492537313432835,0.00042388059701492536,0.0007104477611940298,5.970149253731344e-06,0.007898507462686569
1674817147,0.07602388059701491,0.5212358208955225,0.17216716417910444,0.0006328358208955223,0.00014328358208955225,0.21570746268656715,0.003755223880597015,0.0005611940298507462,0.0004955223880597015,0.003086567164179105,0.006191044776119402
1674819681,0.10469850746268657,0.0035522388059701492,0.3931223880597015,0.013719402985074626,0.00010746268656716416,0.07286567164179104,0.008949253731343284,0.003319402985074627,0.0021492537313432835,0.3833253731343284,0.014191044776119403
1675673802,0.08588059701492537,0.5462149253731343,0.15334328358208954,0.00034626865671641784,1.7910447761194035e-05,0.2115402985074627,0.000382089552238806,0.0015343283582089553,0.0005850746268656717,6.567164179104478e-05,8.955223880597014e-05
1675682028,0.3071940298507463,0.026370149253731344,0.44779104477611936,0.07677611940298508,8.955223880597014e-05,0.013188059701492538,0.02924776119402985,0.018489552238805967,0.0002447761194029851,0.06925373134328358,0.011355223880597015
1675682410,0.6964835820895522,0.00029850746268656717,0.1247223880597015,0.11724776119402985,0.00029850746268656717,0.000925373134328358,0.014334328358208956,0.0025134328358208955,5.970149253731344e-06,0.04271044776119403,0.0004597014925373135
1675777022,0.2324537313432836,0.30480597014925376,0.2432059701492537,0.0009970149253731343,0.00011343283582089551,0.2011820895522388,0.008352238805970148,0.003456716417910448,0.0009014925373134328,0.0011104477611940298,0.00342089552238806
1675787466,0.09362388059701493,0.4494447761194029,0.3090686567164179,0.0007223880597014925,7.761194029850747e-05,0.0900716417910448,0.001301492537313433,0.0013671641791044775,0.0009373134328358207,0.052113432835820886,0.001271641791044776
1675788826,0.2697373134328358,0.07330746268656717,0.18331940298507465,0.010185074626865671,0.0011223880597014924,0.020023880597014924,0.001008955223880597,0.0018626865671641788,3.582089552238807e-05,0.4334686567164179,0.0059283582089552245
1675789874,0.09874251497005987,0.21953892215568865,0.3142694610778443,0.002377245508982036,0.0013532934131736526,0.05589221556886228,0.0006107784431137723,3.5928143712574846e-05,2.3952095808383234e-05,0.3010059880239521,0.006149700598802395
1675790948,0.02632238805970149,0.0,0.3052955223880597,0.004364179104477612,0.003337313432835821,0.009492537313432836,0.0007641791044776118,3.582089552238807e-05,5.373134328358209e-05,0.6462567164179105,0.0040776119402985075
1831692999,0.29960569105691054,0.43536178861788616,0.013691056910569106,0.044162601626016255,0.11351219512195122,1.6260162601626015e-05,0.021829268292682925,0.0034390243902439025,0.001467479674796748,0.06595528455284552,0.0009593495934959348
1831719961,0.19525333333333333,0.6419626666666666,0.005893333333333335,0.004730666666666666,0.08302933333333333,0.0002453333333333333,0.0013813333333333336,0.0014826666666666664,0.00072,0.06509333333333334,0.000208
1831925575,0.292352,0.4612746666666666,0.01946666666666667,0.12804266666666667,0.039114666666666666,6.4e-05,0.007146666666666666,0.006005333333333333,0.00037866666666666664,0.045413333333333326,0.0007413333333333333
1831927179,0.12185066666666665,0.4863146666666666,0.05106666666666667,0.214752,0.08315733333333332,2.666666666666667e-05,0.00432,0.010223999999999999,0.009338666666666669,0.01614933333333334,0.0028
1832529568,0.5233522458628842,0.014307328605200946,0.05437825059101655,0.11072340425531917,0.13119621749408986,0.0,0.03713475177304965,0.022638297872340427,0.021106382978723404,0.0848888888888889,0.00027423167848699765
1832533352,0.4718814016172506,0.013741239892183288,0.06914285714285714,0.16637735849056606,0.11093261455525606,0.0,0.044900269541778975,0.028053908355795146,0.012652291105121291,0.0818167115902965,0.0005013477088948789
1832534872,0.2833333333333333,0.4371893333333333,0.066896,0.015578666666666666,0.096512,0.0027306666666666673,0.002357333333333333,0.0032479999999999996,0.0013706666666666667,0.08592533333333334,0.004858666666666666
1832536520,0.17010666666666666,0.059088,0.040592,0.5210773333333333,0.08108266666666665,5.333333333333334e-06,0.007717333333333333,0.006837333333333332,5.8666666666666665e-05,0.10606933333333332,0.007365333333333333
1832538318,0.07295466666666665,0.5281866666666666,0.11757866666666665,0.048864,0.179008,0.0016373333333333333,0.0008426666666666667,0.007989333333333331,0.04079466666666666,0.00015466666666666667,0.0019893333333333334
1832539790,0.082224,0.733248,0.02458133333333333,0.02469333333333333,0.05890666666666668,0.0004906666666666667,0.0012266666666666667,0.005349333333333334,0.0006666666666666666,0.06597333333333333,0.00264
1832541240,0.314256,0.3766346666666667,0.070208,0.027402666666666662,0.11741333333333333,0.00021866666666666668,0.025146666666666668,0.012394666666666668,0.0008853333333333332,0.05226666666666667,0.0031733333333333327
1832542742,0.02792,0.7950399999999997,0.025712,0.0006133333333333334,0.000256,0.12118399999999999,9.6e-05,0.0009493333333333332,0.02680533333333333,0.001424,0.0
1832544374,0.117056,0.004768,0.142256,0.03532266666666667,0.309152,0.01678933333333333,0.014965333333333334,0.0004533333333333333,0.001472,0.2531573333333333,0.104608
1832545692,0.39724266666666663,0.21533333333333327,0.05148266666666667,0.025466666666666662,0.003376,0.0005866666666666667,0.0005706666666666668,0.0016,0.0002453333333333333,0.3040426666666667,5.333333333333333e-05
1832755256,0.33092266666666664,0.39365866666666666,0.01936,0.046992,0.07039466666666665,1.0666666666666667e-05,0.0004746666666666666,0.0018506666666666667,0.00012266666666666668,0.13592,0.0002933333333333333
2058915459,0.10149866666666668,0.010272,0.04515733333333333,0.35839466666666664,0.21141866666666667,0.0,0.0,0.001456,7.466666666666666e-05,0.271632,9.6e-05
2058915725,0.19032,0.06461866666666667,0.0018666666666666664,0.4612853333333333,0.03336533333333333,0.0,0.0,0.00013866666666666666,0.0,0.2483893333333333,1.6e-05
2058915961,0.10493333333333334,0.00304,0.005226666666666666,0.5916,0.031477333333333336,0.0,0.0003253333333333333,0.0004586666666666666,2.133333333333333e-05,0.2628,0.00011733333333333333
2058916245,0.183824,0.13471466666666668,0.001008,0.3041653333333333,0.032144,0.0,0.0,0.00017066666666666668,0.0,0.343472,0.0005013333333333333
2058916965,0.11156266666666667,0.026112,0.044608,0.013056,0.31522666666666666,0.0,2.666666666666667e-05,0.000816,9.066666666666667e-05,0.4864426666666666,0.0020586666666666665
2058917075,0.19642133333333334,0.005658666666666666,0.13152,0.015642666666666666,0.10704533333333334,1.0666666666666667e-05,0.00029866666666666664,0.005312,0.0003093333333333333,0.537744,3.733333333333333e-05
2058917961,0.17620266666666667,0.0009866666666666667,0.359872,0.044469333333333326,0.010992,0.0,2.666666666666667e-05,0.0013013333333333336,2.666666666666667e-05,0.4056,0.0005226666666666666
2059701494,0.11500266666666667,0.029226666666666668,0.026762666666666667,0.017626666666666662,0.365536,0.0,0.00023466666666666666,0.003104,5.333333333333333e-05,0.4423733333333333,8e-05
2059702220,0.201808,0.0015893333333333337,0.3569973333333333,0.007461333333333333,0.00014933333333333332,0.0,0.000288,0.00939733333333333,0.000272,0.4220373333333333,0.0
2059702588,0.01192,0.003893333333333333,0.4935306666666666,0.07904,0.09141333333333332,0.002794666666666667,0.025712,0.0060213333333333325,0.0007839999999999998,0.173552,0.11133866666666667
2198567778,0.5458346666666666,0.094688,0.0011946666666666664,0.21388266666666667,0.000128,0.0,0.0018986666666666668,0.044976,4.266666666666666e-05,0.09734933333333333,5.333333333333334e-06
2198568402,0.570144,0.10216,4.266666666666666e-05,0.024048,6.4e-05,1.0666666666666667e-05,0.052288,0.187088,0.0,0.06415466666666667,0.0
2198569082,0.488528,0.08843733333333334,0.00010133333333333332,0.09268266666666665,0.00036266666666666663,0.0,0.010277333333333331,0.039525333333333336,0.0,0.2800853333333333,0.0
223803205,0.035620481927710834,0.002421686746987952,0.06973493975903615,0.009487951807228915,0.2252349397590361,0.0,5.421686746987952e-05,1.8072289156626505e-05,0.0003734939759036145,0.6557469879518072,0.0013072289156626506
223803241,0.050590361445783126,0.009771084337349396,0.016518072289156627,0.11175903614457833,0.04356024096385542,0.0,6.024096385542168e-05,0.005602409638554217,3.614457831325301e-05,0.7620843373493976,1.8072289156626505e-05
223803289,0.07032530120481928,0.03855421686746988,0.04245180722891567,0.007463855421686747,0.11682530120481928,0.0,6.0240963855421675e-06,5.421686746987952e-05,1.8072289156626505e-05,0.7242951807228915,6.0240963855421675e-06
223803340,0.10398795180722893,0.0038855421686746984,0.0027289156626506025,0.027253012048192773,0.04579518072289157,6.0240963855421675e-06,0.00013855421686746988,0.0009156626506024095,6.0240963855421675e-06,0.8151204819277108,0.00016265060240963855
223803380,0.1431867469879518,0.0012951807228915662,0.11601807228915666,0.01063855421686747,0.0002048192771084337,0.0,9.638554216867468e-05,0.003897590361445783,0.0007951807228915662,0.7238674698795181,0.0
223803444,0.12590963855421686,0.003524096385542169,0.05244578313253012,0.016295180722891562,0.13122289156626507,1.2048192771084335e-05,0.0006867469879518072,0.0014096385542168677,7.228915662650602e-05,0.6668554216867469,0.0015662650602409638
223803485,0.11109036144578313,0.002644578313253012,0.034234939759036145,0.016987951807228917,0.1364156626506024,6.0240963855421675e-06,0.0009156626506024095,0.001783132530120482,5.421686746987952e-05,0.6943433734939759,0.0015240963855421687
223803556,0.4368373493975904,0.0060903614457831325,0.00586144578313253,0.03051204819277108,0.0003012048192771085,0.0,4.819277108433735e-05,0.002789156626506024,3.012048192771084e-05,0.5175301204819277,0.0
223803687,0.12130722891566265,0.03761445783132529,0.20918072289156628,0.1488734939759036,0.12249397590361445,0.0010361445783132533,0.0477710843373494,0.08287951807228916,0.004283132530120482,0.2145060240963856,0.01005421686746988
223803726,0.3602590361445783,0.003216867469879518,0.022620481927710843,0.03239759036144578,0.0055240963855421685,0.0,0.00013855421686746988,0.0005903614457831325,5.421686746987952e-05,0.5751807228915663,1.8072289156626505e-05
223803781,0.1325602409638554,0.0031204819277108435,0.3237710843373494,0.08531927710843372,0.0003975903614457832,6.0240963855421675e-06,0.0005722891566265061,0.010246987951807228,0.0017228915662650605,0.44227710843373497,6.0240963855421675e-06
223803831,0.1608975903614458,0.0036024096385542173,0.10369277108433736,0.01563855421686747,0.16243975903614458,0.0,0.000427710843373494,0.0026506024096385537,9.638554216867468e-05,0.5499578313253012,0.0005963855421686747
223803883,0.02244578313253012,0.022240963855421687,0.008439759036144578,0.03550602409638554,0.24446385542168675,1.2048192771084335e-05,0.0002168674698795181,0.0001987951807228916,6.0240963855421675e-06,0.666012048192771,0.00045783132530120477
2516163434,0.006390390390390389,0.861039039039039,0.039705705705705696,0.0011051051051051053,0.03181981981981982,0.018762762762762758,0.00013213213213213214,0.0007327327327327326,0.03685885885885886,6.606606606606607e-05,0.0033873873873873873
2517318209,0.042223021582733805,0.5712805755395683,0.23781294964028776,0.07017985611510791,0.0005467625899280576,0.0,2.8776978417266186e-05,0.0014028776978417265,0.02540287769784173,0.051122302158273375,0.0
2517322077,0.2913093525179856,0.3818561151079137,0.07770503597122302,0.12457553956834533,0.0005467625899280576,0.0,0.003489208633093525,0.00034532374100719427,0.0,0.1201726618705036,0.0
2517353423,0.2163956834532374,0.6335323741007194,0.12559712230215828,0.004733812949640288,5.755395683453237e-05,0.0,2.8776978417266186e-05,0.006683453237410072,0.012935251798561151,3.5971223021582726e-05,0.0
2518094240,0.07728776978417265,0.4892086330935252,0.3470359712230216,0.004446043165467626,5.0359712230215835e-05,7.1942446043165465e-06,0.00028776978417266187,0.002388489208633093,0.07289208633093523,0.00639568345323741,0.0
2518138434,0.08240287769784173,0.09638129496402878,0.21502877697841727,0.6020647482014388,0.0003525179856115108,0.0,0.0,0.0003884892086330936,0.002100719424460432,0.0012805755395683452,0.0
2526804633,0.004861035422343324,0.0005231607629427793,0.2223433242506812,0.003536784741144415,0.02972207084468665,0.32193460490463216,0.0015258855585831062,0.0005122615803814714,0.06994005449591281,0.0008283378746594005,0.3442724795640327
2607614226,0.06121613832853025,0.0,0.6186801152737752,0.003769452449567723,0.015475504322766571,0.026121037463976947,0.0015965417867435158,0.0014236311239193087,0.013487031700288185,0.1635100864553314,0.09472046109510086
2681336999,0.034997333333333325,0.007861333333333333,0.002906666666666667,0.0008639999999999998,0.17645333333333332,0.0002293333333333333,0.12046933333333333,0.5654186666666666,0.0002506666666666667,0.09035733333333332,0.000192
2681337007,0.09282133333333333,0.44608,0.0033066666666666665,0.00304,0.10989866666666667,0.0,1.6e-05,0.0002293333333333333,1.0666666666666667e-05,0.3445973333333333,0.0
2681337017,0.21166933333333326,0.4073866666666667,6.933333333333333e-05,0.030554666666666667,0.06951466666666667,0.0,1.0666666666666667e-05,0.00033066666666666666,0.0,0.280464,0.0
2681337025,0.021415730337078647,0.05594756554307116,0.03162546816479401,0.005288389513108614,0.3381797752808989,3.745318352059925e-05,0.001700374531835206,0.1235880149812734,0.018426966292134837,0.3954531835205993,0.008337078651685393
2681345861,0.13578666666666667,0.0010346666666666666,0.006938666666666666,0.05660266666666666,0.4911573333333333,0.0,0.0005493333333333333,0.009077333333333331,1.6e-05,0.2987253333333333,0.00011200000000000001
2681345863,0.40891733333333335,0.0,0.0,0.028149333333333325,0.0,0.0,0.0,0.0,0.0,0.5629333333333333,0.0
2681345865,0.157648,0.3316266666666667,1.6e-05,0.02103466666666667,0.14094933333333334,0.0,5.333333333333334e-06,0.0002773333333333333,0.0,0.3484426666666667,0.0
2681345869,0.138976,0.428864,0.0,0.01818666666666667,0.108784,0.0,5.333333333333334e-06,0.000144,0.0,0.30504,0.0
2682134054,0.125184,0.0022453333333333327,0.3327466666666667,0.08060266666666667,8.533333333333334e-05,0.00032,0.00037866666666666664,0.00834133333333333,0.019546666666666667,0.4305493333333333,0.0
2682134056,0.2809493333333333,0.14408,0.016794666666666666,0.10408,0.057264,0.0,3.733333333333333e-05,0.000992,0.00039466666666666665,0.39524266666666663,0.00016533333333333333
2682134060,0.2496,0.14081066666666667,0.037616,0.10880533333333334,0.079184,0.0,6.933333333333333e-05,0.0011146666666666666,0.0009866666666666667,0.38175466666666663,5.8666666666666665e-05
2682134066,0.011674666666666668,0.0014826666666666664,0.032576,0.2379573333333333,0.263104,0.0,0.00184,0.001546666666666667,0.00014933333333333332,0.4496266666666667,4.266666666666666e-05
2682134070,0.06893866666666665,0.6218453333333334,1.6e-05,0.17260266666666665,0.06964266666666667,0.0,0.0,0.00010133333333333332,5.333333333333334e-06,0.06684800000000002,0.0
2682134074,0.06863466666666665,0.5171893333333333,8e-05,0.25194666666666665,0.11261333333333333,0.0,0.0,0.00013333333333333334,2.666666666666667e-05,0.049376,0.0
276319569,0.021027027027027027,0.016864864864864864,0.12366966966966965,0.2152192192192192,0.07184984984984985,0.0,0.0014954954954954954,0.00045645645645645645,0.008186186186186186,0.5411891891891892,4.204204204204204e-05
278544757,0.02260660660660661,7.807807807807808e-05,0.08218018018018018,0.6713873873873873,0.21306906906906906,0.0,6.006006006006007e-06,0.0,0.0,0.010636636636636635,3.603603603603604e-05
278545009,0.016048048048048047,4.204204204204204e-05,0.17754354354354354,0.678870870870871,0.11297897897897898,0.0,0.0004084084084084084,0.0005105105105105105,0.0,0.01341741741741742,0.00018018018018018016
278546113,0.03437837837837838,0.00019819819819819816,0.8449669669669669,0.028990990990990995,0.017105105105105104,0.00017417417417417416,0.040408408408408404,0.00047447447447447453,0.0011951951951951953,0.025513513513513515,0.006594594594594594
278546233,0.12719760479041914,0.0,0.04916766467065868,0.7111976047904192,0.0007365269461077845,0.0,0.015017964071856288,5.988023952095808e-05,0.0,0.09662275449101795,0.0
278546373,0.033693693693693696,0.006576576576576576,0.2368828828828829,0.4229729729729729,0.00016216216216216215,0.0,0.011513513513513514,0.00215015015015015,0.0,0.2860480480480481,0.0
278547181,0.02859880239520958,0.02037125748502994,0.024910179640718563,0.2294910179640719,0.0992754491017964,0.0,0.010754491017964073,0.000437125748502994,0.0,0.5861616766467066,0.0
278547325,0.10383783783783784,0.010996996996996996,0.014552552552552554,0.7021021021021021,0.0009489489489489488,0.0,0.0173993993993994,0.00412012012012012,0.0,0.14604204204204205,0.0
278547706,0.2087747747747748,0.2089069069069069,0.23747147147147146,0.05854654654654655,0.0005825825825825825,0.0005465465465465466,2.4024024024024028e-05,0.00048048048048048047,9.009009009009008e-05,0.28445645645645645,0.00012012012012012012
278547939,0.042293413173652684,0.0011137724550898203,0.34052694610778445,0.5686467065868264,6.58682634730539e-05,0.0,0.011401197604790421,0.014604790419161675,0.0,0.021347305389221558,0.0
278548028,0.08747147147147145,0.00012012012012012012,0.4518738738738739,0.019885885885885884,2.4024024024024028e-05,0.0,0.001069069069069069,4.8048048048048055e-05,0.0,0.4395075075075075,0.0
278548241,0.0735855855855856,6.006006006006007e-06,0.3013873873873874,0.05882882882882884,6.006006006006007e-06,0.0,0.03004804804804805,0.0006966966966966967,6.006006006006007e-06,0.5354354354354354,0.0
278548346,0.12624024024024025,4.204204204204204e-05,0.3629189189189189,0.14070870870870872,0.0,0.0,0.0013993993993993994,0.004660660660660661,0.0,0.3640300300300301,0.0
278548445,0.09223353293413171,9.580838323353292e-05,0.12794011976047906,0.2974191616766467,4.790419161676647e-05,0.0,3.5928143712574846e-05,5.9880239520958085e-06,0.0,0.4822215568862275,0.0
282276797,0.2161261261261261,0.005399399399399399,0.037237237237237236,0.5795675675675676,0.009675675675675677,0.0,0.02401201201201201,4.8048048048048055e-05,4.8048048048048055e-05,0.12743543543543542,0.0004504504504504505
282279870,0.3492612612612613,0.06733333333333333,0.03766966966966967,0.35899099099099097,0.119009009009009,0.0,0.0059279279279279284,5.4054054054054054e-05,0.0,0.06081681681681681,0.0009369369369369368
282288074,0.6101144578313253,0.14415662650602407,0.012228915662650604,0.18575903614457834,0.021861445783132528,1.2048192771084335e-05,0.004198795180722892,0.00010240963855421688,0.0,0.01979518072289156,0.0017710843373493976
282297251,0.02827710843373494,0.2233734939759036,0.04794578313253012,0.14797590361445784,8.433734939759034e-05,0.2872650602409639,0.0007048192771084337,0.00018674698795180725,0.0007650602409638553,0.2634156626506024,6.0240963855421675e-06
282304862,0.13153012048192772,0.5055240963855422,0.02069277108433735,0.1567289156626506,0.00019277108433734936,6.0240963855421675e-06,6.024096385542168e-05,0.001674698795180723,0.0006506024096385542,0.18293975903614454,0.0
282306405,0.456355421686747,0.3905963855421687,0.0020060240963855427,0.1200421686746988,0.01236144578313253,0.0,0.00047590361445783126,0.00048795180722891574,8.433734939759034e-05,0.017512048192771086,7.83132530120482e-05
282314017,0.6917650602409638,0.10836746987951808,0.01958433734939759,0.13437349397590362,0.016560240963855426,3.012048192771084e-05,0.00015060240963855426,6.024096385542168e-05,6.0240963855421675e-06,0.014150602409638554,0.014951807228915662
282317537,0.31301204819277106,0.3491927710843373,0.04102409638554217,0.10963253012048192,0.16499397590361445,7.228915662650602e-05,0.0002590361445783133,0.0003012048192771085,0.0003012048192771085,0.021018072289156628,0.00019277108433734936
282324684,0.4756325301204819,0.20176506024096386,0.0352710843373494,0.14762048192771085,0.09586746987951807,0.0,0.0013493975903614455,0.0022650602409638554,0.00025301204819277106,0.03583132530120482,0.004144578313253013
282328625,0.15583734939759036,0.41122289156626507,0.09334337349397592,0.07577710843373495,0.1506566265060241,0.007650602409638555,0.00013855421686746988,0.000891566265060241,5.421686746987952e-05,0.07598795180722892,0.028439759036144575
2872331799,0.12682666666666667,0.3694613333333333,0.19783466666666666,0.002442666666666667,0.0020106666666666667,3.2e-05,0.0,0.0034773333333333327,0.0532,0.24471466666666666,0.0
2872334059,0.059242666666666666,0.0036746666666666664,0.16042666666666666,0.011584,0.17443733333333333,0.0012746666666666664,0.0004693333333333333,0.003418666666666666,0.11389866666666665,0.4702826666666666,0.0012906666666666667
2872336521,0.17490133333333333,0.006512,0.2951253333333333,0.216784,0.00010133333333333332,2.133333333333333e-05,0.01521066666666667,0.034304,0.0021546666666666667,0.254848,3.733333333333333e-05
2872337795,0.058528,0.8024426666666666,8e-05,0.07378666666666665,0.03262933333333334,0.0,5.333333333333334e-06,0.0005386666666666666,0.0,0.03198933333333333,0.0
2872339127,0.27348266666666665,0.020752,0.056720000000000007,0.05035733333333333,0.286288,5.333333333333334e-06,0.0003253333333333333,0.0034986666666666673,0.012421333333333331,0.2961173333333333,3.2e-05
2872340457,0.05349866666666666,0.06322133333333334,0.2254026666666667,0.3306933333333333,0.2564533333333333,8.533333333333334e-05,0.0004906666666666667,0.0011253333333333334,0.0053866666666666655,0.04761066666666666,0.016032
2873157332,0.15101333333333333,0.151744,0.04122666666666666,0.014794666666666666,0.22181333333333333,5.333333333333334e-06,0.0003413333333333333,0.011205333333333331,0.001072,0.40625066666666665,0.0005333333333333334
2873158508,0.05803200000000001,0.0012693333333333333,0.161824,0.008128,0.00010133333333333332,0.008954666666666666,0.006474666666666666,0.025930666666666668,0.24416,0.4851253333333334,0.0
2873159696,0.11499200000000001,0.5104693333333333,0.08463466666666665,0.012826666666666669,0.061648,0.0,2.666666666666667e-05,0.003152,0.0108,0.20144,1.0666666666666667e-05
2873162268,0.07664533333333333,0.42681066666666667,0.10018133333333333,0.008282666666666667,0.02894933333333333,0.01152,0.0004853333333333333,0.002981333333333333,0.017829333333333332,0.32631466666666664,0.0
2873164682,0.256432,3.733333333333333e-05,0.3300693333333333,0.037584,0.0007626666666666668,5.333333333333334e-06,0.0004746666666666666,0.0026506666666666666,0.0021386666666666668,0.36984533333333336,0.0
2874444931,0.4314103194103194,0.028083538083538084,0.014457002457002457,0.06191154791154791,0.023420147420147416,0.004737100737100738,0.009469287469287468,0.009567567567567568,0.11686486486486485,0.28936609336609337,0.010712530712530713
2892908876,0.4423641791044776,0.001301492537313433,0.03964776119402985,0.4432358208955224,0.06273432835820897,0.008023880597014926,0.00010746268656716416,0.00010149253731343284,0.0016656716417910446,0.00034029850746268656,0.0004776119402985074
3070534991,0.18543880597014925,0.2831044776119403,0.14250149253731342,0.2141432835820896,0.020286567164179103,0.0,0.02530149253731343,0.00037611940298507457,5.970149253731344e-06,0.122244776119403,0.006597014925373134
3071372614,0.01831641791044776,0.7612119402985074,0.09746268656716417,0.004728358208955224,0.003122388059701493,0.047331343283582086,1.1940298507462685e-05,0.0006328358208955223,0.002435820895522388,0.06460895522388059,0.0001373134328358209
3082007427,0.07959402985074625,0.0,0.3257373134328358,0.5454925373134328,0.0006925373134328357,0.00029850746268656717,0.01173731343283582,0.0,1.7910447761194035e-05,0.022471641791044772,0.013958208955223879
3082007635,0.008280597014925374,0.0,0.7134925373134329,0.15080597014925373,0.0011104477611940298,0.012179104477611941,0.012901492537313432,0.0,0.0,0.027635820895522387,0.07359402985074627
3100190139,0.08008,0.5791306666666666,0.0037973333333333336,0.155424,0.15515733333333334,0.0,0.000448,0.000192,1.0666666666666667e-05,0.0256,0.00016
3100190697,0.177376,0.8162026666666666,0.0048533333333333345,0.0008106666666666666,0.0006026666666666667,0.0,0.0,0.00015466666666666667,0.0,0.0,0.0
3100192297,0.046293333333333325,0.6444746666666666,0.12057066666666667,0.010416,0.14676266666666668,0.0007839999999999998,0.0004053333333333333,0.0008906666666666666,0.017701333333333333,0.010650666666666666,0.0010506666666666668
3101027112,0.080672,0.703584,0.001296,0.058245333333333336,0.14895466666666668,0.0,6.933333333333333e-05,0.00033066666666666666,5.333333333333334e-06,0.006821333333333335,2.133333333333333e-05
3101030298,0.09776533333333333,0.687968,0.153104,0.003632,0.000672,5.333333333333334e-06,0.00020266666666666667,0.0014826666666666664,0.003904,0.051253333333333324,1.0666666666666667e-05
3102381947,0.031328,0.6042933333333333,0.08891733333333332,0.008448,0.24767466666666665,0.0005706666666666668,0.000192,0.00072,0.011157333333333332,0.005568,0.0011306666666666668
3102382209,0.02936,0.86688,0.061392,0.0027146666666666673,0.01987733333333333,0.00012266666666666668,0.0,0.0008106666666666666,0.01870933333333333,9.066666666666667e-05,4.266666666666666e-05
3102382427,0.05090666666666667,0.92864,0.0024266666666666672,0.010544,0.00216,0.0,0.00041066666666666666,0.000688,0.00011200000000000001,0.004112,0.0
3102384681,0.12575466666666665,0.7633813333333332,0.000336,0.030005333333333325,0.06445866666666665,0.0,8e-05,0.00037866666666666664,5.333333333333334e-06,0.0156,0.0
3103218274,0.0364,0.8108959999999998,0.11196266666666667,0.0010293333333333333,0.0003413333333333333,0.0006506666666666666,3.733333333333333e-05,0.00096,0.037536,0.00018666666666666666,0.0
3106388273,0.15109866666666666,0.7924746666666665,0.000192,0.028192,0.023514666666666663,0.0,3.2e-05,0.0002613333333333333,0.0,0.004234666666666667,0.0
3106389173,0.18853333333333333,0.7095413333333334,5.333333333333334e-06,0.057466666666666666,0.037328,0.0,0.0,9.6e-05,0.0,0.0070293333333333345,0.0
3106390173,0.09773866666666665,0.845184,2.133333333333333e-05,0.04705066666666666,0.001232,0.0,0.0,9.066666666666667e-05,0.0,0.008682666666666665,0.0
3106390483,0.3841813333333333,0.5438773333333333,6.4e-05,0.011285333333333331,0.019306666666666663,0.0,0.0,0.0004746666666666666,0.0,0.04081066666666666,0.0
3107221768,0.13469866666666666,0.6821706666666667,0.0,0.08045333333333332,0.08637333333333333,0.0,0.0,1.6e-05,0.0,0.016288,0.0
318612384,0.5560266666666666,0.040277333333333325,0.12065066666666667,0.16883733333333334,0.038016,0.0039573333333333335,0.0011093333333333333,0.0,0.0,0.02272,0.048405333333333335
318612671,0.09906666666666665,0.8861546666666666,0.0011946666666666664,8e-05,0.0,0.0029866666666666665,0.0006346666666666666,0.006149333333333333,0.003733333333333333,0.0,0.0
318612843,0.2016141304347826,0.05831521739130435,0.2487717391304348,0.005603260869565217,0.132875,0.00558695652173913,0.0006739130434782609,9.782608695652174e-05,0.00015217391304347825,0.2225,0.12380978260869566
318613478,0.022736,0.7932639999999997,0.062944,0.002474666666666667,0.0024266666666666672,0.033392,0.0004586666666666666,0.0010346666666666666,0.002618666666666667,0.05585066666666666,0.0228
318613804,0.03569066666666667,0.7800373333333332,0.10494933333333334,0.00072,8e-05,0.063552,0.0002453333333333333,0.000736,0.006144,0.007808,3.733333333333333e-05
318614132,0.09301333333333331,0.6051306666666667,0.05916266666666666,0.0019946666666666667,0.003978666666666667,0.119568,0.00037866666666666664,0.003856,0.0030186666666666665,0.040405333333333335,0.06949333333333334
318614474,0.07577599999999998,0.5220106666666666,0.06338666666666665,0.0034933333333333327,0.0016586666666666664,0.12041066666666668,0.000416,0.0017546666666666667,0.0021973333333333333,0.171056,0.03784
318615210,0.032816,0.610768,0.07806933333333335,0.0014133333333333333,0.0004426666666666666,0.09143466666666665,0.0005546666666666666,0.0014133333333333333,0.0052,0.17458133333333334,0.0033066666666666665
318615485,0.016448,0.6461866666666666,0.08032533333333333,0.0011946666666666664,0.014181333333333334,0.07048,0.0009226666666666668,0.001136,0.012730666666666666,0.09260266666666665,0.063792
318615817,0.21031466666666668,0.0,0.0,0.2858293333333333,0.0,0.0,0.0,0.0,0.0,0.503856,0.0
318616047,0.10942933333333334,0.5970986666666666,0.08647466666666667,0.00424,0.008741333333333334,0.019946666666666668,0.000208,0.0014986666666666664,0.012970666666666669,0.14528533333333332,0.014106666666666668
318616209,0.12179733333333333,0.0,0.0,0.148368,0.0,0.0,0.0,0.0,0.0,0.7298346666666666,0.0
318616691,0.08762133333333333,0.621408,0.043312,0.0021386666666666668,0.00992,0.11531733333333333,0.00018133333333333331,0.002757333333333333,0.003152,0.10551466666666667,0.008677333333333334
318616892,0.10158933333333334,0.698368,0.05263466666666667,0.004736,0.049674666666666666,0.0036426666666666664,0.00013333333333333334,0.0006133333333333334,6.933333333333333e-05,0.049024,0.039514666666666656
318617097,0.186032,0.5707733333333334,0.03436800000000001,0.008538666666666665,0.02288,0.0020746666666666665,0.000384,4.266666666666666e-05,5.333333333333334e-06,0.11170133333333332,0.0632
3296559575,0.10682133333333334,0.267904,0.04242666666666666,0.5328693333333333,0.031146666666666663,0.0,0.0,0.005034666666666666,0.010885333333333334,0.0004,0.002512
3337175001,0.014437333333333332,0.5564693333333334,0.035866666666666665,0.12999466666666668,0.014714666666666666,0.09600533333333332,0.0007253333333333333,0.02331733333333333,0.026330666666666662,0.05088,0.05125866666666666
3379261271,0.013856,0.02237333333333333,0.208256,0.242432,0.14266133333333333,0.013301333333333332,0.0019466666666666664,0.0027093333333333327,0.061861333333333324,0.2904,0.00020266666666666667
3379263383,0.0013333333333333333,0.002437333333333333,0.31521066666666664,0.21297066666666667,0.079936,0.010282666666666669,0.030922666666666668,0.001008,0.07738666666666667,0.2610346666666667,0.007477333333333333
3379488139,0.011573333333333331,0.006570666666666666,0.13668266666666667,0.4001226666666666,0.12328533333333333,0.010506666666666666,0.01162133333333333,0.0018026666666666664,0.049936,0.24529066666666666,0.002608
3379489423,0.044368,0.08930666666666667,0.3500586666666667,0.2544373333333333,0.007168,0.0037653333333333328,0.03884266666666666,0.024016,0.14525333333333335,0.04065066666666666,0.002133333333333333
3379490419,0.017472,0.039808,0.33409066666666665,0.09277333333333332,0.012976,0.02359466666666667,0.21921066666666664,0.03546666666666667,0.09845866666666665,0.09597866666666667,0.03017066666666666
3379491345,0.008821333333333334,0.005728,0.2570826666666667,0.21056533333333333,0.02811733333333333,0.025258666666666662,0.055861333333333325,0.0013226666666666669,0.19066666666666668,0.21608,0.000496
3380078874,0.036453333333333324,0.049013333333333325,0.21718933333333332,0.36218133333333336,0.034181333333333334,1.6e-05,0.022432,0.006714666666666666,0.02632,0.2448853333333333,0.0006133333333333334
3380308894,0.005248,0.022128,0.13394133333333333,0.2280053333333333,0.08191466666666665,0.047776,0.069808,0.0027253333333333326,0.12749866666666668,0.280464,0.0004906666666666667
3717669919,0.122224,0.39888,0.12421866666666667,0.019562666666666662,0.15088533333333334,0.024576,0.011109333333333334,0.024906666666666667,0.12254933333333333,0.000496,0.000592
3717672447,0.02906133333333333,0.067648,0.12406933333333335,0.38104,0.061957333333333336,0.005253333333333333,0.003344,0.01779733333333333,0.008538666666666665,0.227168,0.07412266666666667
3717673599,0.06574933333333334,0.40917866666666663,0.10203200000000001,0.05378666666666667,0.062218666666666665,0.003856,0.08918933333333333,0.03555733333333334,0.05141866666666666,0.09127466666666668,0.03573866666666667
3718480452,0.010653386454183266,1.593625498007968e-05,0.18357768924302786,0.009306772908366534,0.011474103585657373,0.0006772908366533864,0.006820717131474104,0.0015458167330677293,0.011235059760956177,0.7646932270916335,0.0
3718482162,0.060565333333333325,0.5213333333333333,0.10453866666666667,0.04034666666666667,0.18241066666666667,0.001504,0.0038026666666666664,0.021594666666666668,0.063856,0.0,4.8e-05
3718483390,0.043866666666666665,0.662432,0.0956,0.003104,0.117264,0.00010133333333333332,0.001584,0.023648,0.05205866666666667,0.00021866666666666668,0.00012266666666666668
3718485998,0.03293333333333333,0.31565866666666664,0.0636,0.13282133333333335,0.023290666666666668,0.033104,0.031024,0.02309333333333333,0.051290666666666665,0.2901173333333333,0.003066666666666667
3796287545,0.05100311526479751,0.4514267912772586,0.03943302180685358,0.07687850467289718,0.011445482866043612,0.0007227414330218067,0.02370716510903427,0.08904672897196261,0.006367601246105919,0.2439688473520249,0.006
3839702658,0.04712,2.666666666666667e-05,0.339184,0.096528,0.018368,0.43578666666666666,0.0027146666666666673,0.007285333333333335,0.04337066666666666,0.0,0.009616
3883509580,0.09431466666666669,0.5387253333333333,0.015077333333333331,0.065616,0.14568,0.00021866666666666668,0.01624,0.032672,7.466666666666666e-05,0.07467733333333333,0.016704
3892187606,0.087968,0.12358933333333333,0.05373333333333333,0.12067733333333333,0.4552,8e-05,0.007002666666666666,0.00792,0.000272,0.08086933333333332,0.062688
3892794411,0.11051733333333333,0.109456,0.16781866666666667,0.3068,0.283184,1.6e-05,0.006352,0.0030133333333333327,0.00011733333333333333,0.011338666666666669,0.0013866666666666667
3893583794,0.146784,0.044512,0.18653866666666666,0.3342933333333333,0.27103466666666665,0.0,0.002816,0.003008,1.0666666666666667e-05,0.010826666666666668,0.000176
3893921987,0.3191893333333333,0.016730666666666668,0.022976,0.5767413333333333,0.04033066666666666,7.466666666666666e-05,0.0017973333333333333,0.010442666666666666,0.001152,0.010368,0.00019733333333333327
3903127652,0.070464,0.3600053333333333,0.027573333333333328,0.091328,0.267968,2.133333333333333e-05,0.04441066666666666,0.0977973333333333,0.0037546666666666666,0.03500266666666667,0.0016746666666666668
3937929027,0.021611940298507458,0.7877253731343283,0.0890686567164179,0.0005014925373134329,0.00033432835820895523,0.05186865671641791,7.164179104477614e-05,0.0004776119402985074,0.04829253731343284,4.179104477611941e-05,5.970149253731344e-06
398654456,0.3139228650137741,0.13150964187327824,0.30591735537190085,0.04157575757575758,0.05835261707988981,0.02743250688705234,0.013608815426997243,0.010975206611570249,0.015327823691460057,0.012203856749311294,0.06917355371900827
40221657,0.04521066666666667,0.006784,0.02445866666666667,0.006848,0.5266026666666666,0.0,3.2e-05,0.000944,5.333333333333334e-06,0.38898666666666665,0.000128
40221670,0.06371200000000002,0.0026773333333333328,0.032154666666666665,0.007498666666666666,0.5854826666666667,0.0,6.4e-05,0.003072,8.533333333333334e-05,0.3051946666666667,5.8666666666666665e-05
40221687,0.28848,6.933333333333333e-05,0.0003093333333333333,0.2958453333333333,0.08902933333333332,0.0,0.00013866666666666666,5.333333333333334e-06,0.0,0.3261226666666667,0.0
40221707,0.07724266666666665,0.06277866666666665,0.031157333333333325,0.066912,0.4585013333333333,0.0,0.000192,0.0008906666666666666,5.333333333333333e-05,0.302256,1.6e-05
40221721,0.2976053333333333,0.17386666666666667,0.02829333333333333,0.08894933333333335,0.018298666666666668,0.0,0.00018133333333333331,0.000128,9.066666666666667e-05,0.39258666666666653,0.0
40221740,0.38039466666666666,0.41464,0.08596266666666667,0.0038293333333333335,0.00011200000000000001,8.533333333333334e-05,0.00013866666666666666,0.00504,0.0018933333333333328,0.107904,0.0
40221751,0.3436266666666667,0.382144,0.10779200000000001,0.003914666666666667,0.000208,0.00010133333333333332,9.6e-05,0.003226666666666667,0.0011413333333333336,0.15774933333333332,0.0
40221775,0.15231466666666665,0.023642666666666663,0.031392,0.281488,0.13544,0.0,0.00015466666666666667,0.00012266666666666668,5.8666666666666665e-05,0.37461866666666666,0.000768
40221783,0.08490133333333333,0.0060213333333333325,0.00014933333333333332,0.3488906666666667,0.06836266666666667,0.0,1.0666666666666667e-05,0.0,0.0,0.491664,0.0
4039417307,0.28098666666666666,0.015706666666666667,0.009733333333333332,0.599184,0.009546666666666665,0.0002506666666666667,0.0038026666666666664,0.0046293333333333325,0.005509333333333333,0.06464533333333332,0.006005333333333333
4039417311,0.28370666666666666,0.006842666666666667,0.008618666666666665,0.6531786666666666,0.009621333333333334,5.8666666666666665e-05,0.001936,0.004698666666666667,0.003952,0.027344,4.266666666666666e-05
4039417327,0.13352,0.008096,0.007888,0.829808,0.006256,3.2e-05,0.0013173333333333331,0.004864,0.0022453333333333327,0.0059253333333333345,4.8e-05
4039417329,0.159136,0.001962666666666667,0.025466666666666662,0.74616,0.009221333333333331,5.333333333333334e-06,0.002821333333333333,0.002928,5.333333333333334e-06,0.051664,0.0006293333333333333
4039454813,0.16940266666666667,0.001957333333333333,0.03917866666666666,0.581504,0.012650666666666666,0.0,0.000736,0.001973333333333333,0.0,0.192528,6.933333333333333e-05
4039454903,0.142208,0.008704,0.02225066666666666,0.7437226666666666,0.018592,0.00021866666666666668,0.0025866666666666672,0.003573333333333333,0.023946666666666668,0.02573333333333333,0.008464
4040194494,0.16157333333333335,0.003872,0.022074666666666663,0.7701599999999998,0.009338666666666669,4.266666666666666e-05,0.0021546666666666667,0.002288,0.001152,0.02526933333333333,0.0020746666666666665
4040194500,0.13008533333333333,0.002256,0.06661333333333333,0.64784,0.006464,5.333333333333334e-06,0.015093333333333334,0.002949333333333333,1.0666666666666667e-05,0.12626133333333334,0.0024213333333333326
4040194502,0.15109333333333333,0.015349333333333331,0.011477333333333334,0.7910399999999999,0.010832,0.0,0.00088,0.005824,0.0011626666666666669,0.012298666666666666,4.266666666666666e-05
4040194506,0.12369066666666667,0.0015946666666666668,0.073728,0.7357546666666666,0.013248,0.0,0.003941333333333333,0.003152,5.333333333333334e-06,0.044688,0.00019733333333333327
4040194510,0.17663466666666666,0.0022186666666666665,0.07430933333333335,0.614576,0.026778666666666662,0.00018666666666666666,0.0077333333333333325,0.0017333333333333333,0.0021813333333333333,0.09244266666666669,0.0012053333333333336
4040194518,0.07227733333333332,0.0012213333333333336,0.004517333333333332,0.8920479999999998,0.003685333333333333,0.0,0.0009386666666666666,0.0034773333333333327,0.0017386666666666664,0.020090666666666663,5.333333333333334e-06
408681016,0.0963030303030303,0.03314718614718615,0.3001428571428572,0.17891774891774892,0.03168398268398268,0.0046883116883116895,0.010930735930735931,0.030389610389610387,0.0720995670995671,0.18165800865800866,0.06003896103896104
4140494070,0.0052,0.0,0.9078516129032258,0.07273548387096775,0.0005935483870967741,0.0,0.0102,9.032258064516129e-05,0.0,8.387096774193549e-05,0.0032451612903225805
417537329,0.4279920948616601,0.02130434782608696,0.061739130434782616,0.06632411067193676,0.09956521739130435,0.011296442687747037,0.0009802371541501977,0.0015968379446640315,0.027691699604743082,0.19924901185770752,0.08226086956521737
4201106385,0.15550933333333333,0.700864,0.0014186666666666664,0.02672533333333333,0.0059253333333333345,0.0,0.000432,0.01547733333333333,2.666666666666667e-05,0.0936213333333333,0.0
424211156,0.0028129032258064515,0.1610193548387097,0.4903612903225806,0.09791827956989248,0.11592688172043013,0.0024946236559139786,0.006116129032258065,0.0009677419354838708,0.0016172043010752688,0.07766021505376344,0.04310537634408602
