11848435566,0.14098215919980187,0.05777533727402909,0.06173756688954207,0.024656265813925944,0.04594248306900525,0.016118091669627573,0.06974277808284074,0.03380815487149671,0.024505528817683603,0.06395555411996512,0.014949879948749422,0.04802050023148896,0.024053317828956575,0.08221626452189455,0.05930424109305856,0.23223187656793395
11931826675,0.163065129149305,0.05335551320563756,0.06397708797657116,0.027520268742530444,0.046233190133186906,0.02237906047783628,0.06552214218805516,0.04164109521194698,0.03560084843395028,0.05775918688157455,0.0216845936022912,0.046846905046459296,0.026239004274470536,0.06495687845214639,0.05670941137202967,0.20650968485200855
11932030623,0.18803901934817016,0.10272726293915607,0.051578970035638536,0.03324827459973944,0.02621747041786449,0.014169277646780146,0.04842426004285237,0.03845946789840327,0.03627378145288931,0.05095987165821463,0.013668615480689516,0.02639512473486439,0.029657504010680794,0.05524510912281835,0.09294550857585841,0.19199048203538013
11932547526,0.15679877687694474,0.10391700851664028,0.05703780268527193,0.029969744931468506,0.02350420448550233,0.010756161374721405,0.0690590781355987,0.03273146204119426,0.023687242266653745,0.06087082916114861,0.008861181993389106,0.025619905897046637,0.024478611496926043,0.06026249771202773,0.10043390721061188,0.21201158521485405
11932875205,0.12164475596757003,0.05372158876794039,0.03735585774734326,0.020166456711564758,0.027304930176469955,0.013184103707053415,0.037904971090797504,0.026917320757561074,0.02294970767789657,0.041027380298674594,0.012037425842781313,0.031654769210891824,0.01966041108132261,0.04450509814055148,0.04567330986142963,0.4442919129601516
11932887235,0.188348901222869,0.05986492787629921,0.06587398282267648,0.03376803092519892,0.04149933065595717,0.020629333814659388,0.05402884948031828,0.044913737346389294,0.03983725162823578,0.043627694297790405,0.023449603658078005,0.04121354331182408,0.02761608230675511,0.06051170976038987,0.06561075763729074,0.18920626325526824
11933273473,0.18287810929582204,0.07177400702285582,0.05655606720074013,0.03230198280031119,0.03441514750099876,0.02010660442818394,0.047172985134254296,0.04428183939948274,0.03923021930654556,0.04545406757921739,0.02096869152000673,0.03729577997855296,0.030614605016926345,0.05852730292899345,0.07643137997014235,0.20199121091696629
11933453424,0.181060375957612,0.05716985589416489,0.061852451824103136,0.03085029192399852,0.04596959265633965,0.021485100064122038,0.05386672741385711,0.04417670682730924,0.03938020991529142,0.04778778981472107,0.022434274914785196,0.04822651952347204,0.027977456042658028,0.06481387735817218,0.06019034119671965,0.1927584286726739
11933493993,0.177833160051373,0.07438382973518438,0.054058875094285766,0.0319144598699366,0.034055001732819605,0.019045726051413775,0.05098057203433021,0.042357246243858684,0.03746967565694249,0.050644201170162884,0.01945344831101054,0.03751554441114713,0.030528204187307607,0.05823802825515259,0.07970970175116712,0.2018123254439076
11933848736,0.19070256931339816,0.053781390622731885,0.05561402235447816,0.03316277156820052,0.045948855663618324,0.0261286108288576,0.04125538297769391,0.047884308317607774,0.045120239996129095,0.039259447428267286,0.026576184255092658,0.04935404267673102,0.031735375235883295,0.05990830793051725,0.053938646150868526,0.19962984467992448
11941303485,0.16080697057234788,0.06469151459639727,0.0678562202024472,0.02813593555508584,0.036056506728669065,0.020015735456445662,0.05680617205664764,0.03901571197068978,0.03419526057446159,0.05396439559407219,0.02127809483548228,0.03757720942248526,0.027478334390192347,0.07230089950445055,0.07055121069071608,0.2092698278494093
11941809575,0.18459117856708215,0.0625575896660234,0.05834593786401016,0.03287609311705697,0.03881760809471653,0.021101722908951823,0.04869260592152158,0.041734035709939325,0.039456527408334635,0.04501121368591248,0.022614266590170202,0.041395017298631764,0.030637702324449317,0.06083207288026565,0.06826005319981224,0.20307637476312174
11941861445,0.1874821461578532,0.06250525113004318,0.059862882492312336,0.03311992740837828,0.038942380400262135,0.021336391591470483,0.050469661071062495,0.04221908554720976,0.03777872998269228,0.045462183461881,0.02214716607013829,0.041542739997647495,0.029339113777284875,0.06137520794474971,0.06878980356572735,0.1976273294012872
12181469424,0.17943624363405364,0.062200544806572125,0.07036187646026465,0.02742874985195473,0.04224942666106786,0.021340051896594416,0.05586959096439377,0.038820159996554575,0.03448108789043574,0.053683904518879805,0.02133466843244291,0.04377294701594583,0.02703037350474283,0.07151393778868827,0.06009022685917935,0.19038620971822948
12181478664,0.15300343465012867,0.0651829839465099,0.05499746977184879,0.025361499617774046,0.04647544602000495,0.014702240597779859,0.061183070081936325,0.027175727036833658,0.02096320940598857,0.0613499574706332,0.011789786491811751,0.04920486234482165,0.023660324945896184,0.07037264338856768,0.05912658677605865,0.2554507574534061
2276555071,0.16790486342151448,0.1089989986756678,0.042863141574340256,0.03335594388276968,0.022944324213745062,0.016403415269657717,0.04205562195161343,0.03761964749076736,0.02344498637983569,0.04185105031385596,0.012430418725841705,0.02735338135383357,0.02138311960980652,0.04990471268451823,0.09480818717228161,0.2566781872799509
2276558761,0.1589252452167921,0.06579669885978229,0.04634085941621714,0.024451694176168482,0.02971133865219592,0.016930994756505915,0.0431484651743704,0.03235461955058841,0.029619819761620206,0.04469890285000592,0.016850242794233233,0.03414192964889048,0.024683183134683505,0.05620874920593904,0.05930424109305856,0.3168330157089484
2276565433,0.12336746449605393,0.06935516866393185,0.042227892804461806,0.027347997889682053,0.031084122010831525,0.016209610560203282,0.049301764699548875,0.03796957266061565,0.02368185880250224,0.048682666322124965,0.013534028876901708,0.03714051918128277,0.02210450380610916,0.06722870032408454,0.058895097817543623,0.331869031084122
2277345318,0.1134403566006654,0.05377542340945552,0.03408809500737535,0.025167694908319604,0.03730740656997965,0.01458380438644659,0.04995316386188185,0.03647296962649526,0.021727661315503296,0.03725895539261604,0.0127372761824779,0.03771654984549457,0.024096385542168683,0.06089236301775465,0.07360810534362652,0.3671737889897391
2277346734,0.15475306049937013,0.08235085112568236,0.05050227720533609,0.026594312908470343,0.027848660055772686,0.013641698159931956,0.053570851771698055,0.03407732807907232,0.024419393391259408,0.04439742885752124,0.012026658914478287,0.028893052101166057,0.02333193363265394,0.06368099744823799,0.08367518330695436,0.2762363125423948
2277349260,0.17648072181487345,0.07881929864229034,0.05134748107712351,0.02556068779138,0.03663985701519214,0.017517792349020747,0.04909180959763989,0.03582157046416228,0.03068036219946812,0.045070361876460255,0.01771159705847519,0.037856519913433896,0.025210762621531702,0.05620874920593904,0.0730697589284753,0.24291266944453416
2277350882,0.1576009130355201,0.08566706504301388,0.04701917589930769,0.02815551751240888,0.029856692184286743,0.015289038190294691,0.05127211257900234,0.034012726509254174,0.0250331083045318,0.052940986465971125,0.014513819352476932,0.034082711543223836,0.02494158941395609,0.06426241157660131,0.08209782831056127,0.25325430407958915
2277353078,0.15519450455979414,0.0509921724431237,0.06673880508629693,0.023310399776047888,0.046534664125671595,0.01978423075680739,0.0659743531767822,0.035966923996253106,0.03435188475079944,0.061710649568784526,0.020672502341806905,0.04783207898618602,0.02916760877289318,0.08226471569925815,0.05898661670811934,0.20051788925137548
2277354398,0.16766260753469642,0.08134414332934958,0.04793436480506477,0.025792176749895018,0.03315137224501222,0.01766852934526309,0.05097063858651765,0.033948124939436025,0.026136718455591804,0.042895442359249324,0.016661821548930304,0.03560623189810179,0.023881046976108187,0.05777533727402909,0.08637768231101349,0.25219376164174123
2277357422,0.16204227096051768,0.0629380793953293,0.058690526179786165,0.0247693185611077,0.042308644766734495,0.018379146613262703,0.058588240360907436,0.03598307438870765,0.03205314555810373,0.05766766799099885,0.01842759779062631,0.047067627076671295,0.025070792553592385,0.06748172313920561,0.06188830388578441,0.22664384077866426
2277359774,0.16091712695285162,0.05935269227042216,0.06030018196108833,0.0238002950138355,0.05023848746191199,0.016618753835718206,0.06503763041441907,0.034653358743284124,0.028494675753954157,0.06222207866317817,0.016048106635657915,0.05167587239036575,0.026142101919743317,0.07037802685271918,0.05973491822517954,0.21438569290567092
2277362222,0.15108692141219032,0.055158973696394165,0.04876880174854915,0.02736414828213659,0.043595292698945916,0.01825532693777792,0.05340396438300117,0.041409606253431964,0.03146096450143738,0.05038922445815433,0.017932319088687188,0.04642699484264135,0.026282071987682638,0.0661520074937821,0.059218105666634366,0.2630952765485535
2542064007,0.13957946589985318,0.10012861112122204,0.0312063965833121,0.029374294762130087,0.027924386367221152,0.01570632985112656,0.03666023611060557,0.037454955774760684,0.02404785304359432,0.04063990099370291,0.0119753940232228,0.030429876606122376,0.022446280590640508,0.05933704606947428,0.08299057256215193,0.3100983996408595
2542064665,0.13064341959984954,0.09485676846358244,0.03080600347007365,0.025000303328116088,0.030442009730765964,0.013043108991858671,0.039893713828122165,0.0340880136861646,0.020128853783714918,0.03878959948555551,0.010719615622611292,0.03115179752241595,0.018496948519152137,0.055120785255826935,0.07384219658088548,0.3529768621313047
2559567578,0.15566798917725286,0.08763755930064669,0.04115555879105546,0.028458243851539087,0.034130479622417165,0.016088523277399628,0.04639100207476431,0.03633264174522865,0.027117533578422448,0.043084725609386185,0.01434741989104454,0.0343185430543928,0.024533178029337896,0.0579235370484961,0.08240211601693782,0.2704109489316784
2559568764,0.16806197600067946,0.07436392094055982,0.07234982224972396,0.02356859462017253,0.041877479707349036,0.0124364527596792,0.0818743250949417,0.026432012036059646,0.02057777939552773,0.05936737888108325,0.012387920261104845,0.041428554095536224,0.019273468496341862,0.06965020201652533,0.07667528118516362,0.19967483225955174
2577256765,0.15002608621798372,0.08641211371164416,0.03443380773850689,0.02534609738045839,0.03800701294604399,0.01696210825173807,0.04149528628107597,0.03523459396498381,0.023920455234836626,0.03618704424950558,0.013752896783508658,0.035816983947876094,0.022045887477402056,0.05382860748128466,0.07756099928414564,0.3089700190490057
2578089040,0.15974471905749887,0.10048653829820793,0.03344495808005436,0.0245271114670161,0.02964729006661085,0.013649765224038149,0.04288452905276696,0.031260995644208256,0.0228042077676264,0.04067630036763368,0.011732731530351013,0.029950618182700593,0.023853723049296886,0.051062255062546254,0.0989152986568631,0.28535895849258053
2970861385,0.16523495795872312,0.11879542338538444,0.04568728084543613,0.026444145160703238,0.02261614433565076,0.011532534973731785,0.051310984117739836,0.025934553925672482,0.02133003312343028,0.052791225324257764,0.009894563146847208,0.024163117727708416,0.02310753588371613,0.055296715563158974,0.10820320557153083,0.23765757895630865
2970868951,0.17282422742328832,0.1175821109210255,0.044437569007146405,0.026007352673534014,0.022033754352758467,0.00906344410876133,0.05369514311020517,0.02491537145561096,0.019503997864570063,0.05191157378759752,0.008444654751938266,0.022779941518339217,0.023422997124449455,0.05523604993994103,0.11275312731287687,0.2353886846479574
2971710476,0.1607578349652386,0.08719470025115568,0.05904585107802812,0.026268214853371188,0.03433067617903639,0.013152307113650978,0.06515487933607542,0.026777806088401947,0.02215508559919436,0.06474235309819336,0.011599267159271526,0.036023247066817116,0.02285274026620076,0.07096664604035477,0.08366396097987115,0.21531442992513866
2972708359,0.2027309236947791,0.11827309236947793,0.05,0.027751004016064257,0.02562248995983936,0.017349397590361446,0.03931726907630522,0.031887550200803215,0.02618473895582329,0.04638554216867471,0.015180722891566266,0.02421686746987952,0.022570281124497996,0.04666666666666666,0.09815261044176707,0.207710843373494
2972710017,0.17689218412109978,0.12315930388219545,0.043692719596334056,0.030655957161981256,0.024559777571825762,0.016434970651838122,0.04237462671197611,0.031191432396251675,0.02498197919884667,0.05282669138090825,0.013592832869941304,0.027000308928019773,0.02259293584594789,0.054989187519308,0.08803418803418804,0.2270209041293379
2972869611,0.15431764511228435,0.10439510852398358,0.04621482183415309,0.030789825970548863,0.028563692974143767,0.01514672923905359,0.048501120587217776,0.0342643984176406,0.02265992810192079,0.04962170780500278,0.012183565723568431,0.03000015041439165,0.02111065986793616,0.05663101845584585,0.08935366935908427,0.25624595761322444
2972872955,0.13275732901023052,0.056673175883963985,0.1133033663706815,0.02250592584404898,0.023230536826203897,0.011348144873070265,0.11271999312233645,0.024716603416725002,0.020074180514105356,0.08528302813701287,0.010273509941908308,0.022567333554401086,0.018692507031182838,0.12709553811576582,0.06234110754946391,0.1564177198088992
2972884059,0.16320872614324367,0.1176973756051396,0.0398451813295478,0.03032067848433007,0.021979155291862312,0.014474817699802228,0.04066416724299009,0.032225579053373615,0.02685667139858528,0.05215423628046931,0.011914728400004852,0.02444824615683277,0.02433298147271867,0.05682548926825125,0.09887889928293232,0.24417306688991616
2972884821,0.16260206991106418,0.10126305827539768,0.03767941858066708,0.027517926691660904,0.03166138875744671,0.015773062036666303,0.04102209441997598,0.03262597216661207,0.025619092684939157,0.042696465620791324,0.014329220204079157,0.03215884686783387,0.024084252417525084,0.05064366226234242,0.07981169390553149,0.2805117751974667
2972886257,0.12213809922469332,0.06431769373566774,0.090731506084762,0.02445431271915456,0.026001286111212225,0.010822747182081802,0.10303449447336173,0.025273298632596853,0.015955058906320145,0.07534063747436877,0.00865698443320108,0.025467428626894283,0.01742316698819447,0.1182615659010665,0.06795763112874459,0.20416408837767994
2972886817,0.13792532768436386,0.08002339026435411,0.042119025552760495,0.02588927137119908,0.03017013107374553,0.013692131162010679,0.045213822322256056,0.031218279712255617,0.02282205746061168,0.048369301381349566,0.012450902511143476,0.030936934551392382,0.02190630654486076,0.054867822940112096,0.0592093649322565,0.3431859305353281
2972887303,0.17025935065563458,0.11537112304640247,0.0454045096046838,0.027017709391784,0.024459282914791696,0.010820389993709779,0.05213020757729714,0.02572337542942856,0.021767794067837614,0.05112619151304011,0.009114772342381573,0.023316156191029176,0.022916969081143847,0.05117457782938985,0.09575652005612813,0.25364107030531763
2973556560,0.17628344704117674,0.10129675327817292,0.03944694440412251,0.024362510282092225,0.03310833696230706,0.013705424106062805,0.044962984467992455,0.028995500072579474,0.024156868437605845,0.03808003096724246,0.012604635409106306,0.02966081192238835,0.023830260802245123,0.050140320317414236,0.09348236318769053,0.2658828083418009
2973558128,0.1949759823608158,0.11099299157413968,0.04760217339948027,0.028624301126072917,0.026419403102606504,0.018072289156626502,0.03886132766359556,0.03299472399401528,0.027403732577368296,0.04394046775336641,0.014568076226474524,0.028033703441215845,0.02389951964721632,0.0478384124734231,0.09796046932829357,0.2178124261752894
2973732902,0.1606425702811245,0.1119098751501474,0.037618752957449125,0.029889952559482645,0.022282483407952046,0.014395952389618896,0.039869447578834975,0.03392421650347614,0.026189349543187856,0.05058906320144626,0.011022943738701028,0.024933571142576348,0.023556461495528945,0.056582826775379465,0.09344325944260426,0.2631492738324901
3422896185,0.12725827782428809,0.08965772455380434,0.04016064257028112,0.025655492058869918,0.02914376539390189,0.014493017386767615,0.0489450248122399,0.033432824955410764,0.019867991603877748,0.056273432096967925,0.011696332156420243,0.032753369975369755,0.020771909389825163,0.07282908067314575,0.07310814253994832,0.30395297200888144
3422943551,0.08835341365461846,0.06308618158434341,0.03200111624746721,0.02230674965723923,0.031212463145633893,0.011969327460901008,0.05093485725378857,0.028706972906732676,0.01457794925927274,0.036053579878426084,0.008019995389412638,0.02218541841080333,0.015675997039517588,0.06428736092405878,0.04762858078841044,0.4630000363993739
3434464711,0.1462587510161492,0.08550212936337495,0.03976024945704267,0.02827018041956345,0.03542265739695944,0.015409068297358618,0.04823523702058991,0.03306276465378129,0.021518096555405916,0.04379451340103617,0.012794379936665087,0.037442822650117086,0.02387192273626227,0.053482813428942365,0.08682463994952622,0.2883497737172255
3434622443,0.15230104708865674,0.10891905992550263,0.04202307720307211,0.031072932212232618,0.026237882041762216,0.014541549885341972,0.04540821897863357,0.032814035598587706,0.019831592229946977,0.04722212111285019,0.010483019692061295,0.0290163675851442,0.018800276635241874,0.05615816741285383,0.08714616775258131,0.2780244846455308
3434794279,0.14617988570596585,0.11115762142224488,0.03883206542180808,0.02730559701039809,0.019364466931168785,0.012272655576990742,0.04399470995765539,0.031182130334024918,0.020329050340334148,0.041798614397165694,0.00993702908309977,0.02194882248025334,0.021123770004489256,0.053519212802873126,0.10378068163894248,0.29727368689258543
3434847955,0.06474235309819336,0.043042259673133625,0.023805190550722527,0.013401036168844565,0.03523459396498381,0.007935063516907509,0.04972154478942962,0.0185394144554047,0.008493187250512624,0.030253946298790326,0.004592387677598612,0.021888156857035396,0.011902595275361263,0.060034700736480665,0.03715162765867094,0.5692619420279305
3434856139,0.16706099321758333,0.06750263895460998,0.04927261917761682,0.03203751562139798,0.044109974641769495,0.017684029168031645,0.06245525910287676,0.04315752435724772,0.03880173261019911,0.0557335080503282,0.01849088195683034,0.04370351496620925,0.03417901212099152,0.051116854123442405,0.07628095463424696,0.19841298729661846
3434861765,0.1185952268287652,0.07045098824300222,0.07632342057049953,0.02055351314624055,0.030872735655613395,0.011702398718742036,0.09442604253873502,0.02133003312343028,0.01866681226416239,0.10658343343161164,0.00811706038656135,0.035677453014474815,0.020310850653368764,0.11018090488843592,0.06866741892039457,0.18754170761596234
3434911449,0.14134483553549546,0.10279183198048994,0.044243439012848974,0.026468411409990414,0.028664506970480105,0.013067375241145852,0.05421080090755772,0.0304056103568352,0.018363484148072654,0.04946068260959245,0.011957194336257415,0.030302478797364682,0.02160302842791104,0.05573957461264999,0.09947948895279002,0.2718972567005181
3435262790,0.15416954828376953,0.084525412829566,0.04004537788616702,0.027402662007546805,0.03624164331040172,0.015597131729334256,0.04740411798250403,0.03337822589451461,0.02311360244603793,0.039147526662541406,0.015202805178417596,0.037467088899404255,0.0247576408352443,0.048004707652361714,0.09164755699535299,0.28189495140683574
3435457260,0.15471553889273104,0.12151930986787028,0.045135223674152805,0.02896176852424805,0.02289520620245332,0.013000643055606113,0.04592387677598612,0.03147939188779286,0.017768961040536768,0.04806537327557966,0.009057377546439534,0.027839454494716025,0.019746660357441853,0.056297698346255115,0.08888120457661462,0.2687123114815759
3435522620,0.12261129108579333,0.07525570560186365,0.03956005290042345,0.024466445843798156,0.030654339412028775,0.013619432412429171,0.05116538662201677,0.03302029871752873,0.02000145597495723,0.04649413363423482,0.010501219379026679,0.030199347237894174,0.019170336936871354,0.06740557395746125,0.0735874009633701,0.34228757932030235
3435563002,0.12840485810310728,0.07188876351326758,0.05193584003688471,0.024157051165386623,0.042738931557043884,0.015336269549497085,0.06618012836845873,0.02907703320836215,0.023301665878013564,0.08758902680207235,0.01080454749511642,0.04380057996335796,0.0226828765211905,0.09165969011999661,0.06212766473749985,0.22831507298074474
3435593588,0.14474211043570054,0.11773377497907035,0.039954379451340095,0.028318712918137805,0.01812688821752266,0.012078525582693312,0.04024557444278625,0.030624006600419806,0.019946856914061083,0.04642133488637329,0.009342505975563888,0.02108737063055849,0.02103883813198413,0.05663742583627561,0.09284873633506835,0.3008529586624443
3435674982,0.17548744828255622,0.06191533505623704,0.05615210085053204,0.029410694136060855,0.04042757131244009,0.022974071512636647,0.050455598830366793,0.041149492228733674,0.04045183756172727,0.05057693007680268,0.022889139640131523,0.0444557686941118,0.030011283805918536,0.06742984020674844,0.06440262560817288,0.20181026219682355
3862834515,0.15571984909334308,0.06235852500912741,0.03816478033345503,0.025398563952780815,0.03472070098576123,0.022051843738590725,0.03266398929049532,0.03627236217597663,0.03358281611293659,0.03392965802604357,0.022654253377144943,0.036929536327126686,0.025629791894852136,0.04462090787391992,0.0602713885846416,0.3350310332238043
3862837233,0.14115070554119802,0.08053968138414686,0.039869447578834975,0.0337422196338223,0.03057547410184545,0.017768961040536768,0.04400684308229898,0.042684332496147726,0.025734357369053253,0.05092879069146677,0.01164173309552409,0.035543988643395336,0.022622210897972558,0.06605273055970104,0.05843919484584865,0.29869932903820723
3862839903,0.15774275349130662,0.08698843713221464,0.04288452905276696,0.030199347237894174,0.031837319064778755,0.017016707312634227,0.0442191727635618,0.03929919072058628,0.028640240721192926,0.042799597180261835,0.01420182239532147,0.03447020711243766,0.02362926024339048,0.0580327351702884,0.08196532352976862,0.2660733568715952
3862843013,0.15513413169293488,0.10815467307295648,0.03230444436355695,0.027542192940948083,0.026620075468035284,0.012818646185952269,0.040148509445637526,0.03226197842730438,0.02018951940693287,0.041143425666411874,0.009773231900411312,0.026686807653575024,0.01977092660672903,0.05192370691224111,0.09345539256724784,0.30207233768912506
3862851419,0.16453123672939493,0.11276526043752047,0.03297783278127616,0.029216564141763424,0.02582535580388017,0.01378322959511763,0.037479222024047854,0.03336002620754922,0.021202635314672588,0.04049430349797983,0.010446620318130527,0.02730559701039809,0.020262318154794404,0.04915128793118092,0.09403171598781834,0.28716679406447543
3862854863,0.16173455149904756,0.059725306058069125,0.057019619262548685,0.02578288986762761,0.04541428554095536,0.02062024533178029,0.05225736783993982,0.041119159417124684,0.030599740351132627,0.045851078028124576,0.02085077470000849,0.046585132069061744,0.025485628313859667,0.06852182142467149,0.05174171004258727,0.24669069025346094
3862857911,0.15242202052176534,0.10323869203354977,0.03421729814701164,0.0290437890974084,0.027008839648136784,0.013916254831659076,0.04194795266858317,0.034136546184738964,0.02133466843244291,0.043702961981976166,0.01027703306523682,0.02945831583707484,0.020930908621079488,0.05420071707742497,0.0864638177374377,0.297700184114474
3862885131,0.18345503225021295,0.0591578434951929,0.06512109042229525,0.027345746622855056,0.03787878787878788,0.025368139223560914,0.05012778386272362,0.04451137884872825,0.04140197152245345,0.04704880126566874,0.02679201655105269,0.041408056468297434,0.02745527564804673,0.0678714859437751,0.061829134720700986,0.19322745527564805
3862885865,0.15274997270046956,0.1080090755772334,0.037467088899404255,0.03545905677089021,0.024709108336669942,0.01525740423931375,0.040203108506533684,0.04106456035622854,0.021778958735243086,0.038698601050728594,0.011708465281063831,0.029125565706936505,0.019940790351739283,0.05172957691794368,0.08198352321673401,0.29011514335286764
3863621498,0.1960711478622264,0.07453944464183812,0.048924922208943004,0.0305403921315288,0.03531014136976862,0.021350818824897446,0.0401929433551902,0.04116735036661391,0.03961152922682688,0.03884707731731214,0.022820504538260282,0.0373720081397978,0.032220032946800606,0.05030847249588165,0.06811697190908406,0.2226062426650301
3863653990,0.1251592472609471,0.08780135648333513,0.03726082578046324,0.028518909474757038,0.030715005035246726,0.013740763658865068,0.045984542399204076,0.035343792086776106,0.018333151336463682,0.0415680850289375,0.009736832526480544,0.02979895412465572,0.01759303073320472,0.05809946735582815,0.06490615028088184,0.35543988643395336
3863661214,0.12399446729516253,0.0695592035816984,0.03218311311712105,0.02290127276477511,0.03437920867761075,0.015936859219354758,0.03663596986131838,0.031024399713658255,0.023859789611618682,0.052142103155825716,0.01199966027250998,0.035877649571094045,0.02192455623096616,0.08288744100268142,0.05867579077639865,0.3460185151482061
3863669406,0.11992773963236457,0.08022772091952039,0.04009586734032906,0.030674670006189637,0.0301420736710282,0.01479034417238848,0.050143225230671794,0.040592477436628235,0.01700709648630364,0.04691885822861337,0.008967770724474959,0.03496422967857092,0.017762807502411077,0.06887766118236387,0.05974435375912252,0.3391631040290193
3863671864,0.15942319125444376,0.08399762190756985,0.04781664422038608,0.028773705092272405,0.034494473361724835,0.016658780135648334,0.048981424186170665,0.03701816328759145,0.02911343258229292,0.04773171234788095,0.01456581613462915,0.036654169548283766,0.02365352649267766,0.05996796855094093,0.0793385020444315,0.2518108688530557
3863676858,0.14261274706075056,0.09562722187845037,0.05250003033281161,0.027881920430968588,0.02759679200184424,0.013370703357235588,0.051116854123442405,0.03238937623606207,0.01977092660672903,0.05134738349167061,0.0096701003409408,0.03022968004950315,0.018909474757034174,0.06891008141326636,0.0786590470643905,0.2794076608549
4573468447,0.13698188982344472,0.11082064105478516,0.032854689197039724,0.027790406910661515,0.026199136167310757,0.011315703063827636,0.052025712914551284,0.025990755474729104,0.0170240711272764,0.04059003308832816,0.007874264353009522,0.026117046803566468,0.019941400823419463,0.04728978808315021,0.09591194968553458,0.32127251142936525
4573468731,0.1578785019596458,0.13136280059999034,0.0460456282963178,0.030779745487976,0.0288624377026177,0.013487685682488992,0.04980161610296608,0.02873542362219964,0.017975516523927034,0.05544467024725408,0.009544200899985485,0.031487395364590894,0.019947258915178786,0.061142158997435525,0.0746600861276431,0.2428448734697828
4573468857,0.1278366477960033,0.14602385445396046,0.03266681182561572,0.026485459911936904,0.024925001209657908,0.012072385929259206,0.038836067160207086,0.025747568587603426,0.015435234915565876,0.04786616344897663,0.007880921275463299,0.027894711375622973,0.016288043741229982,0.05499709682101902,0.06125102820922242,0.3337930033386558
4573468987,0.14902467010900747,0.06127486135016255,0.05748589596481162,0.02359437751004016,0.05325468540829986,0.014665806081468731,0.07121940141518456,0.02865629183400268,0.024980875884490345,0.07047834193918531,0.01330918913750239,0.049507554025626316,0.025644243641231596,0.08480947599923502,0.06263745458022567,0.20945687511952568
4573469157,0.13083565493204047,0.11071312276131554,0.033406900876780395,0.0222752873355283,0.029505409023481317,0.011059252023107443,0.04583499161812415,0.024868241735711616,0.017595909162174222,0.04116767369779418,0.008617050785725484,0.026574767538622958,0.01889238636226588,0.056737460351918186,0.08751522606944295,0.3344006657259669
4573469955,0.15957879135589978,0.09271012621916239,0.041917670682730925,0.027365414037100785,0.038254207305412125,0.013542264295276343,0.052292503346720205,0.028781793842034806,0.023008701472556896,0.04556918148785618,0.012263339070567987,0.03720835723847772,0.02495697074010327,0.05469497035762096,0.08034519028494931,0.26751051826353034
4574103166,0.13047870494322972,0.09207818930041152,0.03418612722494918,0.02356338935990877,0.02922802320392682,0.010269472953542566,0.053008329614755316,0.025329713917397988,0.01698150627200159,0.04079280083296148,0.008757251227130745,0.029413952104715164,0.0193675938321186,0.04973598096088056,0.0917249243889137,0.34508403986315633
4574103220,0.12024954417074828,0.08301455078474132,0.0361803296271138,0.023709079642010175,0.028243537950019663,0.011237829656906558,0.049736036132661206,0.02748084325432293,0.017011666845423237,0.04169199051398472,0.009426429754626816,0.028523589908595805,0.020545088365330758,0.059740445461370716,0.07547102356011584,0.36773801437202813
4574103282,0.1573341559007113,0.1144215415880389,0.041702956403928966,0.03002975758455509,0.03104587022789955,0.013644941210625636,0.04769076305220884,0.0307071660134514,0.021356510378864855,0.04882179319688392,0.010711520781922872,0.031892630764019936,0.022052063676392317,0.05856558765181207,0.07510765955387816,0.26491508201480624
4574103466,0.15572115049794555,0.05230749587947165,0.07897485897346611,0.0253673654154189,0.04579590036446363,0.015402651066694525,0.07761682568423983,0.03270887016273185,0.02592450727766557,0.06553961510783016,0.016511131230122805,0.046718666573809686,0.026162453281333427,0.07972932191192515,0.0582967708986234,0.19722241567425766
4574103592,0.17446291188851792,0.09034330091450138,0.05731964000580636,0.02278390671118208,0.03964653795906518,0.01230826922146417,0.06178932597861325,0.022650844341220302,0.020031934968790827,0.056303527362461886,0.012326414090095321,0.038043741229980166,0.023364542507378912,0.065321527072144,0.09273842357381332,0.21056515217496488
4574103766,0.19215970025352808,0.08861142895604765,0.046066949361692575,0.02810123174261291,0.03866303201633349,0.01638958066904489,0.047957191896075925,0.03070382087007247,0.02913890197662157,0.048781719054990916,0.015559444481837966,0.041602162841309374,0.02826389356307913,0.05196203809652016,0.0858798321778735,0.21015907204235934
4574103872,0.15666054046695255,0.14230651419236268,0.03599142332040024,0.02720202845279423,0.022879654210060583,0.010320944796133687,0.04365768157375264,0.025228030767136343,0.01602171397454224,0.04707814308079777,0.007547137703355795,0.023781566945749098,0.020250493499421412,0.048788373834320324,0.10220543189707984,0.27008032128514053
4574103934,0.17058682491158664,0.0972486962776479,0.04594497392555296,0.02951507522627825,0.03112749505484625,0.013043217646706228,0.053521548882095545,0.028316250074926577,0.023970508901276746,0.04851645387520231,0.012054186896841096,0.03081580051549481,0.025708805370736682,0.053095965953365694,0.09623568902475571,0.24029850746268655
4574104082,0.1392709480991814,0.09150466171470543,0.05148025731243559,0.02412600253521461,0.041540794446221455,0.010395564559121441,0.06645460899645782,0.02706993164398005,0.019464287829785216,0.05733849853692055,0.009021336081790288,0.036973854118539054,0.023166411960526472,0.0671772636267785,0.08213976851358236,0.25287581002475973
4848907167,0.14993508778315678,0.08099467355828145,0.042714665307756715,0.026280347978014776,0.035343792086776106,0.014935876436258629,0.05063152913769883,0.03209818124461593,0.02328346619104818,0.05017653696356423,0.0142806877055048,0.03849840449410937,0.02445431271915456,0.058979118892488386,0.08459214501510574,0.2728011744864655
4848910083,0.13055848772734446,0.06584646744076002,0.03671483517150172,0.025303631444205825,0.040815831301034965,0.015700263288804767,0.05046166539268857,0.03507079678229535,0.021317899998786687,0.03966318445989395,0.01529380361324452,0.04284812967883618,0.02524296582098788,0.05569710867639743,0.08666690932915953,0.3127980198740581
4848917555,0.12410973197927662,0.05808126766886276,0.035192128028731236,0.023416930562127663,0.03058760722648904,0.014662881131777869,0.03810407794319271,0.03181305281549157,0.02543102925296352,0.03804341231997476,0.013237238986156105,0.03171598781834286,0.023544328370885357,0.05706815176112304,0.07227702350186244,0.3827151506327425
4848922425,0.12360620730656766,0.05071039444788216,0.03610211237700045,0.022743542144408446,0.03750348827333503,0.01513000643055606,0.04456496681590409,0.032601705917324884,0.023738458365182784,0.034822067727101766,0.014875210813040685,0.03512539584319149,0.02509130176294301,0.052584962205316735,0.07574103058760724,0.3750591489826375
4849516402,0.17593637389436906,0.08701270338150184,0.04565694803382715,0.033008165592885136,0.035701719263762,0.021912423106322573,0.04232033875684005,0.04221720719736954,0.03471893616763125,0.04897535762384887,0.018964073817930333,0.03809801138087091,0.026741406714471175,0.05506618619493078,0.056631359273953824,0.23703878959948554
4849519998,0.12441306009536635,0.08702483650614543,0.032365109986774894,0.02871303946905446,0.02745726106844296,0.013904560841553523,0.045383952729346394,0.03532559239981072,0.018163287591453428,0.0324743081085672,0.0119753940232228,0.02893750227496087,0.019455465365995704,0.04657299894441816,0.09313993132651455,0.3546936992683726
4849524912,0.12649995753406373,0.08561132748516725,0.03130952814278261,0.02652301047088657,0.025534160812434026,0.013601232725463788,0.03943265509166576,0.03201931593443259,0.018885208507747,0.026814205462332714,0.01159320059694973,0.025060968951334042,0.018976206942573917,0.0334024921438018,0.09198728448537352,0.3927492447129909
4849533980,0.14169669615015956,0.059500843252162726,0.05058906320144626,0.026644341717322464,0.04329098872832721,0.017969157597155994,0.056995353013261515,0.0361627780002184,0.025873888302454528,0.04842936701488734,0.016555648576177823,0.04546888460185152,0.02526116550795326,0.07048132105461119,0.06677465147599461,0.2683058518060156
4849535064,0.1392154721605455,0.06991106419636249,0.044935027117533576,0.024393647095936617,0.043345587789223365,0.016598114512430387,0.049127021681893736,0.03344495808005436,0.024029653356628933,0.04626360426600663,0.015378735485749643,0.04460136618983487,0.02190028998167898,0.05743821206275253,0.07420012375787137,0.295217122265497
4849536680,0.13072228491003288,0.056109634914279484,0.03345102464237615,0.02328346619104818,0.032571373105715916,0.014656814569456071,0.040736965990851616,0.033353959645227436,0.026322813914267343,0.03190405125031849,0.015087540494303497,0.03311129715235565,0.02784552105703782,0.05236049939941032,0.08669724214076852,0.3617855106225506
4870860687,0.13356750263895462,0.08224438539657118,0.02851284291243524,0.023289532753369976,0.02394472148412381,0.014402018951940694,0.030642206287385187,0.029586624443392905,0.023671726179643044,0.03180698625316977,0.01412902364745993,0.028300513231172424,0.024715174898991738,0.04377631371407079,0.09216928135502736,0.37524114585229135
4871464946,0.16585981387786794,0.10648030187214114,0.041380021596961865,0.0314308593892185,0.02884650384013395,0.017944891347868818,0.04266006624686056,0.034652203982091505,0.02536429706742377,0.04887222606437836,0.012812579623630471,0.03312343027699924,0.02341086399980587,0.05748674456132687,0.08147999854402503,0.2481951977092661
4871468744,0.13601839381695968,0.07385432970552905,0.03243790873463642,0.0260255523604994,0.032468241546245405,0.017441366675159855,0.037782550140137594,0.032480374670889,0.025376430192067364,0.04077943192710419,0.014493017386767615,0.03496159866050304,0.025370363629745568,0.05544231305888205,0.08095220762202891,0.33411591987284484
4889196603,0.14451137884872825,0.05680905439941585,0.07256906413532918,0.024759644639162717,0.04961056346598515,0.014336132408421562,0.08654618473895583,0.03136789582572715,0.028854813192162595,0.08134355604235122,0.013447730315200196,0.05051113545089449,0.025666301569916027,0.07933552391383715,0.05997322623828648,0.18035779481562614
4889200657,0.17788730680296946,0.09734696361202384,0.049227211877814286,0.03157478398442254,0.023846902762565413,0.01524278933917488,0.043050991846172566,0.0356760374832664,0.030059632469271024,0.043586467080442975,0.01413532919557016,0.025015212364609955,0.027406596081294875,0.051478641840087616,0.09913593769015457,0.23532919557015944
4889207749,0.15256176220031642,0.06514543020567116,0.0548314470001217,0.02252038456857734,0.041967871485943775,0.01459170013386881,0.0589509553364975,0.02866617987099915,0.023481806011926492,0.05092491176828527,0.013727637824023366,0.03882803943044906,0.02165023731288792,0.06042351223074115,0.06645977850797127,0.2852683461117196
4889210017,0.18364697460537013,0.0830148388114391,0.05493878838617309,0.02476977395988789,0.03764908576905811,0.017890292286972663,0.052536429706742376,0.03147332532547107,0.028549242286366006,0.04593600990062971,0.01884274257149444,0.038553003555005516,0.025151967386160958,0.05663742583627561,0.0886749414576736,0.2117351581552797
4889216723,0.17855665084580746,0.0766520627966411,0.053194596568090544,0.03024826579043446,0.03642448582207618,0.017037848363149567,0.057137641474990876,0.03967384690276257,0.03669222343921139,0.05918218327856883,0.01725690641353292,0.03947304368991116,0.03184860654740173,0.06067907995618839,0.07344529633686259,0.1924972617743702
4889795778,0.14443835949860045,0.12333576731167092,0.030534258245101618,0.028708774491907018,0.02116952659121334,0.011354508944870393,0.036406230984544236,0.03197030546428137,0.019331872946330774,0.03855421686746988,0.009462090787391993,0.02220396738469028,0.01888158695387611,0.04579530242180845,0.08958865766094681,0.3282645734452964
4889815742,0.1844347085310941,0.07848363149567969,0.050535475234270405,0.03127662163806742,0.04117682852622612,0.017281246196908847,0.0518254837531946,0.03770840939515639,0.035974199829621516,0.05441158573688694,0.017056103200681513,0.043604721917974924,0.029055616405013994,0.05558598028477546,0.07412681027138858,0.19746257758305952
4889820560,0.13406496074934174,0.055211783690653854,0.044298038073745126,0.02126330093789053,0.031212463145633893,0.014377752702653512,0.0401909753818901,0.027803055120785257,0.023762724614469963,0.04184714689574006,0.013158373675972774,0.033584489013455635,0.020717310328929008,0.04738591829553865,0.050212936337495,0.4009087710358049
4889820746,0.16157279451883258,0.08254845663276715,0.0474414361231116,0.02740583715709162,0.03155159613956941,0.014391642293002747,0.05219094641371722,0.03493707569699735,0.027857532580209482,0.04978041341311795,0.01445425353977156,0.03501757587141439,0.02546041627534637,0.05528573089686138,0.07580433090938365,0.2642999615388056
4889822800,0.177364001460387,0.0964829013021784,0.045004259462090794,0.02998661311914324,0.03308993549957406,0.01541925276865036,0.04483996592430328,0.033972252646951445,0.0337166849215042,0.055798953389314836,0.01340513569429232,0.03426433004746258,0.029688450772788123,0.0569916027747353,0.09194961664841184,0.20802604356821225
4889822936,0.17429718875502007,0.0877327491785323,0.047133990507484486,0.026475599367165637,0.03424607520993062,0.015455762443714252,0.04785201411707436,0.0314530850675429,0.02749787026895461,0.046616770110746004,0.01557137641474991,0.037020810514786416,0.024059875867104785,0.05173420956553487,0.07998661311914324,0.25286600949251553
4889825988,0.17794815626140928,0.07098697821589388,0.057204575879274674,0.02467445539734696,0.04151758549348911,0.01816356334428624,0.054661068516490205,0.03302300109529025,0.029426798101496895,0.05265912133382013,0.018346111719605696,0.04271631982475356,0.02564804673238408,0.061105026165267126,0.06485943775100401,0.2270597541681879
4889826160,0.162839235730802,0.07084093951563833,0.045637093829864916,0.026512109042229524,0.035736886941706215,0.01723256663015699,0.04378118534745041,0.032018985031033224,0.031550444201046614,0.0495618838992333,0.015589631252281856,0.03574905683339418,0.026037483266398927,0.05187416331994645,0.07014725568942437,0.28489107946939274
