10195601364,0.17454106456035626,0.06303158252344726,0.07583809558475593,0.02745726106844296,0.03875926667394654,0.02699620233198656,0.04017884225724651,0.04515342336111818,0.03793421419818246,0.03641150705541198,0.029101299457649325,0.04070663317924265,0.02653514359553016,0.07208896006988678,0.0659799318118395,0.19928657227095692
10195615874,0.17335808490760626,0.09179315449107607,0.0518205753527706,0.03043594316844417,0.03368155401060435,0.019097538189009812,0.047664980162341206,0.03732149140368119,0.03580485082323251,0.048004707652361714,0.018308885087176496,0.03597471456824276,0.028585641660296774,0.05617030053749743,0.08402188815685703,0.2079556898288016
10195707104,0.17776240915322924,0.07440638687681239,0.04784697703199505,0.03050267535398391,0.040852230674965725,0.022816340892269988,0.04299979373688106,0.04067023380531188,0.037048496099200426,0.042914861864375924,0.02094783969715721,0.04413424089105668,0.028585641660296774,0.05371334279717056,0.07704534148679308,0.2177531879785001
10195735684,0.16206214586442447,0.07130030696805348,0.057480677999005074,0.026729273589827587,0.04864169669615016,0.017277569492471397,0.06266758878413958,0.03434280930367997,0.03067253909899417,0.0633409772018588,0.017392834176585496,0.048083572962545035,0.025249032383309673,0.06246132566519856,0.07085744791856248,0.20144020189519407
10195754275,0.17948531285261893,0.07628702119656876,0.060447226974362715,0.030241813174146738,0.039287057595942684,0.019291668183307246,0.049806476661934745,0.036860432667224795,0.0336208883873864,0.049029956684745024,0.01861221320326624,0.04071876630388624,0.028312646355816005,0.059112583263567865,0.07615962338781106,0.2027263131074145
10195795404,0.178951455368301,0.06026523010470886,0.0649486162171344,0.031618922821194134,0.03911719385093243,0.01920673631080212,0.0529671556315898,0.040609568182093936,0.03582911707251968,0.04704012424319634,0.019813392542981596,0.04142248753321443,0.03130952814278261,0.06349870782222546,0.06546427401448696,0.20793749014183624
10195800255,0.17816280226646766,0.09278200414952863,0.05594583773159102,0.02612868391996991,0.03582305051019789,0.016476783265994492,0.055490845557456404,0.028919302587995487,0.02667467452893144,0.05761414237008456,0.014359553015688132,0.03919605916111577,0.023683859304286632,0.06223079629697036,0.08647884589718388,0.2000327594365377
10195808914,0.18478142175954573,0.06366857156723571,0.061266212887805,0.03059367378881083,0.040694500054599056,0.02017738628228928,0.04946068260959245,0.03935985634380422,0.03579878426091071,0.04612407333260535,0.019491864739926472,0.042314272194518256,0.029629090379645475,0.06073235540348705,0.06451182372996518,0.21139543066525926
10195811276,0.18005556971086764,0.08478627500940317,0.05055266382751549,0.028537109161722418,0.033542023077203074,0.016840777005302177,0.05080139288270909,0.03202538249675438,0.029532025382496756,0.05602470304177435,0.015748795787379127,0.035920115507346605,0.026638275155000668,0.06340164282507674,0.08077021075237506,0.21482303837707328
10195847363,0.17545711547094722,0.07562576590349313,0.05709848457273201,0.02888896977638651,0.036951431102051714,0.019328067557238017,0.05140198255256676,0.03702422984991325,0.03277763622465694,0.05090452444217959,0.01857581382933547,0.03950545383952729,0.026698940778218612,0.06096288477171526,0.07862871425278152,0.2101699850762567
10195882726,0.18223953214671373,0.08152853104259938,0.04911488855725015,0.02987781943483905,0.04094929567211444,0.01870321163809316,0.04718572173891943,0.03669056892221454,0.03423967774420947,0.04824130358291169,0.0168104441936932,0.04151955253036314,0.02823984760795448,0.052924689695337236,0.07858018175420717,0.21315473373857968
10195898496,0.1837804389764496,0.0737936640823111,0.04825950326987709,0.0317827200038826,0.03969351727150292,0.022227884347055898,0.04639100207476431,0.041901745956636205,0.038546936992683724,0.04477122993484512,0.021178369065385408,0.041768281585556725,0.030472342542374936,0.050983389752362926,0.07435785437823801,0.21009111976607334
10195907123,0.17773814290394205,0.08428275033669422,0.05399240466397311,0.029550225069462137,0.03339642558148,0.018636479452553416,0.04918162074278989,0.03722442640653247,0.03366335432363897,0.04954561448209757,0.01821788665234958,0.03542872395928124,0.02755432606559167,0.058912386706948636,0.08450721314260061,0.2081680195100644
10195933195,0.1907205862725828,0.07746393428699692,0.043418386537084894,0.03104259940062364,0.03971778352079011,0.022288549970273845,0.040197041944211885,0.04213227532486441,0.039274924471299086,0.04003931132384522,0.02171829311202514,0.04162875065215545,0.031734187505308244,0.04844150013953093,0.07145197102609835,0.21872990451230906
10195966583,0.17907278661473688,0.08893580363751076,0.04914522136885912,0.029210497579441632,0.03625984299736711,0.022676809958868702,0.04340018685011951,0.03951152040184909,0.03634477486987224,0.04845969982649632,0.020086387847462358,0.03866220167679783,0.028355112292068576,0.05602470304177435,0.08087334231184556,0.20298110872492994
134073694,0.14853433668227728,0.07588493508919399,0.05509746627706841,0.026744853166820102,0.031468064950833236,0.01783212584557499,0.06182203898651083,0.03223525330558113,0.031167860812018836,0.07569814140282059,0.01497685092529587,0.03431666866802759,0.025577392626986346,0.07198228128460686,0.06232905042095292,0.23433267955543105
134079894,0.07450856055802156,0.05356410160766906,0.017344921481592,0.014814676663309585,0.015492309796461387,0.009107637982269635,0.023213597423750728,0.0178733509890957,0.01259527273179405,0.025986298133711314,0.006863366779812749,0.019259701344075997,0.010954032849664914,0.029063622912703445,0.03659218919019732,0.6327663595558706
134288445,0.1392215387228673,0.05486598963831155,0.058487727344423014,0.025303631444205825,0.04871449544401169,0.015196738616095802,0.06489401715623824,0.03678763391936325,0.02394472148412381,0.04207767626396826,0.015463667358254772,0.04759218141447967,0.02201555466579308,0.06415389655297929,0.06291025127701136,0.27837027869787306
135038695,0.12945004952057554,0.06681468421109914,0.036525505817307166,0.028335564480142794,0.039039627344064604,0.01276107138581426,0.051506840369608516,0.03860428162514557,0.020102088571086515,0.039398787562172806,0.009087841882434888,0.036879224213928884,0.019868090247167527,0.06549232158988257,0.055691601092717764,0.35044242008685145
135039065,0.15688560694390466,0.22076477954830076,0.020620114868074448,0.02194260914626247,0.01984821004447899,0.011103554000950037,0.02137582588418189,0.020755063263807917,0.010445005829770695,0.03261972621669473,0.006628665198428121,0.02408558967051,0.009829641145226064,0.03321889709375135,0.10415317182709333,0.28572353931856453
135039604,0.16584938135290486,0.0858853202567683,0.04426871908117646,0.027971725175635155,0.03483475681702551,0.01895993678216911,0.042114549843579166,0.036647939466761925,0.03105142943742625,0.03940289459725695,0.018250901178839343,0.03626365299472824,0.02536831963974496,0.05477976596412605,0.07643512053605257,0.26191558687580513
135039961,0.13994058425482753,0.07707542498762172,0.04703746492820597,0.025334213566595147,0.04912801892501512,0.015272047092479509,0.05729768388622985,0.03370743246960445,0.021362160972657758,0.047653628211476035,0.012125213181493096,0.0466688672498212,0.02017934752709468,0.06959894372008582,0.06311822632997745,0.2745007426968147
135040382,0.12082291429870425,0.0805864969311207,0.03906190800939608,0.02618560495350675,0.034650732309291075,0.01460829842280172,0.051548512107730114,0.0356520421307873,0.02147674254971368,0.05302612065512725,0.01020794769373992,0.03724331287413806,0.021390142781368058,0.0770629688565583,0.07116335963801296,0.3053128957880037
135041471,0.060694029600295324,0.05015046257453211,0.0247060666062579,0.024029264691076285,0.027368527032922776,0.010739336174782696,0.04820955129711045,0.038214137888601764,0.012148874047722923,0.05157118725598774,0.004950162768063899,0.02898502086339788,0.013938763410186707,0.0848351623765256,0.04907093555279615,0.4703885178597398
135044805,0.12839368372673254,0.0586870643336288,0.04880557652955145,0.02839149513585678,0.03691605659696005,0.015435037151330116,0.050167974349714935,0.04051628858759288,0.021760064782289926,0.035033868443802456,0.014006981604893687,0.03775319260694002,0.018745280850924133,0.05627961437028769,0.05829858945318056,0.350809231476314
135045267,0.14727642966231122,0.05971491600203632,0.05307426890661236,0.029628372645511623,0.04784207251541377,0.018637932009729057,0.053702132473556194,0.0409299168505006,0.02540302053283557,0.04025680185530856,0.01670908988064936,0.048006108942813513,0.022359861983143842,0.06207364669947395,0.054397873182872335,0.2799875558572317
135048785,0.19678714859437751,0.11768039901541652,0.03909185127607203,0.02283326855810338,0.045488405233838576,0.015108822386319472,0.041342790516906334,0.0232111240661571,0.01890896921017403,0.04193116552230426,0.012399058599991365,0.04549920110549726,0.020139698579263288,0.04521850844237164,0.08365181154726432,0.2307077773459429
135049429,0.1573516287371709,0.11182507809013834,0.0373103525211959,0.024196787148594374,0.03845939312806783,0.014524765729585009,0.037901606425702804,0.029640785363676925,0.02416889781347613,0.04306113342257921,0.012912762159750112,0.03984828201695671,0.02196564033913432,0.04697679607318162,0.07681838464970996,0.2830377063810799
135050066,0.1542947747273246,0.12975947505870478,0.036270766124607716,0.024162222661136348,0.04007285974499089,0.014215331270436941,0.036161037592994924,0.026740843154036912,0.021556170035332587,0.042931287993504076,0.010956393881537078,0.040775122347312745,0.0203217240546887,0.04697478438343537,0.08266947571707596,0.2721377312528804
135051329,0.10774605270396656,0.0697199757935853,0.031237277878637837,0.028271992077900644,0.04228420531440832,0.014639379435550418,0.053523683776200696,0.03724486989052099,0.0161962920173846,0.054337899543379,0.008494250976508777,0.04092534521648237,0.01795675854101337,0.08547064972217637,0.049210540793310234,0.3427408263189745
135051639,0.12180722891566265,0.06122203098106713,0.03434308663224326,0.03034423407917384,0.04193918531267929,0.01434308663224326,0.054635685599541024,0.04110154905335628,0.02036144578313253,0.046993689041881816,0.01002294893861159,0.04210556511761331,0.0214859437751004,0.06569133677567413,0.05492828456683879,0.3386746987951807
135051921,0.12041917670682732,0.06272818546914932,0.03373151697699891,0.02825506571741512,0.03633853596202994,0.013502875136911282,0.05330983023001095,0.037616374589266165,0.019196102592186928,0.044159592917123035,0.009652245345016429,0.03686906717780212,0.01981790799561884,0.06022955458196421,0.059299698795180725,0.3648742698064987
135052383,0.14730858037052846,0.07206482606174015,0.049752142083319656,0.026088003239114498,0.045982294299815055,0.01913375573137236,0.04806692710898088,0.03490802446844599,0.023374150553166342,0.046994517579856204,0.014674501822001904,0.04789183983891971,0.020074849807951146,0.06997472177538491,0.058615935130166434,0.2750949301292363
135395894,0.12631292112564407,0.09896452635751088,0.03256292112564407,0.0275279924692826,0.029732709076496236,0.019638079667063015,0.05068990289338089,0.03884884066587396,0.03682372175980976,0.06398013277843836,0.017297116527942927,0.03752972651605232,0.026834373761395164,0.05766324811732065,0.10709596710265556,0.2284978200554895
135403418,0.10197285353535354,0.06452020202020202,0.055097853535353535,0.018849957912457912,0.01984427609427609,0.011221590909090908,0.05837542087542087,0.020096801346801342,0.01655618686868687,0.07369528619528619,0.009101430976430977,0.021506734006734002,0.01501473063973064,0.07359006734006734,0.05295138888888889,0.3876052188552189
135403439,0.1539235190097259,0.07517683465959328,0.059029619805481874,0.02497789566755084,0.03211759504862953,0.01789345711759505,0.05310565870910698,0.02995137046861185,0.026834659593280283,0.06485411140583554,0.014323607427055704,0.034073828470380194,0.022446949602122016,0.0789787798408488,0.06624668435013263,0.24606542882404955
135403450,0.16336794289422452,0.10190893359290504,0.050237940731126966,0.02709279688513952,0.01876487129569544,0.00935539692840147,0.042694138005624056,0.026173480423967117,0.018034825870646767,0.05340147090633788,0.008192731992212848,0.021441704520873888,0.02068462037637897,0.06091823491239455,0.09833982262600047,0.2793910880380705
135403458,0.1248976248976249,0.08698471198471198,0.04494266994266994,0.023273273273273276,0.034056784056784056,0.010647010647010648,0.06562244062244062,0.025423150423150426,0.014434889434889438,0.05047092547092547,0.007302757302757302,0.03166803166803168,0.017437892437892438,0.07053644553644553,0.09657384657384656,0.2957275457275457
135403471,0.1411111111111111,0.10713804713804714,0.036498316498316495,0.022861952861952858,0.024949494949494954,0.006902356902356902,0.051548821548821545,0.02306397306397306,0.01494949494949495,0.0436026936026936,0.006026936026936027,0.019326599326599327,0.01929292929292929,0.04356902356902357,0.11737373737373738,0.32178451178451173
135403487,0.15649606299212598,0.07356489712979425,0.06718313436626873,0.02251079502159004,0.03717932435864872,0.013779527559055118,0.059785369570739134,0.023558547117094236,0.0170497840995682,0.06921513843027688,0.011747523495046992,0.03511557023114046,0.01514478028956058,0.06623063246126493,0.04305308610617221,0.28838582677165353
135403500,0.16325646494268195,0.08171154358837644,0.04985337243401759,0.026193015195947748,0.051486270327912566,0.009564116235670488,0.06045054652092775,0.022094108237803254,0.016428952279392162,0.059017595307917885,0.00969741402292722,0.04725406558251132,0.02486003732338043,0.049820047987203415,0.09760730471874167,0.2307051452945881
135405610,0.1217687074829932,0.08976634131913636,0.09707187222715172,0.02067435669920142,0.015202602780242531,0.012866015971606031,0.06675539781129844,0.026412304052055604,0.019727891156462583,0.08870156758355516,0.010144927536231885,0.018189884649511975,0.015084294587400175,0.12253771073646852,0.07267080745341616,0.20242531795326826
135422503,0.1439146365616954,0.09927708457120221,0.05478807684690037,0.021662705486234897,0.02745593186769657,0.011413151119033472,0.06518617548029312,0.021538918597742127,0.020697167755991286,0.07942166765696179,0.01015052485640721,0.025054466230936816,0.019013666072489603,0.07612893642305406,0.054292929292929296,0.2700039611804318
135426569,0.07947116934892856,0.03254624336763111,0.05691378653299329,0.017082930261190746,0.02667604725471228,0.009365930876791837,0.058144988713980016,0.02310702664673292,0.015111541054729869,0.04614076744935948,0.010340632603406327,0.028002521033037256,0.014510597133057778,0.05495705449535368,0.04191950282883358,0.4857092603992613
135426732,0.118790546802595,0.07720883534136545,0.047636700648748836,0.022721655854185976,0.024328081556997217,0.011615693543404387,0.05674235403151065,0.02461383997528576,0.022111523015137472,0.06002471424158171,0.01171609514983009,0.024629286376274328,0.018597466790237875,0.05770003089280198,0.06623416743898672,0.3553290083410565
1442822407,0.15127364984015382,0.06790902988725442,0.05491655005290282,0.024995164795157968,0.038192429775760255,0.01735554114474897,0.05433063699557437,0.0331751936926175,0.026639134441448515,0.04631557391037237,0.016968724757386488,0.0402914775248302,0.025780174522452414,0.06714677406509892,0.09197128457171462,0.2427386600225264
1490265543,0.15891447828848906,0.06991504893568913,0.06622199252775175,0.02848390882565113,0.032246950267558167,0.01766852934526309,0.0617860180669057,0.03539627679619282,0.0281178332633483,0.05951957965911905,0.015725098786567183,0.035547013792435155,0.02389181390441121,0.08194170785016743,0.07264984872465732,0.21197390096579347
1490268307,0.15704103276376286,0.07114247876223392,0.05396922811890996,0.029108390667226543,0.030524241739074264,0.01842759779062631,0.051094458262002436,0.03841101672103966,0.03095491887119524,0.04622780666903539,0.018675237141595875,0.034685659528193205,0.02904917256155991,0.0631157337123292,0.08835341365461846,0.2392196130365968
1490271201,0.16136395447742713,0.060407851244118564,0.06551675872390365,0.02981362447107465,0.03547702875846549,0.02163075896077608,0.05339319745469815,0.04110274879679576,0.034303433573435835,0.05188044402812322,0.020548682666322125,0.040316763030674975,0.0273695317462881,0.0750562572003833,0.06503763041441907,0.2167813344530939
1490273857,0.1433185826415582,0.05873359389299826,0.05845903722127115,0.02894150327852967,0.03901396470600902,0.019450455979413632,0.06044015202902764,0.03994530400422064,0.030567309452286362,0.05783455537969572,0.018002304122656847,0.044343594216006116,0.027638704953863717,0.07524467844568622,0.06555982643711576,0.23250643323966105
1490276087,0.14277485276225546,0.06630274449002443,0.06827309236947793,0.027008839648136784,0.032925266750648705,0.01616115938283967,0.07312897703414192,0.034276516252678274,0.02611518459898576,0.06291654553872325,0.014982180733658496,0.03752274513604014,0.023310399776047888,0.0834221604918333,0.07424873757765646,0.21663059745685154
1490283217,0.14099830959225645,0.058432119900513585,0.07649364212883705,0.02397794933083541,0.03583233739246531,0.01659721997911216,0.07135781732829441,0.03319443995822432,0.025027724840380287,0.05619259881348449,0.015854301926203473,0.039600762298523856,0.023148895851502524,0.09057140088504152,0.06871453642990191,0.22400594334442328
1491109264,0.12397041248102328,0.08521485405428686,0.03349053048655749,0.024580897315804776,0.02673428297640966,0.012182779374872143,0.042588584902613136,0.030260451995650164,0.01996726853795881,0.044542782389612075,0.009076520559449595,0.029609052833317183,0.02039256220592827,0.06306189907081408,0.07752726724592741,0.35679985356977506
1491113882,0.1517490875028263,0.07006578593193148,0.0631103502481777,0.025808327142349558,0.03905703241922112,0.015418241329930985,0.07674128147980662,0.03729663964167663,0.03126177632783144,0.05444835642839455,0.01756624352638436,0.03831949783046394,0.02403716743650204,0.059465745017603926,0.09239101176825264,0.2032634559686467
1491116284,0.15467769200124895,0.06836461126005361,0.0650968485200857,0.028672330070954058,0.03202084477319465,0.017076348288596745,0.062152093629208524,0.03638145073591955,0.028790766282287324,0.05807142780236225,0.015854301926203473,0.03479871227537496,0.025000807519622727,0.07796332784219989,0.07635367206089776,0.21872476501178975
1491119166,0.159323621564004,0.07020037253571929,0.06237819912357204,0.02932911269743855,0.03238153687134598,0.018266093866080947,0.05925578991569496,0.03618764602646511,0.030335820493771325,0.05961109854969476,0.016075023956415475,0.03621456334722267,0.0257383421083799,0.0770427554722913,0.07261216447559676,0.21504785899630693
1491134412,0.14942881445352454,0.057576149100423135,0.08072504495192566,0.028338555293560292,0.03356051552052715,0.016344197163991086,0.07477093360035315,0.03560623189810179,0.026906553829258047,0.06267428965190522,0.015143684658203859,0.038244129332342766,0.0229174068929875,0.08922015138301195,0.06263660540284462,0.2059067368670392
1491136894,0.14657557845322308,0.06262045501039007,0.0723214574114151,0.028387006470923914,0.03400734304510266,0.0170117467187786,0.06872530335820494,0.03581618700001077,0.0265297113386522,0.06375098248220765,0.015084466552537227,0.039390807196614884,0.023084294281684375,0.08932243720189068,0.06413859190111654,0.2132336315772473
1491141582,0.14522971241534502,0.0691936647393865,0.06387480215769244,0.024516295745986627,0.04740140185406505,0.01699021286217255,0.061694499176329985,0.03494944927161729,0.026739666440561173,0.049560170978821455,0.015606662575233913,0.045457971295369146,0.022648233685411887,0.0803428189971683,0.06777243020338727,0.22802200760145136
2297434789,0.16158467650763916,0.066991827901418,0.03436803514325398,0.03201007784489164,0.03231693530152782,0.01331869031084122,0.04116735036661391,0.04093047794394737,0.02503849176868331,0.028209352153924006,0.011639049495569407,0.03206929595055827,0.02549070275741034,0.04721836407291364,0.0693228678790228,0.3383238046017852
2297447765,0.1525296898047956,0.10296951882597412,0.04309463053285528,0.025921379889531315,0.03833564822291848,0.014713007526082884,0.046335475952065636,0.034082711543223836,0.02732108056892449,0.046518513733217054,0.013630931231628928,0.03848100175500931,0.022475962832563496,0.0579099238778169,0.09399528408540328,0.24168523961798935
2297463887,0.11921143017108647,0.04769749238239823,0.053737739160394926,0.022136804591018227,0.04704070975591373,0.018632169428383773,0.0968700539423108,0.037894204162494484,0.034631824886678084,0.0953734509081904,0.01752317581317226,0.05040537485060888,0.02349882102135082,0.08654456969971036,0.05853440571939233,0.19026777350689625
2298243482,0.1697567750896347,0.05942806076854335,0.05774303648912003,0.027977863195408983,0.0358754051056774,0.017490875028263186,0.057032419221120415,0.041554959785522795,0.03628454838119233,0.040607470094856636,0.020430246454988855,0.037899587626646,0.028516209610560207,0.057721502632513966,0.08006287886128967,0.23161816165466154
2298244566,0.14935882941955486,0.07160545667926398,0.05550889886624245,0.0292645111276204,0.040736673234492926,0.016274212130021427,0.06542523983332793,0.042663953400734304,0.03805570808703985,0.04767595852579218,0.017663145881111578,0.041522659000613714,0.02850005921810567,0.05494901859448517,0.09893730417649149,0.201858371825102
2298245122,0.15389170623512818,0.07268214950956643,0.04620627281242934,0.03329672577710305,0.03237076994304295,0.01914359852277744,0.039046265490918095,0.04517803115949051,0.034814862667829495,0.0373720081397978,0.017883867911323573,0.03640836805667711,0.02802631437277259,0.05905121827793749,0.07710735704210946,0.2675204840810965
2298245598,0.14866974600816132,0.06069855830830024,0.05267181325839551,0.03198316052413407,0.039546927657008735,0.021140863722988467,0.046663867265307885,0.04572714450294475,0.03398580918849661,0.04038674806464464,0.019471989836019686,0.043530691129127774,0.02658354598016732,0.06498379577290395,0.06863378446762923,0.25532155431376985
2298246736,0.14227957406031633,0.0819740086350765,0.04620088934827783,0.02349882102135082,0.04355222498573383,0.016419565662112254,0.0611292354404212,0.032639943150618564,0.028128600191651323,0.0464108444501868,0.015568978326173329,0.0455279563293388,0.024704716991289555,0.05203118102436556,0.10313640621467103,0.2367970541684163
2298250890,0.1557543848315514,0.053910010013243324,0.06251816919151135,0.025076176017743895,0.052741798292365166,0.020371028349322223,0.05219806841306244,0.03929928830603917,0.03303831949783046,0.047288349106883294,0.018384530077414214,0.05344703209621327,0.023541888734562918,0.07644519095147345,0.05626796731160568,0.2297177988091777
2298251460,0.1511192221970994,0.10083228355782378,0.04619550588412632,0.02508694294604692,0.03642451844913165,0.016489550696081916,0.046992258578550127,0.03768424906058551,0.03158478417692217,0.04157111017797732,0.016155775918688157,0.03948232608719058,0.0242848067874716,0.05521819180206079,0.11222907716657517,0.2186493965136686
2298252544,0.15549059508812732,0.06360562895011682,0.06260968808208706,0.0252538303347438,0.043423021846097525,0.01842759779062631,0.0657536311465702,0.037829602592676335,0.033399011595981784,0.060547821312057874,0.018432981254777825,0.046238573597338406,0.024963123270562142,0.07402263208329296,0.06812235537323556,0.20187990568170808
2298253588,0.15199134338964435,0.05779148766648363,0.0662812106334184,0.02497389019886517,0.0433207360272188,0.019536591405837828,0.06926903323750767,0.03767886559643399,0.03325365806389095,0.06520990126726744,0.018432981254777825,0.04697610818609559,0.02450014535353209,0.0825877235483489,0.061683732248026965,0.1965125919226504
2298256116,0.1519159748915232,0.05372697223209191,0.07465788085317139,0.024774702025259214,0.03994530400422064,0.01997265200211032,0.07262293140389978,0.03733432389073721,0.03127254325613446,0.062071341666935835,0.019025162311444167,0.042362479408249616,0.02538303347438009,0.08280306211440938,0.05991257254217944,0.2022190639232533
2298257124,0.13453815261044175,0.09536268397988737,0.04255090065355255,0.025996748387652487,0.03378123755073915,0.014185428039234688,0.04785361284279208,0.039573844977766295,0.03199931091658861,0.04031137956652346,0.015057549231779663,0.03579465314340472,0.025269980727198337,0.05471214617181864,0.11178224964199963,0.25123012155862057
2298257598,0.17002056483305875,0.06637811298814561,0.04814431990697374,0.02776252462934849,0.02981362447107465,0.01696329554141499,0.035703134252829005,0.037948038804009605,0.031606318033528216,0.03445955403382968,0.016737190047051476,0.03307062028273953,0.02558760511213756,0.06382096751617733,0.07564843825704964,0.2863356912906317
2337424153,0.14778012684989433,0.11736867783379412,0.041535208977069436,0.025288664823548544,0.02309318588388356,0.00956253049276305,0.05447227191413238,0.025272402016588064,0.016092047487396326,0.04614571475036591,0.007732964709708895,0.026158724995934298,0.01975117905350464,0.0603512766303464,0.11277443486745813,0.266620588713612
2337424251,0.11793787607741095,0.08904699951211578,0.044560091071718974,0.02217433729061636,0.029671491299398275,0.011457147503659131,0.06166043259066515,0.029769068141161162,0.015132541876727926,0.05037404456009108,0.00860302488209465,0.03373719303951862,0.01787282484956904,0.070743210278094,0.08637176776711661,0.31088794926004226
2337424383,0.09199869897544316,0.060798503821759636,0.041185558627419086,0.020182143437957392,0.020539925191087983,0.009269799967474384,0.06391283135469182,0.027467880956253046,0.01508375345584648,0.06553098064725972,0.0058058220848918535,0.02637014148642056,0.01779151081476663,0.086013986013986,0.06953163115953814,0.3785168320052041
2337424477,0.11973491624654416,0.09888599772320703,0.05076435192714263,0.019946332737030413,0.020401691331923887,0.00909904049438933,0.0701821434379574,0.022044234834932508,0.0129695885509839,0.06424621889738169,0.0071800292730525295,0.02295495202471947,0.014213693283460725,0.09516994633273702,0.08711985688729874,0.2850870060172386
2337424539,0.14018539599934948,0.1210034151894617,0.036412424784517804,0.02556513254187673,0.02132867132867133,0.010302488209464954,0.048812815091884856,0.02789884534070581,0.015970076435192715,0.04679622702878517,0.008009432428037078,0.02655716376646609,0.019401528703854285,0.0578142787445113,0.09637339404781264,0.297568710359408
2337424645,0.13668076109936575,0.1121076597820784,0.03324930883070418,0.02344283623353391,0.02124735729386892,0.009595056106684012,0.04835745649699137,0.025044722719141325,0.016579931696210762,0.058350951374207184,0.006187998048463165,0.02419905675719629,0.01971865343958367,0.07480078061473411,0.09155147178402992,0.298885997723207
2337424745,0.13824199056757194,0.099121808424134,0.04403968124898357,0.02688241990567572,0.024451130265083755,0.009416165230118718,0.0605301675069117,0.029411286388030575,0.01817368677833794,0.04794275491949911,0.00814766628720117,0.02609367376809237,0.02075947308505448,0.06276630346397788,0.10591153033013498,0.2781102618311921
2337424793,0.10858676207513417,0.0755813953488372,0.04416978370466743,0.021686453081801917,0.0216620588713612,0.009985363473735569,0.06455521222963083,0.026036753943730687,0.015856236786469344,0.08114327532932182,0.008058220848918524,0.027134493413563176,0.02027158887624004,0.10345584647910228,0.08242803707919985,0.2893885184582859
2338258414,0.14522686615709873,0.11169295820458612,0.04035615547243454,0.02477638640429338,0.023857537811026185,0.011213205399251913,0.054439746300211415,0.027150756220523663,0.018311920637502036,0.04885347210928606,0.009001463652626444,0.025768417628882743,0.01935274028297284,0.05944869084403968,0.10339079525126037,0.2771588876240039
2338258482,0.14342169458448528,0.10690356155472434,0.041250609855261015,0.027955765165067488,0.022288176939339727,0.009155960318751016,0.05638315173198895,0.02993982761424622,0.01757196292080013,0.047609367376809236,0.008228980322003579,0.024605626931208328,0.01966986501870223,0.053520897706944216,0.11192876890551308,0.27956578305415514
2338258648,0.13853472109286066,0.11278256627093836,0.043551797040169135,0.02381688079362498,0.024922751666937717,0.011188811188811187,0.05185395999349488,0.028817693933973005,0.017864693446088795,0.04461701089608066,0.00944869084403968,0.028638803057407708,0.01933647747601236,0.05951374207188161,0.10186209139697512,0.2832493088307042
2338258706,0.11031875101642544,0.08192389006342495,0.0417059684501545,0.02158887624003903,0.024564969913807126,0.009952837859814604,0.06637664660920475,0.027793137095462682,0.012465441535208977,0.07573589201496178,0.006708407871198569,0.02902097902097902,0.015620426085542363,0.08211091234347047,0.07998861603512766,0.3141242478451781
2338258922,0.1357944381200195,0.12278419255163442,0.030191901122133682,0.023052528866482357,0.02036916571800293,0.00944055944055944,0.0452431289640592,0.02560578955927793,0.017043421694584487,0.05409822735404131,0.007212554886973491,0.02465441535208977,0.01998698975443161,0.06929582045861116,0.09583672141811676,0.299390144738982
2338259044,0.13920962758172062,0.09859326719791836,0.04203935599284436,0.02697999674743861,0.02415839973979509,0.009830866807610994,0.05304927630509026,0.029134818669702394,0.01815742397137746,0.049715400878191575,0.008025695234997559,0.026353878679460083,0.021182306066027,0.06003415189461701,0.10644820295983087,0.28708733127337777
2682966081,0.119311081182737,0.09010665016561716,0.03283830184787488,0.020013589099600815,0.03138232689064415,0.010683216248680523,0.046639731129957895,0.026759606401436563,0.016828643880658585,0.0415680850289375,0.009548769094504908,0.031163930647059537,0.01696210825173807,0.06004683386112425,0.08829881459372232,0.35784831167570585
2682967547,0.13969473058396728,0.0816316626020699,0.059179315449107615,0.02201555466579308,0.042308205632196456,0.01456581613462915,0.0497458110387168,0.02801538480204807,0.020043921911209798,0.05242723158495007,0.012466785571288174,0.0426115337482862,0.01702277387495602,0.07866511362671229,0.05745034518739611,0.28215581358667297
2682969195,0.17199310838520246,0.054926655261529504,0.06573726931896771,0.03141265970225312,0.049594146980671924,0.022968004950314855,0.057893204236887125,0.036108178939322236,0.03527705990123636,0.06107208289350756,0.01824821946395855,0.04730098642303352,0.02721459857557117,0.06721144396316384,0.05819046579065506,0.194851915213725
2682970641,0.13268785110229436,0.08201385602834298,0.03722442640653247,0.023083269634428957,0.035137528967835084,0.014031958650311215,0.05055873038983729,0.031740254067630036,0.020735510015894392,0.04184714689574006,0.012060325895727926,0.03522852740266201,0.01902473944114828,0.05410160278576542,0.07984202671714047,0.330682245598709
2682972097,0.13584853007194944,0.10936191897499364,0.03998471226294908,0.021190502190029,0.02888290321406472,0.013055242116502264,0.041088826605515716,0.028773705092272405,0.024593843652555843,0.05617030053749743,0.012023926521797158,0.03240757592302745,0.018903408194712385,0.09961901988619128,0.08308763755930065,0.25500794719664155
2682973699,0.16729152258581154,0.12478918695931765,0.042465936252563126,0.02662614203035708,0.02704473483056092,0.013995559276380446,0.037285092029750416,0.03621131049879275,0.030199347237894174,0.04310292529635157,0.013134107426685594,0.02914983195622368,0.02152416311772771,0.053494946553585936,0.0937101881847632,0.23997500576323424
2682975079,0.14204855676482364,0.11254686419393586,0.045911743651342526,0.023932588359480214,0.022737475582086653,0.012066392458049722,0.07317487472548806,0.033748286196144096,0.023611060556425097,0.03896552979288756,0.012691248377194578,0.025042769264368648,0.01933413411955981,0.052560695956029566,0.10583724626603087,0.2557905337361531
2682978077,0.14240648394180955,0.06266758878413958,0.06312864752059598,0.02514590082383916,0.042399204067023376,0.018909474757034174,0.06406896468047417,0.03755202077190938,0.027244931387180142,0.06375957000206264,0.017932758223225227,0.04465596525073102,0.022482679964571275,0.07313240878923549,0.0625280578507383,0.2319853431854305
2682980481,0.16636940511289872,0.06745410645603563,0.05036460039553986,0.029313629138912143,0.04154381877965033,0.02022591878086364,0.04557808272364382,0.04222934032201312,0.036326575182906856,0.03813441075480169,0.020292650966403376,0.043509384971911806,0.0252186995717007,0.06169693881265241,0.06739950739513947,0.2443429306349264
2682981755,0.12636042660066246,0.0960397481163324,0.04450430119268616,0.01907327193972264,0.04424950557517077,0.014092624273529163,0.062370327230371635,0.025952753612637863,0.014857011126075298,0.05293682281998083,0.011465802788192044,0.03956005290042345,0.01634331889491501,0.07275021536296242,0.0748553124886252,0.28458850507771266
2682990547,0.17218723837949987,0.07768233053058153,0.053264417185357744,0.03175238719227363,0.0366238367366748,0.017417100425872675,0.05237869908637571,0.03859546949125808,0.033869617442579984,0.05087419163057062,0.015506133294507337,0.03896552979288756,0.0280942501122314,0.05606110241570512,0.08075807762773148,0.21596961865589245
2682992257,0.1748079933025152,0.07594729370654825,0.053567745301447485,0.030290345672721094,0.03760055327048375,0.018606146640944444,0.04977007728800398,0.03908079447700166,0.03336609276987103,0.04625753770368483,0.01775682791589318,0.0381101445055145,0.027341996384328857,0.0571166842596974,0.07523750591489825,0.22514226088644607
2683793930,0.14698673849476454,0.09216321479270556,0.04981254322425655,0.02745119450612116,0.03502833084604278,0.014571882696950946,0.05268809376478725,0.03527705990123636,0.02797291886579551,0.04158628471590289,0.01316444023829457,0.03468253679370048,0.02364139336803407,0.06799403050267536,0.0914291607517684,0.2455501765369636
2683806696,0.1342772904306046,0.052924689695337236,0.06589499993933437,0.02638347953748529,0.04184108033341826,0.02652301047088657,0.041877479707349036,0.050534464140550114,0.03133379439206979,0.03381501838168384,0.030793870345430057,0.04449823463036436,0.0227981412053046,0.07797352552202767,0.06599206493648309,0.2525388563316711
2683812028,0.17340055084385886,0.07904730705298536,0.05998010167558451,0.030448076293087763,0.03544692364624662,0.02034118346497774,0.05026753539839114,0.04051250318494522,0.035889782695737636,0.04754971547822711,0.0185333478930829,0.037916014511217074,0.02658974265642631,0.0603440954148922,0.07742753491306616,0.20630558487727346
2891518357,0.14589726197013253,0.0840035746201966,0.0577376530249685,0.02632513970089473,0.029097623738923526,0.011983591201266193,0.07375345887571734,0.0306749787353166,0.01824994347362641,0.05736619399851416,0.010142446461449014,0.03148249835804344,0.020930908621079488,0.07356503763041441,0.08594162171474098,0.242848067874716
2891727603,0.16642979424400012,0.0685799498261141,0.056811697190908415,0.026136718455591804,0.03828181358140336,0.019380470945443973,0.04935021587691248,0.03606382635098033,0.03157401724861914,0.042674720329037324,0.01936970401714095,0.03864788914370619,0.027493351421772883,0.062281296768844814,0.07431333914747462,0.2426111954520495
2891734897,0.1652238982740614,0.06959742455074992,0.04986702843545765,0.027288779784015414,0.037608880562464336,0.01940738826620153,0.04738525146161052,0.03952001033625117,0.03220926601849758,0.04021986067594776,0.020096471677595096,0.039046265490918095,0.029016871776650837,0.05585344057193922,0.07837785458186634,0.24928130753577316
2891736861,0.17132336315772473,0.07232684087556661,0.05210654952248672,0.027579486848197082,0.03826566318894883,0.01963887722471656,0.049560170978821455,0.03892244581543332,0.032166198305285484,0.04174338103082571,0.02060790077198876,0.03837871593613058,0.028510826146408687,0.0553527784058486,0.07729577828741238,0.2362210235042045
2892360546,0.16836784133854452,0.06254508651226892,0.048381192329640284,0.028559277323772305,0.04974320875997287,0.024747784704501653,0.036725992441616326,0.04263703607997674,0.03712436878882824,0.05104062362048732,0.022147571519321254,0.052962520322577165,0.024327874500683695,0.08167253464259182,0.047239897929519686,0.2217771891856972
2892422259,0.17302992129375414,0.07190154720759714,0.049980081182639406,0.028753082033226737,0.03756042938510072,0.019934967753049728,0.04606091928033852,0.039859168577796436,0.034448787105526665,0.03808262540779741,0.020521765345564564,0.03849176868331234,0.02987284257674128,0.055115905983182056,0.07745728221195775,0.2389289059724151
2892429779,0.17954391291708388,0.07361348880777803,0.05480366506239434,0.028586194644529862,0.03709745146807068,0.021038577904109738,0.046168588563368765,0.04017679296273566,0.03479871227537496,0.03935312294755429,0.02063481809274632,0.03834103168707,0.02731031364062147,0.056111846851211816,0.07582609257404956,0.22659538960130066
2892440427,0.18550879119695945,0.07720425939683667,0.05642947123615104,0.02795632933880293,0.03751197820773712,0.0210224275116552,0.04710531132573188,0.03810954272855497,0.0341096288639814,0.042087922736522496,0.02118393143620056,0.03967074733249351,0.02804784822937864,0.05776995380987759,0.0752231445890802,0.2110587120600364
2892442683,0.18153041118899188,0.07353273684550535,0.05936884266287671,0.027644088418015224,0.03903011509846356,0.020354877956867686,0.05026540478266955,0.0387394080342819,0.03380815487149671,0.042308644766734495,0.02126468339847325,0.040537485060886974,0.0279401789463484,0.0597618355459371,0.07311282664168739,0.2108003057807638
2892449849,0.16927226331599854,0.05817909708539251,0.06199058970466316,0.02766023881046976,0.04413363911409714,0.020134155926655684,0.05596649331912098,0.04110274879679576,0.03162785189013426,0.04475812095567255,0.02181379674192749,0.044671985529248365,0.02696038847077317,0.061102318119663636,0.06362177934257136,0.2270045328768156
2892564608,0.1453535320908298,0.05644023816445407,0.05180507553000205,0.023924114689320285,0.03897628045694844,0.017313220711263285,0.06105386694230003,0.03437341860740549,0.02753641913498498,0.043196916351734005,0.018325311971747575,0.03893859620788785,0.02585677831971317,0.07260139754729372,0.07043724495838584,0.2738675883157293
2892570408,0.18114280177008305,0.07103480947920368,0.06368099744823799,0.027665622274621274,0.04154419285721976,0.019897283503989147,0.05437298793027337,0.037275105785070574,0.031853957384497776,0.04435974460846065,0.021189314900352082,0.042378629800704164,0.027100358538712486,0.05961109854969476,0.07002271821871939,0.20687037695015986
2892572570,0.16085252538303346,0.06405245647469233,0.05516974062469718,0.02587292871216771,0.038873994638069696,0.01897671113408056,0.050642247273275404,0.036909030222767744,0.030734196840983236,0.04656158144642914,0.019288952054868268,0.039218536343766486,0.02633590662919776,0.06694876018820592,0.07085715516220377,0.2487052768715613
2893265162,0.16317818189648675,0.06532295401444921,0.05023310399776048,0.02839777339922693,0.04079050787600805,0.019665794545474118,0.04869343325042799,0.03942310798152395,0.0333613273469212,0.03932620562679672,0.020957825941837045,0.03964921347588746,0.029086856810620492,0.056197982277636005,0.07689740194020046,0.24881832961874306
2893270900,0.16311358032666862,0.06772936249017518,0.04944173476748818,0.028015547444469567,0.03815261044176708,0.020338727564413146,0.04645929562755042,0.039977604789129706,0.03415269657719349,0.040031439430644834,0.01988113311153461,0.038696340321069805,0.02914607491628713,0.055498131937939434,0.08004134500468361,0.2493243752489852
3193674717,0.14550965255122367,0.07261216447559676,0.04598016731806583,0.036596789301980036,0.028392389935075424,0.01679640815271811,0.04278238961206757,0.04761135695597403,0.03226310066001271,0.043083863604552255,0.013943172152416635,0.03356051552052715,0.02696038847077317,0.06707257986369068,0.07204690073968797,0.274788160685638
