1001205877,0.11333807078178665,0.06330415495763216,0.04242169751391626,0.021889165240048667,0.029221443414408306,0.011073785759660629,0.06437546432378305,0.03445417056967817,0.015439775186537032,0.03620379641891965,0.009345693767025204,0.031154107044801187,0.013943172152416635,0.0459209492123992,0.06615739095793362,0.4017571626990536
10263149134,0.15052165767628153,0.07714504129117004,0.04246476522712835,0.027347997889682053,0.03728048924922209,0.0176739128094146,0.04772979316730729,0.03717281996619185,0.02735876481798508,0.05085220237518438,0.015052165767628153,0.04176491488743177,0.02434402489313824,0.06613585710132756,0.06865531832423527,0.2685002745566717
10530998866,0.14986487504979706,0.0773496129289275,0.0485696135749432,0.0257383421083799,0.04040289845709918,0.01716248371502094,0.05163818814130517,0.035353209082980716,0.024462461104471502,0.04568946025388417,0.014879894914779762,0.041775681815734794,0.021103179473927883,0.06027326464033076,0.07791487666483629,0.2678219580735812
10531062644,0.1664190273156971,0.06497841230875244,0.06148992753857253,0.029802857542771618,0.04433282728770309,0.02153385660604886,0.04966245679770018,0.041280403113795675,0.03698439872088892,0.04685228851061081,0.01918666623598953,0.04559794136330846,0.027595637240651616,0.0714870204679307,0.06224361251978424,0.21055266642979426
10920862756,0.16501932663630392,0.05427608557554616,0.05487365009636401,0.02398333279498692,0.0556165681492727,0.020446396847443392,0.05539584611906069,0.038147226977615564,0.03227386758831573,0.05092757087330555,0.020327960636110125,0.0557511547530605,0.02284203839486633,0.06485997609741917,0.05810911205142285,0.2271498864089064
10920918066,0.16855460117983898,0.07854864433811802,0.037849964451105854,0.02576814434772583,0.04066985645933014,0.01610749216963548,0.04277877058473128,0.034516054649218884,0.0277425491439442,0.036130166599412,0.01683768567091332,0.04027593628100921,0.02646471051670798,0.05034011644664784,0.0856920504986453,0.2717232566630157
10957217386,0.154919947888067,0.07201998341893041,0.0498454945788516,0.027035756968894344,0.042362479408249616,0.016909460899899868,0.05302712189239532,0.03660217276613154,0.027444900244409272,0.04597478385391432,0.0156012791110824,0.04363836041215802,0.025350732689471016,0.0588789474250891,0.07913153956307804,0.2512570388793781
11217134334,0.1420857693508619,0.08436965018249942,0.04175414795912874,0.02635744048580381,0.031827040063740215,0.015811234212991375,0.04782131205788301,0.03787267030588843,0.028666946606802544,0.037581963241706776,0.015918903496021618,0.03262917622231554,0.02364955801759316,0.048704200178731005,0.09786599481034056,0.2870839928076919
11217146714,0.1623430659575238,0.08358358358358359,0.04789126475873464,0.021973781009925586,0.04670332983585996,0.017583848909150115,0.04835558450016282,0.030717464452404208,0.0248441212296634,0.045762630099979495,0.016643149173269655,0.04683599261912515,0.02106926203311745,0.05664700845423736,0.08772628049736483,0.24131963288589794
11217243163,0.19090840574092616,0.09146505593419252,0.06076315987811836,0.0297059551880444,0.028063998621833175,0.0186860040698989,0.043514540736673234,0.04349300688006719,0.04102199683452308,0.0452587831217632,0.0181584245830507,0.030529625203225767,0.026228237346167516,0.05690859954563561,0.07660131141186731,0.19869289490401285
11446206564,0.13878320298738814,0.06704009018530262,0.048474600155005994,0.024501514831254845,0.04117640151248268,0.01707414453134174,0.05542638389816576,0.036907865379647235,0.022076610535710087,0.042391789379741196,0.013897696047347285,0.04309636205641278,0.01843631837290683,0.05988280607811361,0.06968810916179337,0.3011461048873858
11446356953,0.162206615406349,0.06286452342031443,0.06053359165304434,0.025569615143993057,0.04814231801578172,0.02275937922544449,0.05116445682226393,0.03877318318500131,0.03432322253839479,0.0514823111541644,0.021775544388609715,0.04975177090270629,0.022275029767310446,0.06877762305503421,0.062410445803313765,0.21719036951827408
12282925203,0.14761095664710122,0.102440531356194,0.038065080836165166,0.03067655236329935,0.0316187828236021,0.01342807125939656,0.04587581093605189,0.035320770260529294,0.021815466996189886,0.04692616620327464,0.010091648645865514,0.033451755740912366,0.019925857275254862,0.05961795901554937,0.08178869323447635,0.28134589640613733
12283189364,0.13557296671347968,0.08304383176879296,0.04073348609160569,0.026862049424692638,0.029005592923842614,0.012011235124547269,0.05174686475965211,0.03606450341242269,0.019464360509522757,0.03740729790326952,0.010760834750043115,0.03071180427230394,0.0188607189494173,0.050052972626703135,0.08780520856431864,0.329896272205386
12473400545,0.1458305750474425,0.09487400150050752,0.0357804845756653,0.021338099651352662,0.03456683878370625,0.013416302572929079,0.04417670682730924,0.02869168983626815,0.020648528178648658,0.040701266604881055,0.012401253365108786,0.035317092546008205,0.01745443311708372,0.054801624078732514,0.09255152478044044,0.30744957853391586
12473411905,0.15025087085743505,0.058920030253640565,0.05519158863570995,0.0219765001651167,0.05590531888828524,0.017214747584502466,0.058424680152972634,0.028852811777614437,0.025944627315628563,0.05471754391571591,0.015334547740031743,0.05384934965325493,0.02024011164019473,0.07193761784538685,0.057194294419055526,0.25404535915545473
1427731029,0.14451158106747233,0.06590713306397797,0.04817457139737197,0.02390832211019304,0.03860153605357988,0.013443502105097123,0.05775367330348585,0.034464140550115874,0.021493830306118736,0.03960251883667601,0.013722563971899684,0.03841347262160424,0.020474647836057215,0.05556971086763975,0.08891760395054539,0.29504119195816497
1427731797,0.14642813678958258,0.06272970670561033,0.048016307654861874,0.028392357308019964,0.033984422538639404,0.013672873311427528,0.057946939272240476,0.04129852744310576,0.02609833272483875,0.03663137398077157,0.01310088840209322,0.03480589022757698,0.02350006084945844,0.04901423877327492,0.07827065839114032,0.3061092856273579
1427733463,0.14713399050748446,0.06687355482536204,0.04414019715224535,0.0264877692588536,0.03410612145551905,0.01254107338444688,0.06185347450407691,0.03789704271631982,0.021388584641596688,0.037233783619325785,0.01327126688572472,0.03305951077035414,0.02095046854082999,0.04738955823293173,0.09048314470001216,0.30519045880491663
1427736291,0.13690908211157884,0.07936565539265494,0.04031184980887405,0.025433057531330138,0.0329087434073644,0.015586442154158803,0.04023927033434945,0.0340458218415832,0.02812454637828422,0.048591958194222684,0.013536071998838729,0.03420912565926356,0.024422993177529398,0.07297261334494605,0.07417017467460203,0.2991725939904195
1427823233,0.1640258001703785,0.03566995253742242,0.0755385177071924,0.025714981136667883,0.05357794815626141,0.023694779116465864,0.051910672995010336,0.043154435925520256,0.040562248995983936,0.056370938298649136,0.02341487160764269,0.053498843860289635,0.02444322745527565,0.08677132773518316,0.04033102105391262,0.20132043324814408
1428450809,0.15636197484548975,0.07216891518168482,0.060000480965779285,0.02463145997162302,0.04251136281653561,0.01798812014525166,0.06176803020465094,0.028725681167784914,0.024511218526801815,0.05596638049202799,0.015907943149844887,0.044753865762451,0.02401221653079384,0.07283024312820142,0.0743092128995022,0.22355289421157684
1428452253,0.1506145427631978,0.08659411058129798,0.06346837501061649,0.02099637219573157,0.04046397068637086,0.017459566362125242,0.054890255887598736,0.026577609531782717,0.023890122423227654,0.05049199820429755,0.017556631359273954,0.04194421189288877,0.021815358109173854,0.07241655443526371,0.1024763707397566,0.20834394981739648
1428611460,0.15341729455586695,0.07262888411652654,0.04753758235358352,0.024569577403268664,0.035543988643395336,0.014044091774954805,0.052815491573544926,0.033790752132396656,0.021050971256627717,0.04063990099370291,0.012824712748274065,0.036672369235249164,0.01962532911100596,0.0538892731045026,0.08222618570960578,0.2987235952874944
1428614380,0.1169815212511678,0.0795811645373033,0.0370788289108094,0.024132784916099444,0.03142479282689671,0.014244288331574028,0.040761232240138806,0.030581540664167243,0.02137249905968284,0.04797437484075274,0.010610417500818986,0.033535956514881275,0.021172302503063616,0.07887744330797512,0.07767019740593793,0.33400065518873073
1428622784,0.16676948758890986,0.07176295543620265,0.06214617506169255,0.0272293995258141,0.03481395461363526,0.019608554700730637,0.05325518943242851,0.04213238496153288,0.03655586200222577,0.05203948323414138,0.01958436154255577,0.039549765326365706,0.02716891663037693,0.06789205012822372,0.07267624715730392,0.20681521265786035
1428699474,0.16143122338295782,0.09275167133791964,0.047658913600019406,0.0270629345175263,0.038310341062133726,0.016470716703672696,0.052045038158677004,0.0354711898955338,0.029222630704085224,0.05018867008820781,0.01548793360754195,0.03929919072058628,0.02543102925296352,0.05745034518739611,0.09634307623242211,0.21537509554835654
1429326778,0.13139567332775207,0.051031922250937285,0.04918162074278989,0.025388563316710952,0.05177204285419624,0.018108688530557276,0.06661085429330617,0.04059743505745034,0.03185551875174414,0.06296485033790752,0.015803394848275275,0.05234836627476674,0.02566762518351351,0.07367839939819702,0.0588456545214089,0.24474939031048665
1429327146,0.16841990317766534,0.09083463764423251,0.05587910554605127,0.026359213288198114,0.037624819519770925,0.017914558536259843,0.053743675608779524,0.03528312646355816,0.03157645688494158,0.05863939140246788,0.017156238246035502,0.04082796442567854,0.024545311153981484,0.06488795059391644,0.08479234157172497,0.19151530593673788
1808089009,0.18790570135527,0.11235273419963844,0.04579647896722843,0.033687620572926145,0.025309698006527617,0.013874228029944551,0.04431623776071052,0.03598684769288635,0.03331149370897487,0.051814508790448806,0.011781264028925369,0.029046700396753174,0.029732221939115976,0.052233101590652635,0.10024387580533617,0.19260728715466094
1861196106,0.14273407830718646,0.06261298972324343,0.04577827928026305,0.021251167813246947,0.04395224402140283,0.01789635884929446,0.044267705262136164,0.028215581358667294,0.025837488928523764,0.04575401303097586,0.015663863914873996,0.04525048835826691,0.020589912520171318,0.06228539535786653,0.06520341183464977,0.31270702143923124
1861199892,0.18706244919254056,0.08565379342141982,0.049339351363156564,0.020887174073939262,0.040154576007959325,0.01813902134216625,0.045529550225069465,0.027493660442373724,0.02564335893422633,0.04288452905276696,0.018939807568643156,0.043187857168856696,0.020893240636261055,0.055199650566010255,0.0946687050316068,0.2243232749730038
2056098764,0.11970670887302562,0.06459080288984356,0.04340687145364299,0.025286131119652874,0.03541242718864735,0.011542147140842188,0.05850748839863475,0.03324827459973944,0.017167867179172458,0.04355222498573383,0.008974234740570863,0.0361391948491015,0.01952044101338329,0.06709411372029674,0.07667129644583696,0.3391797754018756
2078747989,0.12998374193826245,0.09363997545140347,0.0360961271358894,0.02259439904389677,0.027315697104772975,0.011003800725690968,0.040537485060886974,0.028936119814378155,0.017264769533899674,0.040865876374129216,0.008775046566964909,0.030685745663619625,0.016769490831960554,0.05485211623975796,0.08835341365461846,0.35232619485986844
2129443949,0.1994788806701336,0.11008645843427327,0.0390893332041302,0.02946369930122635,0.02443016031956243,0.014158510718477124,0.03726972232091906,0.03623609720382872,0.0318647243128008,0.03352283127146656,0.01443845085435576,0.026631997157530927,0.02809091594259074,0.042470148691279866,0.10715785393585064,0.2256102156615739
2177842235,0.15735865714870206,0.09143813861343496,0.04290082582340085,0.03250535654683075,0.035923856283041004,0.012586539186235559,0.07547616740420125,0.03833564822291848,0.029668270938983818,0.07780720738180605,0.011391410144599849,0.03833026475876697,0.029452932372923325,0.04880110253345823,0.0842619808994692,0.19376164174122765
2177843201,0.0913197024021017,0.11077015838151534,0.028424690719984495,0.03118640782971026,0.014702240597779859,0.009308009517964622,0.0564994562701207,0.042518599868643474,0.023439602915684185,0.07037264338856768,0.0071869246422688075,0.02192146602495774,0.025479935829107316,0.06255585344057193,0.10608654456969972,0.29822776360132214
2177851937,0.16444867943624364,0.051568203107335515,0.0570754869343325,0.023132745459047987,0.05417379975666742,0.021232382613564176,0.06211979284429945,0.03924545366452405,0.035913089354737984,0.059498045802513,0.021776112492866914,0.05557888390021211,0.022249857338199983,0.06360562895011682,0.055654252398333284,0.2127275859470052
2177984271,0.15717023590339912,0.0505076606694876,0.06379943365957126,0.031897025097709884,0.049199478880670125,0.02301969271186623,0.05143899996769922,0.049102576525942916,0.04460200049527871,0.04561947521991451,0.024435543783713945,0.04853731279003413,0.02848390882565113,0.06444544935775272,0.06638349645229713,0.20135770965901134
2177988767,0.18196108832111288,0.06629736102587293,0.055309710692636495,0.025404567330986144,0.059546496979876615,0.01740473960183899,0.05320477620939522,0.030976452727801286,0.02700345618398527,0.054066130473637175,0.019908050432292167,0.05546044768887884,0.022928173821290525,0.0655759768295703,0.06744942235429655,0.19750314932652865
2177993607,0.15408012748043107,0.07639135630995833,0.049290997771245834,0.0241071524704717,0.04262626915167372,0.018782906424626118,0.04317538249512797,0.03385660604886032,0.029582135512559626,0.044785038276430114,0.018406063934020264,0.043078480140400735,0.021722277851351786,0.059670316655361384,0.07653132637789765,0.2639135630995833
2178005961,0.1725830937691786,0.0932523660324946,0.05102985669218429,0.02315427931565404,0.036149961777404524,0.017830033269808455,0.05053457799024516,0.02937218041065065,0.024995424055471213,0.046572348374732175,0.016005038922445817,0.039493093015493606,0.022029135307987984,0.05938499305533125,0.08835879711876998,0.2292548208921477
2178009779,0.14846517437040388,0.0979305963801587,0.04732064989179237,0.028042464765227128,0.03259687543740646,0.01550976022050669,0.049764742616578914,0.03513787051692023,0.02923221034271133,0.05264489593763795,0.01360401391087137,0.034594140637617496,0.02513539412341053,0.06496764538044941,0.094097569904282,0.23095599556402555
2178021481,0.15366021727661314,0.08984463322458736,0.039713815045705605,0.029609052833317183,0.030911851157983138,0.017006363254627087,0.03867480646446375,0.03783498605682785,0.021296984183382318,0.038604821430494096,0.013474810771235073,0.036085360207586376,0.018869041851050317,0.054367604466121856,0.0752392949815347,0.3048063567944701
2178639350,0.1588444932545194,0.07934149466498702,0.05552504925869698,0.02809091594259074,0.03342054545258783,0.0165703026583546,0.056397170451241964,0.03662909008688911,0.025065409089440875,0.04384831551406698,0.015315955511052253,0.03516478783767779,0.019617343368110517,0.061102318119663636,0.07886774981965396,0.2561990589704663
2178640974,0.15644885170709646,0.0862969303487408,0.054577559568030835,0.0277194569161364,0.030357354350377376,0.016710272726293916,0.05696243418715075,0.03584848778491984,0.024279423323320087,0.043449939166855085,0.01450305242417391,0.03166015267504334,0.018922876492565438,0.05952496312327056,0.08086501501986497,0.2618732301861602
2178785292,0.12094490562787345,0.0632880045651776,0.05705933654187796,0.02474240124035014,0.03127792672028597,0.015542061005415763,0.06892449153181089,0.03948232608719058,0.031342528290104116,0.0719715322415668,0.015978121601688253,0.035051735090496035,0.021469255036230712,0.08828342862064881,0.06394478719166209,0.2506971586076208
2178789974,0.16399108498336507,0.12865940975699042,0.0633310722783897,0.020381795277625247,0.00614791606102695,0.004306771321209772,0.060585505561118476,0.020920141692776468,0.011601365246508823,0.057969141983483526,0.003682289479634355,0.007859857661207835,0.011800553420114776,0.06931210095071977,0.11157767800424218,0.2578733163215866
2178791446,0.20051788925137548,0.10408927936948867,0.04513496344627841,0.03300063524876988,0.020694036198412955,0.014406150069446687,0.03923468673622103,0.03621994681137418,0.03389967376207242,0.04010142446461449,0.013420976129719951,0.02032257717195861,0.029754406365408013,0.04762750734842857,0.10512290448657904,0.21645294313985164
2178794132,0.16558997383636426,0.12467026282071987,0.04417670682730924,0.030061263822044205,0.02248134629671501,0.013749367442962195,0.041484974751553126,0.03585387124907135,0.022691301398623985,0.03508403587540511,0.012139711661660044,0.02486083745168341,0.018653703284989824,0.04343917223855207,0.09815131841037072,0.2669121526319756
2372101423,0.1768018018018018,0.06735048301313361,0.060951011252216074,0.026262708491624157,0.04654202395166251,0.016909982271428054,0.05461937841455914,0.03031043091284055,0.02561597742320634,0.05153949129852745,0.018334599659900863,0.05024602916169181,0.025724519700423314,0.06882484894533088,0.06542838018741633,0.21453833351423712
2372116625,0.13842871485943775,0.12837660164467393,0.036760135781220116,0.027747896347293938,0.03850521132147639,0.013536288009179576,0.04484007458405049,0.029953145917001336,0.018221696309045708,0.04583213807611398,0.009998326639892904,0.035827835150124304,0.018550392044367946,0.05372681200994454,0.05636833046471601,0.30332640084146106
2492112736,0.1500608494584398,0.055427771692831924,0.05965072410855544,0.028410612145551906,0.040142387732749175,0.02084702446148229,0.04089692101740294,0.03758671047827674,0.030948034562492392,0.038846294267981016,0.018492150419861263,0.04044055007910429,0.022258731897286117,0.06563222587318973,0.0514177923816478,0.2989412194231471
2492113392,0.16230984544237556,0.0762504563709383,0.048649142022636,0.026785931605208712,0.03610806863818912,0.015674820494097602,0.05115005476451259,0.03179384203480589,0.025422903736156747,0.04600219058050383,0.014804673238408178,0.03598636972130948,0.022252646951442127,0.05815991237677985,0.06944140197152246,0.27920774005111354
2548783943,0.12938079395329308,0.08087039848401649,0.03859405450219106,0.03258072504495192,0.031617084961831236,0.014395383141143662,0.04629779170300505,0.042906209287552365,0.01764161202450553,0.04323998406494611,0.008990385133025398,0.036230713739677206,0.01743165692259655,0.056924749938090165,0.059218105666634366,0.34368035143253983
2548794557,0.15411781172949168,0.07735499639307902,0.05438913832272791,0.028440841112439032,0.03736662467564628,0.01783541673395997,0.05913197024021018,0.039412341053220924,0.037721933309646086,0.07664437912507939,0.01542900825823401,0.040736673234492926,0.02666429794244,0.07640750670241286,0.0689729427091745,0.1893741184577452
2548799221,0.17869870904529647,0.061850619636723836,0.08384745415980276,0.02635205702165229,0.03757657977755526,0.018519116681202017,0.06171603303293604,0.03485254691689008,0.03078803148249836,0.05071761577139657,0.018432981254777825,0.03964921347588746,0.023143512387351014,0.07704813893644281,0.06037555045920949,0.19643183996037766
2548817981,0.1594958924168524,0.08919323406225436,0.039003197777706,0.025926763353682828,0.03049194095416518,0.014847594129870688,0.04242708097806777,0.03268301086383066,0.022685917934472475,0.03875555842673643,0.013857036725992441,0.032187732161891525,0.02235752662123023,0.056822464119211435,0.08839109790367905,0.2908739515703565
2549540656,0.1144470643969982,0.05395307772645542,0.03901934817016053,0.022971241534502626,0.03184857392034626,0.012258147872993314,0.04935021587691248,0.03335056041861817,0.01956350872659539,0.036268397988737794,0.010578507057721502,0.03130484404104353,0.019375087481292463,0.06101079922908794,0.07064181659614327,0.3940588089623911
2549546418,0.1642494912626377,0.07414645175877772,0.049323298556154915,0.028150134048257374,0.03752812860019165,0.021937616417412275,0.04812278605036769,0.03914316784564532,0.03946617569473605,0.06546830754654005,0.017991537194353827,0.04350377380837021,0.02956598512010508,0.07475478320789862,0.05939575998363428,0.2072526029049173
2549558326,0.12204313231478192,0.07537388158532253,0.03298448485631534,0.024241739074259503,0.03013124885601387,0.013781668227871273,0.038690956856918285,0.030082797678650255,0.01944507251526212,0.05126672911485083,0.009641784295358377,0.033275191920497,0.019385854409595487,0.07607373192501912,0.05974030168933105,0.36384142467995306
2549593192,0.15813925945067134,0.08578550125434714,0.04720221368045909,0.030405805527740994,0.03458337370931447,0.018115356869838603,0.0413826889326744,0.03841640018519117,0.027041140433045858,0.04719683021630759,0.015079083088385712,0.03782421912852482,0.021619992032473057,0.06269044004435974,0.05698935150790831,0.2775283439387577
2549597842,0.14462138096622415,0.09072213788128383,0.03567621693207145,0.02660507983677337,0.03290373289404266,0.015908136567718594,0.03757657977755526,0.03321059035067885,0.021894548704200174,0.04919409541651862,0.010686176340751748,0.03715666957373731,0.018572951322717145,0.06523681858802502,0.059492662338361486,0.32054222250934034
2982903155,0.18067982385305292,0.09888885299912788,0.038820159996554575,0.029210676486105282,0.026701982191500585,0.01688792704329382,0.03236000301473992,0.03977841661552376,0.036289931845343834,0.033097537603497096,0.017216318356536062,0.027886344304833274,0.028914585957772108,0.04540413665385402,0.10814841133972887,0.2397148917385359
2982903253,0.18182111825317354,0.0716592913207791,0.05163280467715366,0.03382430526395125,0.03407732807907232,0.022443662047654425,0.040709755913735365,0.044763504419824074,0.04275547229131002,0.042895442359249324,0.021716894387200283,0.038147226977615564,0.03248920615437622,0.05598802717572704,0.07089483941126436,0.21418112126791347
2982903349,0.15428469911818854,0.08275461093704577,0.04608783660109608,0.029759789829559524,0.037049000290707054,0.01779234902074787,0.05101370629972975,0.03992915361176609,0.03548779568676852,0.05170278971112331,0.016376497948900157,0.03975149929476619,0.029377563874802164,0.06271197390096579,0.0874436082130129,0.21847712566082025
2982903439,0.1594582081677918,0.07074948587917353,0.043767563551794314,0.02357418951947199,0.03795880573231263,0.015482842899749131,0.04643237830679286,0.03513248705276872,0.028327788365257275,0.046453912163398905,0.015143684658203859,0.036860579045404136,0.022061436092897055,0.0561495311002724,0.06979122926020435,0.29265587820450706
2983758892,0.16212302292279035,0.08013286389525932,0.043670661197067084,0.02676120029716722,0.03290911635819417,0.01573048225071869,0.04311616438946133,0.03256457465249739,0.025582221647986046,0.04242708097806777,0.014206961895840737,0.03454568946025388,0.023558039127017448,0.05828676636842275,0.0790238702800478,0.285361284279208
2983759370,0.18137429072859804,0.08098345123119825,0.05142284957524468,0.02018260710401929,0.04716991289555003,0.018481432432141436,0.04650774680491403,0.02815551751240888,0.02661046330092488,0.04321845020834007,0.018239176545323383,0.04849424507682203,0.021862247919291103,0.0586582253948771,0.08798733809231564,0.2206520451780312
2983759898,0.18549264080450487,0.0650483973427221,0.04453201546130904,0.03397504226019359,0.030992603120255827,0.01575201610732474,0.04271240457809791,0.04403135329521841,0.036300698773646875,0.03438418553570852,0.015014481518567569,0.03242460458455808,0.03025506853149865,0.05027078824682106,0.06982891350926496,0.2689847863303078
2983760000,0.16498702585139485,0.05472829656427317,0.048784952141003694,0.03273146204119426,0.03624686413213175,0.015455925578991569,0.04587249803503558,0.04314308171021889,0.03415269657719349,0.04035444727973556,0.014686090205325325,0.03593462321134404,0.029097623738923526,0.06265275579529916,0.05900815056472539,0.2821635065732097
2983760098,0.16970832391227106,0.08417046200889347,0.04287390850264328,0.02440324299880487,0.036332999558555935,0.01667797194138484,0.04533415161988436,0.030744963769286263,0.02472086738374409,0.03839486632858512,0.014976797269506984,0.037931888411555065,0.022664384077866424,0.05396384465475845,0.08766971370737642,0.2694316138548833
3126115510,0.17216006884681584,0.07272662076878944,0.06729776247848536,0.028169822145725762,0.03265203671830178,0.017304934021801492,0.05935169248422261,0.03823866896156052,0.029596959265633962,0.05207257601835915,0.017154331612162937,0.03498995983935743,0.025294033275960987,0.06444348823866897,0.07238955823293171,0.21615748709122204
3127265065,0.15548623063683306,0.08719162363740676,0.050817555938037856,0.02540160642570281,0.02776821572002295,0.017276247848537006,0.05348537005163511,0.03324010327022375,0.029152323580034424,0.06859581181870339,0.015691336775674126,0.033154044750430295,0.024569707401032703,0.06891135972461274,0.0711560527825588,0.23810240963855425
3160445133,0.17769650028686176,0.0761617900172117,0.04061962134251291,0.03374928284566839,0.03810240963855422,0.018531267928858286,0.04528829604130809,0.04132243258749283,0.04224756167527252,0.046722604704532406,0.01805077452667814,0.03838927137119908,0.03334050487664945,0.04140849110728629,0.07480636833046472,0.23356282271944925
3160486773,0.18582903040734366,0.08602983362019505,0.057035283993115325,0.0326592082616179,0.02426850258175559,0.014156626506024096,0.05153471026965002,0.03569994262765347,0.035226620768789435,0.051556224899598393,0.013704819277108432,0.02525817555938038,0.03164802065404475,0.05602409638554217,0.08511904761904761,0.21424985656913367
3160497097,0.1857788296041308,0.07560240963855422,0.05194348823866896,0.02751721170395869,0.025853413654618476,0.020281124497991968,0.03814543889845095,0.035613884107860004,0.038023522662076883,0.03936460126219162,0.020689902467010902,0.02662794033275961,0.02873637406769937,0.05215146299483649,0.06978628800917958,0.2638841078600115
3160589431,0.18166953528399316,0.10075301204819276,0.047647733792312096,0.02581755593803786,0.02142857142857143,0.015691336775674126,0.03908491107286288,0.035829030407343664,0.03379948364888124,0.03853987378083763,0.016300917957544462,0.021944922547332185,0.02502151462994837,0.04982788296041308,0.10080321285140563,0.24584050487664946
3160663901,0.19125788869764773,0.06151032702237521,0.050229489386115884,0.03326878944348824,0.04320137693631669,0.02438324727481354,0.04192484222604705,0.04169535283993115,0.04139414802065405,0.043710556511761325,0.02373063683304647,0.0434021801491681,0.03258032128514056,0.05421686746987952,0.0623995983935743,0.21109437751004012
3161360166,0.18220022948938608,0.06620768789443489,0.050229489386115884,0.03157630522088353,0.039981353987378086,0.021572002294893863,0.04713855421686746,0.040906483075157776,0.039902467010900736,0.04866609294320137,0.021062822719449224,0.041078600114744686,0.03179862306368331,0.051047045324153766,0.06493115318416523,0.22170109007458405
3161412996,0.19335197934595524,0.06005450372920253,0.05412363740676994,0.03240820424555364,0.04312248995983936,0.025638267355134824,0.04300057372346529,0.0418746414228342,0.04124354561101549,0.04345238095238095,0.025846242111302355,0.04321572002294894,0.031440045897877224,0.056389845094664375,0.059057659208261615,0.20578026391279405
3161449482,0.16608577165806082,0.05395869191049914,0.06995840504876649,0.02626219162363741,0.04474325874928285,0.02048192771084337,0.0620697074010327,0.03540590935169249,0.03351262191623637,0.056339644291451524,0.0198938611589214,0.043581468732071145,0.026427137119908205,0.0683017785427424,0.05602409638554217,0.21695352839931156
3579356292,0.15679997476818264,0.06683277613070081,0.05410647826909733,0.0260255682415526,0.04322525704913897,0.01868205807523287,0.05696082760360815,0.03729577997855296,0.030730250846317208,0.050495174414937234,0.01900271242036208,0.04643180050043105,0.02848567043041275,0.06608107823966021,0.0729620050884165,0.22588258794339666
3599903709,0.17949906133409374,0.12480691998764287,0.04384401511370928,0.029668971744968037,0.03208098666856776,0.015826620089826764,0.03772486395285282,0.032330505453767734,0.025260806539768543,0.04494902687673772,0.012559112188398565,0.033815736318053284,0.02160119769016896,0.048145243696680204,0.08401653953090467,0.23387039281385896
3599904015,0.1701792926692525,0.10728955708875387,0.04662524742846028,0.025681071865810826,0.0358985800752869,0.014845707616791954,0.049628714287348816,0.027809242668680415,0.021041430679984898,0.04652227142186981,0.012746141260197486,0.035366537374569504,0.021396125813796497,0.0539251021178732,0.09488666918385792,0.2361583084474651
3599904413,0.17032128514056225,0.0787205966724039,0.048347676419965575,0.02604130808950086,0.05055651176133104,0.0180780263912794,0.05288009179575445,0.028204245553643145,0.022581755593803786,0.04841078600114745,0.014956970740103269,0.05030981067125646,0.024784853700516352,0.05486517498565691,0.07988525530694204,0.2310556511761331
3600714270,0.15253157645688495,0.09252114196969144,0.03954791977577986,0.026850604836263482,0.03810407794319271,0.016367585144202185,0.044431502444824605,0.03511326271854791,0.025958820174959655,0.0491634210558245,0.013006709617927905,0.04225360657130031,0.02174255936131232,0.058505927031388384,0.08067921231754815,0.26322207258035163
3600714776,0.15975903614457831,0.09164084911072863,0.0574641422834194,0.0266035570854848,0.03526678141135973,0.01336201950659782,0.06371199082042456,0.02530120481927711,0.017687894434882386,0.05938611589213999,0.010556511761331041,0.03768215720022949,0.02353413654618474,0.06868043602983362,0.08792885829030406,0.22143430866322436
3600715214,0.13878405187013113,0.1025608457928098,0.04479968065031209,0.027060047418590024,0.03767479556781343,0.01297962936081676,0.05306164416702956,0.031191029176948763,0.016911017564232834,0.052329801132239805,0.010197416170706923,0.038424783471234326,0.016402961242560604,0.062484879276140715,0.07271858518410995,0.2824188319543233
3600715880,0.12164670767662795,0.10614664094444244,0.04319999029350029,0.025831422366201968,0.03462793773280432,0.0127822468120215,0.05330081655928851,0.03049660879166212,0.015330202987175287,0.05528458243851538,0.00855385287373057,0.03656923767577865,0.01723510355621883,0.06715077833994589,0.0710455113505381,0.30079835960154816
4500230381,0.17644842102996436,0.09421062265146377,0.049554787514669935,0.025889079104622244,0.035681600396222965,0.016058873563960938,0.044994993378339086,0.03242998804870958,0.02561452243289512,0.043110780925309816,0.01450305242417391,0.03740430892470688,0.02211527073441218,0.05577807207381806,0.08360519827298468,0.2426004285237465
4500254889,0.16260753469642647,0.09452824703640297,0.045495655544429726,0.024683183134683505,0.03276914629025485,0.014363082356234591,0.04640007752188378,0.027638704953863717,0.021291600719230808,0.04736371760500447,0.012058959699387363,0.035051735090496035,0.021587691247563986,0.05845365375711964,0.08221088105774302,0.2734961292892751
4500261541,0.16532618409294011,0.07737653024968505,0.060725475629057786,0.024074851685562625,0.04827890651076154,0.0167479569753545,0.053080956533910435,0.027880960840681764,0.02631437277259171,0.05048612681288155,0.01596197120923372,0.04893568913724604,0.02357418951947199,0.06965664265641655,0.0767735822647157,0.2148056031094889
4500267985,0.16819018702154462,0.07791487666483629,0.061527611787633114,0.02595368067444039,0.03498175005652637,0.0162634452017184,0.05760844988533221,0.031170257437255725,0.02636282394995532,0.06272812429342033,0.014293097322264931,0.03801264037382776,0.02453782960259268,0.07414106829462623,0.07508855798529236,0.2112255994487333
4500270931,0.16815788623663555,0.0804289544235925,0.06522066819557049,0.025506853149864873,0.04216329123464368,0.0160427231715064,0.06318571874629887,0.02777867502180303,0.02401025011574448,0.059293474164755534,0.014809909880810103,0.042497066012037434,0.02233060930047267,0.06870376950159889,0.08715290114883124,0.1927172496958343
4500281027,0.16113784898306366,0.0973114980027348,0.04972167490336682,0.02682580186698537,0.030335820493771325,0.015714331858264156,0.04776209395221637,0.03146634796558889,0.02419328789689589,0.059390376519482764,0.012818028144750585,0.03438418553570852,0.02270206832692701,0.06622737599190327,0.07680588304962477,0.24320337650871585
4500284439,0.1617892481453966,0.11616438946133058,0.051578970035638536,0.02746105063686381,0.024101769006320186,0.01334560763159878,0.052935603001819605,0.028096299406742246,0.019267418198262217,0.06956512376584084,0.00906575363114657,0.030072030750347232,0.02006955435683754,0.06790163334302356,0.08168868503504635,0.2268968635937853
4500879888,0.15027940178946347,0.05464754460200049,0.05763536720608978,0.030847249588164993,0.040397514992947664,0.022303691979715108,0.0572046900739688,0.044553549317915095,0.03337209427522422,0.04849424507682203,0.023364234417563013,0.045937099604853725,0.02896303713513572,0.06433239661057097,0.06524758551632805,0.2324202978132369
4500883066,0.1616062103642452,0.08219473066528851,0.051552052714880975,0.026481260161288583,0.034120395792284416,0.018712921390656456,0.053188625816940685,0.03497636659237486,0.028209352153924006,0.05677401294184783,0.016419565662112254,0.038545603324827454,0.024629348493168383,0.06242665030093565,0.0802189993216835,0.22994390430354125
4500886454,0.1698482939802104,0.11179301657030266,0.045953249997308265,0.02705190736134888,0.030325053565468305,0.013824735941083369,0.0490971930617914,0.02965212054652928,0.02223370694574545,0.054087664330243215,0.011558297533296728,0.03273146204119426,0.02184609752683657,0.05571347050399991,0.08340601009937874,0.24087771999526256
4500892932,0.1633289188927291,0.07270368336617246,0.05499746977184879,0.02984592525598372,0.03395350840358754,0.020021103179473927,0.04974320875997287,0.03890629542297878,0.03312445492425466,0.05223036919797151,0.018605252107626216,0.037345090819040236,0.027444900244409272,0.0673902042486299,0.08150564725389492,0.21885396815142608
4500899156,0.1575524618581565,0.09650397838000796,0.04987779536376067,0.027848660055772686,0.03240845419210354,0.012995682461750488,0.053845408443425176,0.029921293754104888,0.01883674106614124,0.05395307772645542,0.010524672416206379,0.03616611216985906,0.019665794545474118,0.05994487332708851,0.07985830722353218,0.2600966870161612
4500909144,0.16216609063600246,0.1041431140110038,0.04721836407291364,0.025544537398925458,0.03192394241846744,0.013302539918386685,0.05176739128094146,0.02734261442553054,0.01903592923974719,0.053425498239607225,0.010933815691721308,0.035116336660314176,0.02096320940598857,0.06135534093478472,0.0882726616923458,0.2474886139733196
4500912784,0.17718595561872152,0.10749701217739592,0.04986702843545765,0.027132659323621564,0.034906381558405204,0.015412857865779473,0.046728468835126026,0.029242977271014357,0.024300957179926138,0.05631103502481776,0.013167953314598878,0.03750121127943409,0.02235752662123023,0.05606339567384821,0.08438041711080246,0.2179441627098205
4500925666,0.167910246885666,0.09072213788128383,0.05288176836030449,0.026142101919743317,0.031315610969346555,0.014976797269506984,0.05151975192997191,0.03437341860740549,0.025070792553592385,0.04891953874479149,0.013813969012780343,0.03558469804149574,0.022099120341957643,0.057452329424938366,0.08445578560892361,0.24276193244829186
4514773719,0.1689294944126961,0.06001043448719349,0.08243244882854682,0.025977019861925042,0.04139822128392725,0.02223395090937769,0.06157560756621652,0.03521032771569663,0.030223613487181358,0.05465365995704874,0.020868974386973882,0.04104636066926316,0.024120651791455845,0.07552263434402262,0.06411749717904852,0.19167910311942635
4515411642,0.17124692121962168,0.062000266928742165,0.07316274160084446,0.028573508535653182,0.04195634501753237,0.021172302503063616,0.06166660600104345,0.03514966209247868,0.03229837780123515,0.05402273747558209,0.019328067557238017,0.042732864994722085,0.025710091119766076,0.07184023101469321,0.06662298741794974,0.192516288719834
4635284819,0.14996177740452427,0.09282707236452514,0.04324536752909763,0.02241674472689686,0.03217696523358851,0.013361758024053318,0.050243870926063514,0.029452932372923325,0.020936292085231,0.041027380298674594,0.01283956200135663,0.03525630672825349,0.022669767542017938,0.05863669153827104,0.09765603970843155,0.2772914715160912
4635286539,0.17962466487935658,0.09674623426682602,0.04906489227688233,0.030281985852256207,0.03614457831325301,0.018589101715171683,0.04528570044252075,0.034572606781011435,0.02808014901428772,0.047605973491822516,0.015908136567718594,0.03861020489464561,0.02235752662123023,0.05469061231521259,0.07630522088353416,0.22613241168427056
4635289199,0.14494438881531488,0.09538960130064494,0.03672060897746482,0.02587292871216771,0.027880960840681764,0.015122150801597813,0.038577904109736535,0.030443489776801575,0.023283482455290327,0.04496269259343002,0.011687500672933018,0.03146634796558889,0.020920141692776468,0.05246185815648654,0.06633504527493353,0.3339308978541512
4635291903,0.1782249641999634,0.11708496183123915,0.04514034691042992,0.0286023450369844,0.03416884696964803,0.0174962584924147,0.03835179861537302,0.03124024247122538,0.024462461104471502,0.04647544602000495,0.015224436620476544,0.03750121127943409,0.0215069392852913,0.05427070211139464,0.08340062663522724,0.2268484124164217
4635292975,0.15789162009970176,0.07886774981965396,0.052962520322577165,0.025802943678198048,0.04441357924997578,0.02062943462859481,0.04674461922758057,0.03325365806389095,0.0291299245238326,0.047412168782368085,0.018212259224565826,0.045780979144459874,0.022691301398623985,0.06596896971263068,0.0754115658343831,0.2348267062889628
4635293649,0.14508974234740574,0.09317699753437342,0.044725820170763486,0.022976624998654133,0.030125865391862364,0.013657848552386487,0.050932954337457065,0.025539153934773948,0.020327960636110125,0.06168911571217847,0.010917665299266771,0.032392303799649,0.0215500069985034,0.07173465981890025,0.08938703877170881,0.2657762416960065
4635890000,0.15180830560849295,0.0777910569893515,0.04606091928033852,0.02649202708959161,0.04137730546852288,0.0171894010357785,0.05749001367399895,0.03319982342237583,0.027891727768984787,0.05509437212657601,0.015095233480840253,0.04420900761221831,0.0255176200781679,0.06035940006675496,0.08784736802437634,0.2325764182736307
4635892272,0.16242988037942654,0.10147291579185376,0.05374850608869795,0.03290911635819417,0.03442725324892062,0.015768166499779274,0.057748419953271526,0.03369510212431495,0.018680620605747385,0.054238401326485566,0.011531380212539164,0.03796957266061565,0.019299718983171288,0.056973201115453766,0.0752231445890802,0.23388460006244816
4635892626,0.18367841338544527,0.10848218611712264,0.045296467370823774,0.03127254325613446,0.03621456334722267,0.01764699548865704,0.04216867469879518,0.03482024613198101,0.02735338135383357,0.04678230347664114,0.015202902763870497,0.039374656804160336,0.022879722643926917,0.04875803482024613,0.0776134026723516,0.22245550566878772
4635894400,0.17314835750508736,0.0962509555648869,0.04882263639006428,0.028182434833166445,0.039659980404190484,0.018023837979262897,0.043961368261248746,0.03424959893192072,0.027880960840681764,0.04943635130333667,0.016484167231930403,0.04062900395146269,0.022583632115593742,0.05698935150790831,0.07285442036241481,0.23084294281684375
4635895062,0.185325753415808,0.12621531703220387,0.04720221368045909,0.030405805527740994,0.031207941686316312,0.018621402500080757,0.041118899189250296,0.032796063611012415,0.026836568795288392,0.05395307772645542,0.01402392411468932,0.034890231165950664,0.021054728296564275,0.05544968076057582,0.07093790712447645,0.20996048537312786
4635896462,0.16334506928518366,0.06413320843696502,0.06580746578808533,0.028596961572832886,0.03516478783767779,0.023283482455290327,0.05118597715257814,0.04413363911409714,0.03963306308343293,0.04803126715979198,0.024936205949804585,0.03722127114355545,0.026992689255682246,0.06936055212808337,0.06868223564499285,0.20949212399194636
