12281305945,0.13968474433928746,0.06876298760726553,0.03509480280370812,0.0254314846517437,0.027767908093500004,0.01468070674117381,0.03625763106043477,0.03129946057689202,0.028247036402984593,0.036973631792585886,0.01399700679393176,0.029533684335196007,0.0231811966364116,0.04364912734046104,0.07413568483047471,0.37130290599394894
12281316245,0.1727715150144815,0.06806313726756894,0.04643237830679286,0.030884933837225573,0.03286066518083056,0.01936970401714095,0.04331535256306728,0.040763590555250494,0.03297371792801232,0.03805570808703985,0.019353553624686413,0.034642591814981104,0.027008839648136784,0.04802050023148896,0.07394726358517177,0.27153654833812463
12281415823,0.160195742756549,0.07715580821947307,0.03566006653961691,0.02775714116519698,0.025549920863076968,0.016484167231930403,0.03146634796558889,0.033544365128072615,0.032187732161891525,0.034039643830011734,0.0148529775940222,0.026465109768834046,0.025453018508349752,0.041129666117553317,0.0882295939791337,0.3298286981706989
12281473513,0.15599664071836947,0.08218934720113699,0.03801802383797926,0.028284720652045174,0.028753082033226737,0.015036015375173616,0.04010142446461449,0.03290373289404266,0.029582135512559626,0.040090657536311455,0.013458660378780535,0.031229475542922363,0.026212086953712976,0.046599265695489736,0.08663608859028607,0.3049086426133488
12281698394,0.15001022858188787,0.08643151695252861,0.055255876051121366,0.025991364923500973,0.035159404373526285,0.010901514906812236,0.06617892481453964,0.02682580186698537,0.019891900039837637,0.05760844988533221,0.009631017367055352,0.034787945347071934,0.02201836837968496,0.07891081753286605,0.08433196593343886,0.23606490304381064
12281705194,0.15121612455182662,0.06832154354684153,0.03730740656997965,0.02380567847798701,0.02107626215317032,0.016538001873445524,0.027197260893439712,0.029775940222014064,0.027304930176469955,0.027864810448227226,0.01531057204690074,0.023439602915684185,0.020990126726746126,0.0400583567514024,0.06686800822593321,0.40292537441993176
12281712244,0.15981351680179162,0.08366979984280284,0.03599922478116218,0.027278012855712398,0.024451694176168482,0.01535902322426435,0.03479871227537496,0.031315610969346555,0.028930736350226645,0.0360476759585258,0.013108735208932245,0.026055966493319118,0.024365558749744286,0.04157111017797732,0.08923091831131497,0.3280037038233363
12281761964,0.19080073645789591,0.11949137030696512,0.031127189724043627,0.030395038599437967,0.021727661315503296,0.014836827201567662,0.031536332999558554,0.03400734304510266,0.031024903905164894,0.034303433573435835,0.012360433691872045,0.02376799422892643,0.025043875232834825,0.04004758982309937,0.09958331987467296,0.2599459500199188
12281863776,0.16865854840272618,0.09516887927043292,0.032941417143103245,0.026922704221712588,0.01849758282459597,0.013485577699538098,0.02945831583707484,0.031024903905164894,0.026508177482046147,0.028666946606802544,0.012435802189993215,0.019698095330383195,0.023202730493017645,0.040079890608008435,0.09825360422924943,0.33499682375615053
12281878306,0.16854011219139292,0.06336337306329877,0.052101166058335216,0.027143426251924587,0.03140174639577075,0.017894634839626604,0.03995607093252366,0.034432636713072125,0.029619819761620206,0.03948232608719058,0.01800768758680836,0.032613025829861,0.02469395006298653,0.05616568149272694,0.07016807175081022,0.29441627098205153
12288746955,0.17708905326399432,0.09274093693810093,0.0410758314760382,0.03235461955058841,0.02979747407862011,0.014260796537355857,0.044994993378339086,0.03627916491704082,0.030987219656104313,0.04321306674418855,0.011913606167296531,0.03197777705998256,0.02735338135383357,0.050017765431699994,0.08328219042389395,0.2526621230229228
12288757945,0.1658914478288489,0.08595777210719553,0.04064515434391722,0.02736414828213659,0.027294163248166928,0.01402930757884083,0.03942310798152395,0.032036995165649194,0.028387006470923914,0.04006374021555391,0.013302539918386685,0.028290104116196688,0.023299632847744868,0.050399991386457364,0.07793641052144233,0.3056784779870151
12288777555,0.11360186052521075,0.06774551288262971,0.034712576848950766,0.022551331330684668,0.018572951322717145,0.009437212657600913,0.046992258578550127,0.02639512473486439,0.019396621337898514,0.042497066012037434,0.0092111071632374,0.019821915005867972,0.01885827492274729,0.06684647436932717,0.06803083648265987,0.4153288758250159
12288788105,0.16375421256069855,0.08579626818265018,0.04396675172540026,0.023601106840229546,0.034787945347071934,0.01650031762438494,0.041129666117553317,0.03077726455419533,0.02639512473486439,0.03968151426079654,0.015353639760112838,0.037226654607706966,0.022664384077866424,0.052693347115001565,0.0860331406053167,0.2796386618861505
12289151284,0.16015267504333688,0.06868223564499285,0.04200717077424981,0.02685271918774293,0.033135221852557684,0.017167867179172458,0.04054825198919,0.033135221852557684,0.029393714267256694,0.042233276268613326,0.01657568612250611,0.035638532683010864,0.026012898780107024,0.048558846646640175,0.07171312596229422,0.3081925557457713
169892499,0.17832186655469062,0.1049883178827912,0.049479419016548766,0.02977055675786255,0.027094975074560976,0.0172324687489906,0.04374602969518826,0.03276376282610334,0.026502794017894637,0.0507283826996996,0.014842210665719176,0.0297490229012565,0.02320811395716916,0.056951667258847725,0.08323373924653035,0.2313866726961465
169892598,0.1889542082539272,0.08034820246131982,0.054475273749152106,0.03081494880325592,0.03423344853946617,0.02050023148895852,0.04640007752188378,0.03534782561882921,0.031724754244861486,0.049829344186397055,0.018901342635959387,0.037845752985130876,0.027740990772742443,0.05866360885902861,0.07465788085317139,0.209562109025916
169892994,0.1660206509684852,0.06550599179560064,0.0574684798173929,0.03187549124110382,0.03774346716625214,0.01896594420577753,0.05718853968151425,0.03919700248716044,0.031154107044801187,0.054394521786879424,0.017916168696232655,0.04124810232888659,0.029108390667226543,0.06415474229357107,0.06929056709411371,0.2187678327250019
169893105,0.1951936432055299,0.08913939942073924,0.05541199651151523,0.03125100939952841,0.030928001550437675,0.02135620228904896,0.04439742885752124,0.037194353822797885,0.03259149197325495,0.042416314049764745,0.019105914273716853,0.03288219903743661,0.024747784704501653,0.05471752963597015,0.08225933223510663,0.20640739903312985
169893197,0.13214789452717035,0.06158682989329975,0.05641870430784801,0.02716496010853064,0.03632223263025292,0.01601580585074884,0.07357042109456594,0.03689826329446472,0.030551159059831818,0.06632427834663049,0.01667797194138484,0.04014449217782659,0.028290104116196688,0.07291902193223296,0.07904540413665385,0.2259224565823616
169893485,0.18261787094759732,0.07855550889886624,0.060725475629057786,0.03086339998061953,0.03762503095491887,0.020225674817231396,0.04974320875997287,0.03435726821495096,0.0323061683732248,0.04860191435985228,0.01869138753405041,0.037899587626646,0.024914672093198528,0.05809834512311982,0.07796871130635141,0.20680577538034176
169893635,0.15621736274858145,0.10442843761103393,0.0565909751606964,0.026599696372621856,0.016855626258384746,0.013717066658053124,0.05445373989254606,0.030120481927710843,0.02328886591944184,0.0620067400971177,0.0104008527407216,0.0217707290287154,0.020796322017291688,0.07824326797807854,0.08928475295283007,0.23522508263617475
169893849,0.18403372201944507,0.08545172647695337,0.05125057872239629,0.029092240274772006,0.03364126748279983,0.018459898575535386,0.04817123722773129,0.03520785555088988,0.03132637789764958,0.04901644109951872,0.0170117467187786,0.03643528537743467,0.02802631437277259,0.0574254121041808,0.08289458100498509,0.2125553150941568
169893920,0.17785350517350906,0.09191726692291954,0.04640546098603529,0.028284720652045174,0.030303519708862255,0.018104589941535576,0.042254810125219366,0.03387275644131486,0.02972748904465045,0.046281641310550514,0.01598888852999128,0.03360896669789076,0.025173078372471118,0.05324784392260732,0.08360519827298468,0.2433702638974127
169893971,0.18749528946886745,0.08272769361628819,0.04999623157509394,0.03199931091658861,0.03465874220743564,0.020414096062534318,0.04520494848024807,0.03785113644928238,0.035024817769738474,0.04655081451812612,0.01874522217556553,0.03762503095491887,0.02932372923328704,0.055175124088848684,0.07842630575922993,0.2087815067239467
169894219,0.189508705061533,0.07930381041592643,0.05509437212657601,0.030163549640922938,0.03701131604164648,0.021140863722988467,0.04498422645003607,0.0375927301700098,0.03412577925643593,0.049560170978821455,0.018669853677444358,0.03886322770976668,0.026411275127318928,0.0609946488366334,0.07311282664168739,0.20346264414225265
169894272,0.18614403996683787,0.09364535891555496,0.05108369133369941,0.030718046448528692,0.028919969421923618,0.017076348288596745,0.04602861849542944,0.033700485588466465,0.028731548176620693,0.04729911603518632,0.01452996974493147,0.03151479914295251,0.0248123862743198,0.055498131937939434,0.08330910774465153,0.22698838248436104
169894508,0.19844525555304326,0.11289662672136265,0.04249168254788591,0.027563336455742545,0.02006955435683754,0.015983505065839766,0.03672060897746482,0.031342528290104116,0.02776252462934849,0.03901396470600902,0.013566329661810782,0.022788203753351208,0.023778761157229454,0.050976022050669166,0.10475144546012467,0.23184965061317656
169894832,0.15501685024279424,0.06957050722999236,0.04530185083497529,0.02911915759552957,0.03785113644928238,0.01942353865865607,0.049113343454245936,0.03915393477394834,0.028866134780408493,0.044074421008430495,0.018820590673686702,0.043121547853612836,0.028037081301075614,0.053780806873607034,0.0803428189971683,0.2584062792725863
169894963,0.19039697664653246,0.08173713621240995,0.055180507553000205,0.028591578108681376,0.037641181347373404,0.019299718983171288,0.045780979144459874,0.03401810997340569,0.03139636293161924,0.04734756721254992,0.017517792349020747,0.03822797893988824,0.026099034206531216,0.056580208232393375,0.07781797431010908,0.21236689384885385
176086917,0.15459155657482476,0.053592385628304096,0.03925083712867556,0.02741798292365171,0.038222595475736726,0.02082862280220076,0.032936033678951725,0.03709206800391916,0.032586108509103436,0.04087125983828074,0.017372438816929917,0.04314308171021889,0.023601106840229546,0.04560870829161148,0.04206638887991645,0.3508188248974449
176086987,0.12107410876750972,0.04212022352143157,0.05273103136406215,0.02355265566286594,0.048284289974913054,0.01870215446235344,0.07260139754729372,0.037867286841736916,0.029097623738923526,0.07194999838496076,0.015504376756355182,0.05270411404330458,0.023929498153471798,0.08068197723871356,0.050615329952517836,0.2585839335895862
176087097,0.15592127222024826,0.1127351227968173,0.04289005889509782,0.02480161934601677,0.025985981459349463,0.016268828665869914,0.04492500834436944,0.031897025097709884,0.022836654930714816,0.036795977475585995,0.013910871367507564,0.028440841112439032,0.018718304854807973,0.04715376250309549,0.11882920421632913,0.2578894667140412
176087209,0.184012188162839,0.06484382570496464,0.050846818911032876,0.029496000086135427,0.03818491122667614,0.019461222907716656,0.04440819578582426,0.03871787417767585,0.03638145073591955,0.04639469405773228,0.018476048967989926,0.040715139377886886,0.029205293021953762,0.06260968808208706,0.06572133036166113,0.23052531843190455
176087321,0.16468016839475866,0.08187172281619777,0.054733680028424686,0.02685810265189444,0.034211914682860126,0.018572951322717145,0.051105225190305456,0.03858867103803956,0.030793414946649875,0.04619550588412632,0.019294335519019774,0.038314114366312435,0.026545861731106728,0.05926117337984646,0.08876255693013341,0.22021060111760715
176087446,0.18281026842934045,0.0875294491034045,0.046587566069750126,0.028521380354243724,0.036468060692618494,0.017901392805263608,0.04645329036510785,0.03544878602556121,0.03422199436042041,0.04963928662980188,0.017236117723172326,0.038457782497772236,0.028503070030883405,0.05552910731070177,0.08188986950842886,0.21280257809352912
176087515,0.12099335680523705,0.0561010799229088,0.04238401326485567,0.02700345618398527,0.04449433121224846,0.016279595594172937,0.06151146139517856,0.04069360552128083,0.025103093338501456,0.05212269991494126,0.01405084143544688,0.04497884298588456,0.020715570055019,0.06578054846732777,0.06462848713890414,0.30315901676410734
176087622,0.13103890091195886,0.051471300752608286,0.0684938143996899,0.02705190736134888,0.03572466810943506,0.022303691979715108,0.06480075799175253,0.041000462977917033,0.03025506853149865,0.051164443295972084,0.019310485911474315,0.0379911065172217,0.0214638715720792,0.09327928335325217,0.06636734605984257,0.2382828902742337
176087779,0.15854840272618625,0.07564843825704964,0.04339610452533997,0.031407129859922264,0.02968980479558986,0.02058636691538271,0.03862635528710014,0.03845946789840327,0.03344746277334539,0.04803665062394349,0.017905401767929627,0.03387275644131486,0.02881768360304489,0.06586668389375196,0.07252064558502105,0.26317064504667464
176087870,0.15545291083906673,0.08335217545786361,0.04337995413288543,0.0321285140562249,0.03025506853149865,0.018960560741626026,0.044736587099066506,0.041668012532704544,0.02831163797280274,0.03964383001173595,0.016473400303627383,0.03524553979995047,0.025113860266804483,0.05246724162063805,0.08122032365386479,0.2715903829796397
176088060,0.1959473281867416,0.09819976958773433,0.040284462245765915,0.03425498239607223,0.030055880357892695,0.021539240070200368,0.034787945347071934,0.03945002530228151,0.035756968894344134,0.043019262034734114,0.018502966288747483,0.03341516198843632,0.029081473346468982,0.046114753921853636,0.0856293807939533,0.21396039923770147
176088141,0.15798313899027747,0.07378037619647491,0.06365408012748043,0.03213389752037641,0.03553086339998062,0.018088439549081042,0.06069855830830024,0.04034368035143254,0.02517846183662263,0.051584353499790035,0.01550976022050669,0.037878053770039936,0.02178687942116993,0.06354641084445019,0.06852611518459899,0.23377693077941794
176088331,0.19337941578647028,0.0840466423334087,0.04313231478191587,0.03445955403382968,0.03273684550534578,0.021054728296564275,0.03680136093973751,0.04381063126500641,0.041237335400583566,0.03689287983031321,0.02117316450789754,0.034174230433799545,0.03259687543740646,0.0443382107518546,0.08478417692216587,0.2153816337737007
176088507,0.18947640427662396,0.07746266567610927,0.04902720802782174,0.03434650128664792,0.03576235235849565,0.02678273415377327,0.0360476759585258,0.045947866533156766,0.044628917816036257,0.042707021113946406,0.023493437557199303,0.038432550577645705,0.031229475542922363,0.05767843491930188,0.06933901827147733,0.19763773593031644
176088623,0.1761092627884191,0.12197314728081225,0.035353209082980716,0.03237076994304295,0.020834006266352272,0.016489550696081916,0.03278529668270939,0.03479332881122345,0.02831163797280274,0.049145644239155004,0.011246056612509015,0.02461858156486536,0.024311724108229158,0.05609569645875728,0.08790120266589145,0.24766088482616794
2165733023,0.14326121691065336,0.08838939989348073,0.03247398194930259,0.02146219285745131,0.02748628924299348,0.01288307351268875,0.03736091318679737,0.026982481898921853,0.021167105698780785,0.03518734435951692,0.011688330382461748,0.02911286723956759,0.020353816700493733,0.04866778943731917,0.09101639533042563,0.352506801399145
2165736745,0.17719672254702454,0.07151393778868827,0.05871206003639221,0.02929142844837796,0.040332913423129516,0.019800381149261928,0.04975397568827589,0.037398925460555364,0.03448108789043574,0.048461944291912966,0.01906823002465626,0.04105968108358366,0.027617171097257663,0.06327185417272306,0.07257986369068767,0.20945982320703727
2165740695,0.15234126855949265,0.06948437180356816,0.050712232307245066,0.026201320025409952,0.030357354350377376,0.017733130915081236,0.045587174435005436,0.03487408077349613,0.028101682870893763,0.04901105763536721,0.01557974525447635,0.03297910139216384,0.023493437557199303,0.06167296531972394,0.06978046233190133,0.29209061446859824
2165746891,0.17326679371642065,0.07710197357795795,0.06969971036962865,0.02531304844041044,0.040203710283493226,0.018276860794383967,0.0564133208436965,0.03293065021480022,0.02790249469728781,0.04881725292591277,0.018416830862323288,0.041431140110038005,0.02333193363265394,0.06576439807487322,0.07438870764559577,0.2067411738105236
2165879901,0.1224684259827514,0.10463839271294292,0.0495386371222154,0.02240597779859384,0.026841952259439902,0.009975559072752134,0.07140626850565801,0.025937530281985848,0.014567653993992053,0.06867685218084132,0.008026745049904712,0.031213325150467826,0.020667118877655398,0.08512871862786266,0.07971833715559287,0.2587885052273437
2166529822,0.1560867124411625,0.07904017503706583,0.0565199867570641,0.028839371824214418,0.031236055332440883,0.015243770782052943,0.05803860603705144,0.03597184436671417,0.03002691770666897,0.058671963841027186,0.014207367102819881,0.03488505995307394,0.026867325934562626,0.06830188136056772,0.07843560622417987,0.22762735529933356
2166530664,0.15861294640929308,0.07778785392465921,0.057174936304357216,0.028033280073699814,0.03218609203840452,0.015819550603849087,0.05754199594075225,0.036705963639504256,0.03066747275841718,0.057549193188524715,0.01494868362338242,0.035957449871169264,0.02729196355313728,0.06840984007715449,0.07672266125433634,0.22459011673935889
2166535100,0.17816574609429675,0.08494568084671124,0.04377833048009733,0.030551159059831818,0.026572779051864292,0.01742627345844504,0.04145267396664406,0.03830873090216092,0.032887582501588124,0.036817511332192035,0.016494934160233427,0.02883921745965094,0.02884460092380245,0.0505937960959118,0.08985540015289038,0.25446558351367937
2166538070,0.16539078566275828,0.0979252129160072,0.04592633267655071,0.028413923791681475,0.03126715979198295,0.01542900825823401,0.049834727650548576,0.0341096288639814,0.02858081118037835,0.04607706967279305,0.014223112288295273,0.03443802017722364,0.025657590146107214,0.05368928798303132,0.10370705341473133,0.2253302755256953
2166540244,0.17821419727166038,0.056730945228635726,0.07572380675517083,0.028413923791681475,0.04400443597446085,0.022443662047654425,0.056537140519181274,0.03910548359658472,0.03456183985270842,0.05009851739397268,0.022885106108078427,0.04339610452533997,0.02594291374613736,0.06559751068617634,0.06013329457239144,0.19621111793016568
2166542014,0.1770459855507822,0.0810480528010164,0.056644809802211524,0.02718111050098517,0.03162785189013426,0.01931586937562583,0.048978756850458126,0.03573005157358657,0.03234923608643691,0.05246724162063805,0.018922876492565438,0.0359615405321016,0.02752565220668196,0.06683570744102416,0.07838323804601785,0.20998201922973395
2166638306,0.1115507606834846,0.06148992753857253,0.02298739192695716,0.021544623534351885,0.023703392659108282,0.013011832854205024,0.03310292106764861,0.029582135512559626,0.022179872304230325,0.028521593074711717,0.01175748570690268,0.025302281512107408,0.02398871625913843,0.053829258050970635,0.09402220140616084,0.4234256059088903
2166640208,0.16487397310421306,0.05091142048085102,0.05339319745469815,0.03227925105246724,0.047605973491822516,0.025097709874349942,0.051471300752608286,0.04847271122021599,0.04343917223855207,0.0494040505184276,0.02325656513453277,0.05181584245830506,0.03178397235052812,0.05894354899490725,0.05582113978703016,0.21143017108649076
2166654104,0.1339459715537754,0.0763429051325947,0.02958751897671114,0.026093650742379702,0.01766852934526309,0.013286389525932148,0.03791035455494902,0.03411501232813291,0.025070792553592385,0.0283816230067724,0.01173595185029663,0.019918817360595198,0.02284742185901784,0.0433207360272188,0.10182284096170204,0.37795148422106656
2166655500,0.1352110856293808,0.09486740527794824,0.027089591610409462,0.02624438773862205,0.01728091992635421,0.012311982514508437,0.033452846237496905,0.03416346350549652,0.020327960636110125,0.029006104848347813,0.010196281102964135,0.01955812526244388,0.01934278669638339,0.04079589134015957,0.09069522056052627,0.3894559471128482
2197756325,0.15419856369176438,0.06990966547153761,0.053371663598092096,0.026222853882016,0.04366527773291558,0.017507025420717724,0.05828138290427124,0.03365203441110286,0.027326464033076002,0.06385865176523789,0.014594571314749616,0.04756290577861042,0.02374646037232038,0.07189078027929413,0.06316418488969282,0.23104751445460125
2198535282,0.11716033032936035,0.08346522820504537,0.08398742422774207,0.016489550696081916,0.01740473960183899,0.007967526944238077,0.10598425875082096,0.017996920658505337,0.012155862054114579,0.08836956404707301,0.008075196227268322,0.021221615685261156,0.016602603443263673,0.10696943269054772,0.1011875921918236,0.19496215424701488
2198535954,0.15890371136018605,0.07571303982686779,0.06706719639953918,0.026949621542470145,0.03319443995822432,0.014589187850598102,0.07448022653617149,0.03300063524876988,0.026411275127318928,0.071616223607567,0.014713007526082884,0.03580003660755623,0.02573295864422839,0.07028112449799197,0.07322587938886915,0.1983214358775585
2198543144,0.1542954660464916,0.07127706536602173,0.0613015062932696,0.02568989093101629,0.03979995047212981,0.01841144739817177,0.06025173078372471,0.03243537151286109,0.02509232641019844,0.06027326464033076,0.016473400303627383,0.04335303681212786,0.024263272930865557,0.07194461492080924,0.07022190639232534,0.2249157487860288
2201679053,0.15156604972167487,0.09759143813861344,0.03494406580746578,0.028252419867136107,0.03092261808628616,0.015450542114840057,0.042114840057280056,0.032952184071406265,0.02563605628950117,0.040187559891038685,0.013873187118446978,0.03395889186773905,0.025899846032925267,0.05066916459403297,0.09818361919527978,0.2777975171463333
2201687285,0.16188330558004374,0.10791948280928593,0.03914030104156463,0.030120481927710843,0.02670029712345316,0.014652104352368824,0.04379305841251183,0.0328958108858197,0.021810820517843728,0.04485421360237698,0.012333888399124956,0.03105919613413002,0.023247461390276555,0.051408887582851726,0.09798543768570216,0.2601952525549352
2201690867,0.13861430760448276,0.07092709992088052,0.04808761229456479,0.027726867570030747,0.03878857074182015,0.01604923434385923,0.052233873148454166,0.037551703071638166,0.029199090626846537,0.04723131929213112,0.014712215445322438,0.042504181313783806,0.026840529199090628,0.06668068783863634,0.08305040611323097,0.2598023014752276
2202466998,0.1678187279950903,0.09165886064364698,0.05207963220172917,0.02705729082550039,0.034814862667829495,0.016828708937627185,0.054577559568030835,0.03306523681858802,0.02887690170871152,0.06141455904045135,0.014551503601537518,0.039223919807918,0.023870280047805163,0.06521528473141898,0.08248543772947016,0.20646123367464495
2202467548,0.15690106269582352,0.07816789947995736,0.053603152556607116,0.027068057753803415,0.03011509846355933,0.0157789334280823,0.05550351540209094,0.032521506939285294,0.023827212334593062,0.05028155517512409,0.014034691042992344,0.033910440690375444,0.0240640847572596,0.06552214218805516,0.08571551622037747,0.2529851308720135
2202470452,0.1506347104234633,0.10719553818491123,0.039546927657008735,0.030368121278680407,0.028898435565317567,0.014427683926052738,0.0494040505184276,0.03247843922607319,0.023197347028866132,0.05268796365085005,0.011412944001205896,0.03425498239607223,0.024074851685562625,0.052601828224425856,0.10202741259945948,0.2467887636336229
2202481442,0.15741787525436868,0.09355384002497927,0.04368142812537011,0.030744963769286263,0.028370856078469377,0.014761458703446494,0.053710821839637365,0.03373278637337554,0.028731548176620693,0.05686014836827201,0.011709034529539069,0.031897025097709884,0.02697653886322771,0.05918042141757378,0.08613004296004392,0.24254121041807986
2209780543,0.16480893634417912,0.07215087896496164,0.045072505591227184,0.027559339153019263,0.04901642498136258,0.022509198470528825,0.043876103215256236,0.03447322223023832,0.02708438544597552,0.04287809922324026,0.018637423947286146,0.052996416804944324,0.02480581006661376,0.0548060505495034,0.07575812230959766,0.24356708270206576
2209829725,0.15778141467604526,0.08351904728741555,0.041245908489449125,0.03397404647491701,0.03308610163196137,0.016563363279708428,0.04648072057014184,0.035883418065324885,0.02490888409127841,0.050322677995217856,0.012460245606704274,0.03833252083478422,0.0273289690554124,0.059527125844418126,0.0827297629825661,0.2558557931146552
2213925341,0.17839185158866028,0.07313436049829344,0.044919624880217925,0.031213325150467826,0.0361391948491015,0.022659000613714914,0.039600762298523856,0.04265856993658279,0.036079976743434876,0.03370586905261797,0.023095061209987403,0.0382548962606458,0.02955521819180206,0.047159145967247004,0.08043972135189552,0.24299342140680685
2213953177,0.13372498257492782,0.06526381006118136,0.030103886620863617,0.02825074402292365,0.025114231028798388,0.01936119132176087,0.030258776151437707,0.039187051235244005,0.03071238120526182,0.028654563156206087,0.018166329228760773,0.02753714582849304,0.02588314691271975,0.0467047252370363,0.08364587827895603,0.3674311571354288
2219711553,0.16750648707430255,0.08901019628110296,0.047207597144610605,0.03379738794319369,0.02524844687059229,0.01540747440162796,0.05021157014115443,0.03738277506810082,0.03016893310507445,0.05050227720533609,0.014298480786416443,0.029905143361650358,0.02996436146731699,0.056397170451241964,0.08969389622834502,0.2332978024699333
2234610680,0.1636357763493653,0.07912077263477503,0.053005588035789274,0.029242977271014357,0.03226848412416422,0.017577010454687382,0.053829258050970635,0.037328940426585695,0.030895700765528607,0.04979165993733648,0.01662952076402123,0.03654833812461643,0.025619905897046637,0.062421266836784124,0.08163485039353123,0.2304499499337834
2348425577,0.1064741539886086,0.046518513733217054,0.03306523681858802,0.01836299622080817,0.03177858888637661,0.013862420190143956,0.034158080041345004,0.0250331083045318,0.019671178009625638,0.029635970154074744,0.012441185654144728,0.03095491887119524,0.016080407420566985,0.03701131604164648,0.05201503063191102,0.492936895033216
2348426989,0.16909460899899867,0.066329661810782,0.05991257254217944,0.02928604498422645,0.04439742885752124,0.02243827858350291,0.05367313759057679,0.03868018992861527,0.03059422677304392,0.055029770556757854,0.01966041108132261,0.048930305673094525,0.026099034206531216,0.06663651926741822,0.058480571077877186,0.2107572380675517
2349256820,0.08819729319422462,0.08327680695974246,0.04926408045048828,0.01869138753405041,0.021916082560806228,0.008667377283934666,0.07842092229507844,0.026147485383894827,0.0096525512236614,0.058701293108089185,0.005765690106269582,0.02304661003262379,0.011552914069145213,0.09928722934633978,0.07760263574404858,0.3398096407076025
2349257988,0.188636583868988,0.07329586442283881,0.05572423743230294,0.029980511859771526,0.04021986067594776,0.02357418951947199,0.04527493351421773,0.04244323137052231,0.03925083712867556,0.04824122226170096,0.022470579368411986,0.04621165627658085,0.02821473561807552,0.06285732743305662,0.06138764171969379,0.19221658752974366
2349259180,0.17603389429029792,0.08067121031041052,0.05453987531897025,0.030281985852256207,0.03770578291719155,0.020973976334291586,0.045118813053823884,0.03968151426079654,0.032386920335497484,0.041904884955371084,0.020327960636110125,0.03917008516640288,0.02345575330813872,0.053737739160394926,0.08024591664244107,0.2237636874576052
2349262408,0.14784069252882845,0.05293021953766809,0.06238358258772355,0.02531843190456195,0.04699764204270164,0.02094705901353403,0.06026249771202773,0.03536935947543525,0.029194526093650745,0.059498045802513,0.020021103179473927,0.04774056009561033,0.024171754040289845,0.07810868137429072,0.06465002099551019,0.22456582361618052
2349263684,0.13514110059541112,0.0782701852988361,0.05214423377154732,0.03194547627507348,0.025878312176319217,0.012995682461750488,0.06492996113138882,0.039816100864584335,0.026072116885773655,0.046184738955823285,0.011870538454084437,0.027574103384045562,0.025926763353682828,0.0566340428739085,0.08796042077155808,0.2766562227462127
2349265024,0.16387803223618333,0.060450918957330665,0.05105677401294185,0.028650796214348007,0.049576321371275996,0.0229604746061996,0.0445589327820666,0.039886085898554,0.03300063524876988,0.04468275245755138,0.021130096794685443,0.055062071341666935,0.025199995693228682,0.06496764538044941,0.05789915694951388,0.23703931005523435
2350076995,0.16973524123302866,0.10102608826727824,0.04800973330318594,0.032941417143103245,0.024085618613865645,0.01896594420577753,0.04445664696318787,0.03943387490982698,0.02888766863701455,0.039665363868342,0.01708173175274826,0.026933471150015608,0.02413406979122926,0.050943721265760085,0.08996845290007212,0.243730955995564
2366407579,0.19551317050680064,0.09711352964729007,0.04280566374258363,0.03422754461956588,0.030721071597568518,0.019061138815079048,0.03920819228575935,0.03963285164828498,0.03871073417537218,0.04169548283769519,0.01724117011854063,0.03342069183076718,0.02984748662323008,0.04496535992914255,0.08926946456520947,0.2065664470571106
2366418145,0.13556946820514687,0.08056394763343405,0.024660575838095583,0.025352163942780184,0.024241983037891747,0.012248389327703564,0.03514359553015688,0.03220737936640823,0.027536126378626288,0.024848639270071218,0.012327254637886895,0.022913405889418703,0.025958820174959655,0.03612637862628763,0.11345078197988327,0.3668510901612492
2366421011,0.15481260388987975,0.07271381598903166,0.05583057304747692,0.02704473483056092,0.035920115507346605,0.016555648576177823,0.05779613923973841,0.03314162996396462,0.026359213288198114,0.04846576638881811,0.015020808308763756,0.03713342797170555,0.02270714277047768,0.06458462247782673,0.07234982224972396,0.2595639355003094
2366425799,0.16413691017847826,0.058863854208374276,0.06153920819228576,0.02817311542241473,0.04610587364563997,0.018509081643795725,0.06504568121428311,0.03770368482995426,0.03042381004380058,0.052136036593503916,0.019285601620985453,0.05067399507395139,0.028027517926691656,0.0658646671277254,0.06452395685460877,0.20898700542350673
2366427623,0.15518266419150925,0.06288598502772419,0.04973974447639501,0.030096215678423664,0.043345587789223365,0.02083257501304311,0.05155364661061163,0.03965105133525037,0.03080600347007365,0.05129278443077446,0.01838775039735983,0.046991591744622,0.028003251677404483,0.06399616593261262,0.06554313932467028,0.2416918429003021
2366432827,0.18685011951127772,0.11255293075625766,0.028913236025673687,0.034391341802254324,0.026286414540336568,0.015142139555199653,0.03584731675948507,0.03843773887089143,0.03726689234278504,0.03571991895072738,0.013176573362938156,0.02801538480204807,0.030193280675572375,0.03720622671956709,0.09699826496317596,0.24300222036180974
2366435935,0.16047270653611426,0.07706960773608029,0.044103908079447696,0.02543102925296352,0.029107366019971125,0.0181936204030624,0.03790994794889528,0.033305427146653084,0.029010301022822406,0.0381162110678363,0.01670731263422269,0.030551207852558274,0.02525509894563147,0.058135866729758914,0.08461641126439291,0.29201397735958934
2366439529,0.2256882514954076,0.11348111479149225,0.04747691673036557,0.026341013601232727,0.021888156857035396,0.01775682791589318,0.033542023077203074,0.03292323372038001,0.029283296327303168,0.03365728776131717,0.017040973561921403,0.02396292117108919,0.02272534245744306,0.046518399883522,0.10069280141714897,0.2070214392312452
2366447323,0.196004562054866,0.09329159538455939,0.044959293366820766,0.031157864084737745,0.02748759388005193,0.019783059731372617,0.03633264174522865,0.03886239823341705,0.035877649571094045,0.03710916172241838,0.018545481017726496,0.030169014426285206,0.027584658877200647,0.04923621980368605,0.09219354760431454,0.22140525849622053
2366452247,0.19150923937441608,0.0960397481163324,0.04023950788046446,0.027378395758259625,0.02336233150123151,0.017677962605709845,0.032765503100013346,0.036751234545432485,0.032953566531988984,0.033869617442579984,0.016446450454385517,0.02362926024339048,0.025928487363350683,0.0497458110387168,0.09122896419514916,0.26047391984857854
2366464007,0.16800737693978327,0.10609204188354628,0.04136788847231827,0.031891918125674906,0.03061187347577622,0.015087540494303497,0.04608767395867458,0.0363872408061248,0.028822237590846768,0.04722818767517199,0.012751914000412527,0.03457940523422997,0.028355112292068576,0.04895109137456169,0.0973319258908747,0.226446571785632
2367250226,0.17487472548805494,0.07766413084361616,0.04783484390735146,0.0300537497421711,0.03676336767007608,0.020262318154794404,0.042617600310607996,0.04025164100510805,0.03663596986131838,0.043533651221199,0.019036872565791868,0.03863186886518885,0.02696586952037758,0.05276089251264878,0.07739113553913539,0.23472136279256
2367255788,0.16663026729273586,0.07308387629066114,0.04236280469309262,0.02783338793239423,0.028998167898178818,0.018308885087176496,0.03598684769288635,0.03658743736274403,0.034081947123842805,0.035920115507346605,0.016531382326890644,0.02964729006661085,0.025995219548890426,0.05121391912059112,0.08092794137274172,0.29589051068321626
2367257762,0.04832623545541683,0.05970710637110375,0.018581880391657264,0.01838168383503804,0.015318069862531697,0.006151494194299858,0.039930113202052926,0.025279365194918645,0.007407272594911369,0.030357077858260837,0.0027966852303473715,0.013443502105097123,0.00855385287373057,0.056934687390043565,0.038225409189628606,0.6106055642509616
2367293672,0.16037564153896552,0.07912617236316867,0.03239544279838387,0.02526116550795326,0.024072119292881496,0.015087540494303497,0.033238694961113334,0.035416590834637635,0.02919229789247625,0.029404627573739062,0.013583033038498405,0.023750591489826372,0.025400696441354544,0.05027360196071294,0.0899307198582851,0.3334910639537
3170777731,0.11141848360208204,0.06775136800980357,0.025273298632596853,0.023325932127300743,0.01781142697678933,0.011890462150717674,0.030969800652762107,0.0287919047792378,0.01987405816619954,0.02693553670876861,0.010288889697763865,0.01999538941263544,0.02015918659532389,0.043509384971911806,0.09661000497458112,0.4453948725415256
3170784389,0.13191133112510464,0.10260983511083607,0.022773874956017424,0.0247576408352443,0.014141156772103518,0.011647799657845886,0.026771739526080154,0.031297395018139024,0.017726495104284205,0.03151579126172363,0.008305123818536988,0.018145087904488044,0.0163493854572368,0.04622720489207586,0.08758296023975054,0.4082371783205329
3170787943,0.1345927516713379,0.10382921413751683,0.02957449131874932,0.029210497579441632,0.01661631419939577,0.0142806877055048,0.028446110726895495,0.037291158592072216,0.02318033463157767,0.035131462405513285,0.011562867785340759,0.021032771569662337,0.01973452723279826,0.050194736650529606,0.07895024205583663,0.36637183173782745
3171611896,0.14292820830148387,0.09566362125238112,0.029629090379645475,0.03142479282689671,0.02143316468290079,0.014001625838702242,0.03526492677659278,0.03814047731712348,0.023350198376587927,0.03488879991264151,0.010768148121185648,0.025036702702046856,0.021888156857035396,0.047695312973950174,0.08668510901612492,0.3412016646647011
3171621504,0.1446329123139082,0.11315352042611533,0.028876836651742926,0.03215884686783387,0.015463667358254772,0.013024909304893287,0.031194263458668506,0.03695749766437351,0.023416930562127663,0.031831252502456955,0.010683216248680523,0.01834528446110727,0.02062631189410209,0.04050037006030163,0.09337046069474272,0.34576371953069074
3178664767,0.16070323590434246,0.0707057838605176,0.07373906502141496,0.02363532680571228,0.039341656656838836,0.015888326720780402,0.07034179012120992,0.02830657979349422,0.02108737063055849,0.06514274621143183,0.01389849427923173,0.04372778121549643,0.02055351314624055,0.08539293124158265,0.06569480338271515,0.2018405950084325
3178666113,0.16179521712226547,0.08205632196459554,0.04437690338392846,0.028852570402455743,0.03649037236559531,0.017853892913041895,0.05001880634319757,0.037727951079241435,0.03138839345296594,0.04864776325847196,0.01662844732403936,0.0398451813295478,0.029507759133209573,0.05624309928535896,0.08103713949453403,0.2375301811475509
3178666743,0.17196884213591526,0.07497664373506109,0.054368531527924396,0.03007801599145828,0.03579878426091071,0.018187553840740604,0.05480532401509361,0.03892913041895679,0.030508741916305707,0.04728278673606814,0.018897341632390586,0.03883206542180808,0.02728133076111091,0.06169087225033064,0.07253181911937781,0.2238622162365474
3178668469,0.16924495565342942,0.07119717540858297,0.0469855251823002,0.02953809194481855,0.034270010555818436,0.02048678096070081,0.04340018685011951,0.04182894720877468,0.03506473021997355,0.03747315546172606,0.022858806828522548,0.03866220167679783,0.031861585314065924,0.05173564348026548,0.07931423579514432,0.2460779674589597
3178669733,0.16843203630230896,0.07395746126499958,0.054392797777211566,0.03156432376029799,0.033044564966815904,0.019097538189009812,0.05143838192649753,0.04067023380531188,0.03154005751101081,0.045966342712238685,0.017762894478214976,0.036508572052560695,0.027730256372923718,0.06189713536927165,0.06906781203363302,0.23692959147769324
3178671427,0.1822880646452881,0.07729407054198668,0.05140804911488856,0.029726155376794187,0.03402734806294665,0.018818476322207255,0.04584501146580279,0.043345587789223365,0.03694536453972992,0.04389157839818488,0.020468581273735426,0.037928147635860665,0.03245610842160181,0.05553331149370897,0.07353886846479572,0.21648527645324497
3179502436,0.1586527378395758,0.0701233938776253,0.05894878608087941,0.02745119450612116,0.036466106116308135,0.018230019776993168,0.05543624649656026,0.035434790521603025,0.029495626008565982,0.06284958565379342,0.015518266419150925,0.04186534658270544,0.0269416032710904,0.07868331331367766,0.06486975090695107,0.2190332326283988
3179502664,0.14478457637195308,0.07955689828801611,0.03317196277557359,0.028773705092272405,0.026735340152149383,0.019133937562940583,0.03401521493830306,0.03679370048168505,0.028992101335857026,0.046518399883522,0.015591065167012459,0.03195258374889285,0.02488503864400199,0.05829359735012558,0.0615998738155037,0.3292020043921911
3179505860,0.17034300343367428,0.06985646513546634,0.04781057765806429,0.029950618182700593,0.03404554774991204,0.019692061296545698,0.04447396838107717,0.04159235127822468,0.03473713585459663,0.03901406229146192,0.02200342154114949,0.03882599885948628,0.03289896747109284,0.05386500685521543,0.07743966803770976,0.24345114597362255
3179508884,0.1856125407976316,0.07807665708149822,0.04983680947354372,0.03022968004950315,0.0337422196338223,0.0198073259806598,0.045960276149916886,0.04104636066926316,0.034221478057244084,0.039930113202052926,0.022203618097768718,0.03617491112486199,0.03104259940062364,0.05001880634319757,0.08080661012630583,0.22128999381210646
3238907655,0.17233007095405753,0.056924749938090165,0.06135534093478472,0.027654855346318247,0.05322631006600127,0.01869677099820192,0.062179010949966085,0.034448787105526665,0.0321285140562249,0.059115819847755637,0.017873100983020553,0.05494901859448517,0.027078824682106442,0.0595841812289372,0.06602818781829732,0.1964264564962262
3238935053,0.15953896013006447,0.1070932523660325,0.029539067799347524,0.03112180625989212,0.02082862280220076,0.01587045231865801,0.027880960840681764,0.0378134522002218,0.0280747655501362,0.033662801339405884,0.014492285495870885,0.02433325796483521,0.02326194859868428,0.04057516930994756,0.08161331653692516,0.32429988048709585
3238944669,0.14337780074722484,0.06414935882941955,0.04110813226094728,0.027897111233136297,0.04547950515197519,0.01851373321705051,0.05168125585451727,0.03581080353585925,0.025065409089440875,0.042863141574340256,0.015655113752597517,0.04570561064633871,0.027315697104772975,0.06103233308569399,0.07394726358517177,0.2803977303315137
