1617315903,0.13350077045341488,0.0781919217656123,0.040888630048896486,0.026007352673534014,0.03186765187638772,0.014141156772103518,0.04955168104441937,0.035780584573945326,0.018824542884529054,0.047567915165192494,0.010567951564566422,0.03473106929227484,0.01707737293585217,0.06715077833994589,0.06428736092405878,0.32986325968526675
1618199054,0.1583433431611643,0.06962593576723812,0.05512685181814873,0.024217716788604567,0.02868877321976728,0.01457794925927274,0.0548113905774154,0.03671483517150172,0.027190332326283987,0.043636782780669514,0.014444484888193256,0.031546124073332606,0.0231439352576469,0.05832393016173455,0.07223455756560987,0.28737305718341644
1618211638,0.14953469466991834,0.0832696344289545,0.04720392142588481,0.031964716873536435,0.036617770174353,0.01580946141059707,0.05214816971814752,0.038273941688202966,0.02085077470000849,0.05134738349167061,0.011338404979434351,0.03974811633239908,0.020128853783714918,0.0631165143959524,0.06493648309249081,0.27371115883473474
199555553,0.1460772668137338,0.07517393517732902,0.03859381186718706,0.026619152667006048,0.03486056903671022,0.013875219186605578,0.04484416539397025,0.033469087618077945,0.02202613269981334,0.03824311329826348,0.012331014197635612,0.03805645115673963,0.02417557554160303,0.05107754963516036,0.09242038576842579,0.3081565699417388
199555622,0.14581216431993033,0.08325268947275044,0.054652344317027146,0.022007709553071724,0.037995354913630416,0.012060289350171772,0.06164819922259319,0.022858502282221256,0.017092466250544346,0.06373687521169014,0.009374848792761407,0.04101143529943065,0.02147949226625377,0.07457541007403108,0.08511556265221527,0.2473266560216771
199555638,0.13990610328638498,0.07088070592228067,0.04902426607839809,0.026602183381412976,0.04325470897675208,0.01509135132077606,0.059624413145539915,0.0335482776175123,0.021075852706601048,0.05020645964138243,0.01239889134000792,0.04473669325188076,0.022540867696136658,0.06374229311612647,0.0765654165959613,0.2708015159228463
199555651,0.16905367950675942,0.08952995078907178,0.040296396855025736,0.024548899824650715,0.029877255500876745,0.012195259912891,0.048266304655240684,0.029701906216414962,0.02035748628316081,0.04500254539283896,0.009072911363764919,0.032586684767237965,0.021222919848407715,0.057146897448950726,0.08243113298263477,0.2887097686520731
200239613,0.12621754624130324,0.0761638101702585,0.030335426211889813,0.02398891340007919,0.03724758187680298,0.013377453475875331,0.0443011482549918,0.03220770405565926,0.022546524124667684,0.04685785395101533,0.010668024209514113,0.03783585044402964,0.02455455625318174,0.06416086882742236,0.086696080095028,0.322840658408281
202685456,0.13401210475705638,0.05823858815543865,0.04441427682561231,0.029645341931104695,0.049052548221053226,0.01447480061089428,0.0574070931613779,0.037632219016912716,0.024888285536512247,0.048526500367667855,0.012432829911194073,0.046388370382940206,0.024741218394705583,0.06702302166412127,0.06703999094971436,0.28408281011369424
2410209145,0.15964765406035014,0.10118419296521433,0.03879566604787731,0.02214901903687257,0.025861755177810943,0.01118067435906769,0.050789259758065496,0.028973901648891638,0.02496390395418532,0.04022130819349908,0.012254455890025358,0.0266018757810699,0.022428080903675124,0.05445952996275131,0.11885608900860238,0.26163263325204134
2490343911,0.1113517514165423,0.07560149965420594,0.05041313289411422,0.01925526880937648,0.03783714920103375,0.011793397153568958,0.06733277520959972,0.026747473276792968,0.015512199856829128,0.056382630218760235,0.00788653101833315,0.03241970904767105,0.014941942998580425,0.09292760164525167,0.08554459529962752,0.29405234229971244
2492169221,0.17831813576494426,0.0808034569890504,0.052672696866493326,0.025707693997876,0.04284615666312666,0.01661967017004187,0.048388081200180656,0.03576616496380659,0.033538408954968804,0.047002600065917166,0.016265670585075866,0.04222360566887611,0.026159348640763663,0.056823036828163725,0.08625993335042297,0.21060533929029188
2492987710,0.15291638657634832,0.07509005981005566,0.05594480928003861,0.024923729251771037,0.04231949256252478,0.016783873692193668,0.05559146457072927,0.04066480514332006,0.03636434148611614,0.05078252925866556,0.018813451229811956,0.042672837271834116,0.028780357481427855,0.06335212093007224,0.0840098591792061,0.21098988227588467
2492989766,0.1732444931240112,0.06935012778386272,0.06062431544359255,0.02436412315930388,0.04867348180601193,0.019544846050870143,0.05516611902154071,0.035633442862358526,0.03421565048071072,0.05217232566630157,0.018790312766216385,0.04917853231106243,0.023640014603870024,0.07014725568942437,0.06774978702689545,0.19750517220396735
2598262689,0.12714127286626398,0.07701045468738224,0.03458875717346598,0.02578679328574351,0.026298222380137168,0.012155862054114579,0.04048365041937186,0.031245625935376893,0.01764699548865704,0.04099507951376552,0.009377994551934278,0.03059422677304392,0.019041312703898704,0.06203365741787525,0.0676486105279025,0.37795148422106656
2598267621,0.16508392820612208,0.0781840498724119,0.05758153256457465,0.02066173541350388,0.04284160771773421,0.0165272349451425,0.05947112848175544,0.02922682687855982,0.028031697836924104,0.05626258384745416,0.015423624794082496,0.04386446590652153,0.022136804591018227,0.07653670984204915,0.07046416227914339,0.21770190682300247
2598275817,0.15995887033388245,0.08028898435565318,0.04880110253345823,0.02351497141380536,0.050631480344972384,0.01076154483887292,0.06967817651302262,0.02836008915016635,0.0229174068929875,0.055794222466272594,0.010433153525630671,0.04688458929551989,0.0234019186666236,0.05653175705502976,0.09109898037188972,0.22094275224221285
2598278457,0.10405159512042808,0.06497841230875244,0.043945217868794205,0.024026400508199014,0.03750121127943409,0.013496344627841123,0.07462558006826232,0.036586022373677016,0.017474724635808646,0.06519913433896443,0.008382053683904519,0.039977604789129706,0.014745308310991957,0.0813226094727435,0.055309710692636495,0.3183780699204324
2598283515,0.15807465788085318,0.09585257921767501,0.04091432755149284,0.032257717195861194,0.029076089882317475,0.017264769533899674,0.038917062351281805,0.03945540876643303,0.024177137504441358,0.04453739892546056,0.013092584816477707,0.03361973362619378,0.020952442477685542,0.05618183188518148,0.0713524338641429,0.2842738245206025
2598287827,0.12956383173444447,0.09575029339879626,0.05717777275321124,0.021673826673988175,0.0323061683732248,0.00908728748775262,0.07640212323826134,0.021765345564563887,0.010745394446418382,0.06294884632363232,0.0065301420157843175,0.03274761243364881,0.015671264145052058,0.07912615609892652,0.09028069382085983,0.2582232414914349
2598289307,0.15667495720146,0.08497798163162032,0.061473777146117986,0.023337317096805445,0.028796149746438838,0.01090689837096375,0.07286518729071782,0.02845160804074205,0.022325225836321155,0.06420857693508619,0.01096611647663038,0.030868783444771036,0.02301430924771472,0.07278981879259665,0.09128740161719263,0.21705589112482096
2598292317,0.1628928582964566,0.055858824036090736,0.06655576730514552,0.027859426984075716,0.04707301054082281,0.020844773194655296,0.05625720038330265,0.046599265695489736,0.03865865607200922,0.04043519924200825,0.022621316364654327,0.045350302012338896,0.025243063406440776,0.05587497442854528,0.06466078792381322,0.22321457411415094
2599102242,0.17122646080299753,0.0923748613757981,0.053409347847152684,0.01911668120201988,0.04161956135534094,0.014745308310991957,0.059018917493028414,0.02571142478762234,0.0231381289231995,0.05365160373397074,0.014260796537355857,0.04340687145364299,0.021340051896594416,0.06658268462590307,0.0842673643636207,0.21612993529076088
2599106838,0.1602926451112762,0.08189325667280381,0.05950881273081603,0.021889165240048667,0.0505937960959118,0.013377908416507857,0.061323040149875635,0.027116508931167026,0.022282158123109057,0.05324784392260732,0.013114118673083756,0.049430967839185165,0.021431570787170128,0.0664157972372062,0.08766971370737642,0.21041269636185486
2599110112,0.14824983580434334,0.05311864078297102,0.0566771105871206,0.026524327874500684,0.04701917589930769,0.017948469481141725,0.05807142780236225,0.04049441734767488,0.0350786524112536,0.049797043401487995,0.01914359852277744,0.04632470902376261,0.026239004274470536,0.07242912669444534,0.0650537808068736,0.23783067928550666
2599112732,0.16924534599524102,0.07083562130559773,0.05888433088924061,0.025216146085683216,0.04819815454848886,0.01849219936044446,0.05759768295702919,0.03443802017722364,0.02825780333128762,0.055885741356848304,0.016241911345112353,0.050340773280790715,0.02270745179107852,0.0717508102113548,0.06411167458035896,0.20779633278422
2599114404,0.1445513959322545,0.10649568784521464,0.03778115141531273,0.03578926967925321,0.02391334776101726,0.015649730288446014,0.039493093015493606,0.04349300688006719,0.01949352369262573,0.04612013738600515,0.01001324332181272,0.029829774863529182,0.01752855927732377,0.058954315923210265,0.06686800822593321,0.30402575449250085
2599119168,0.1771321209772064,0.07437255725314125,0.05899738363642236,0.030158166176771424,0.03447032096213272,0.02051638188141305,0.046238573597338406,0.03961152922682688,0.03312983838840617,0.04487117370285431,0.01927818512656524,0.03696824832843437,0.026072116885773655,0.06297038018023839,0.07490552020414094,0.2203075034723344
2599123036,0.1449174714945573,0.10639878549048742,0.039794567007978295,0.01875598910386856,0.05699473497205983,0.009415678800994864,0.07199844956232436,0.020618667700291783,0.013652465088234977,0.057786104202332114,0.007429180529086856,0.05040537485060888,0.016828708937627185,0.0594549780893009,0.08832111286970938,0.2372277313005373
2706401191,0.15089850016688738,0.0550028532360003,0.062335131410359935,0.020381795277625247,0.05737696092681719,0.017577010454687382,0.07789334280823022,0.03321059035067885,0.030023579572983624,0.07643442402317041,0.01814765765474768,0.05754923177966559,0.0215500069985034,0.07261754793974827,0.06031094888939135,0.18869041851050314
2707217746,0.15468307546540047,0.08104266933686488,0.046620799552095776,0.02686886958019747,0.040478266955220346,0.015434391722385518,0.04827890651076154,0.03480409573952647,0.022648233685411887,0.0485696135749432,0.012920313963629316,0.04340687145364299,0.019601192975655976,0.058852030104331536,0.06754632470902376,0.2782443446709089
2707220528,0.17508102113548027,0.08583933589586228,0.046647716872853344,0.02588369564047073,0.03674214283407087,0.017636228560354017,0.04576482875200534,0.036230713739677206,0.03118640782971026,0.04076897401940201,0.01839529700571724,0.04018217642688717,0.024236355610107996,0.05514282330393962,0.0937907124476458,0.22647156992581585
2738576267,0.13389624070050696,0.06061952728948581,0.041419777470537884,0.02359437751004016,0.030861149516097176,0.01518368556191981,0.04822568964382119,0.03348640463493317,0.025536572519586544,0.03214497333596682,0.015348278359338998,0.03179932846138653,0.02226940549081572,0.047657844492725,0.09779281058660874,0.3401639344262295
275686095,0.15819167910311946,0.07083924823159707,0.05095305694075395,0.027784855433819877,0.04093716254747085,0.016355452019558597,0.057856804862956364,0.033790752132396656,0.02446037928147636,0.05548477899513462,0.014377752702653512,0.04702799111855276,0.026341013601232727,0.06367463812955751,0.07338720440675087,0.23853723049296885
275686244,0.16579914825465006,0.06442689185746005,0.05220276877904367,0.0295926910057147,0.04254480156274645,0.019200669748480326,0.053076353753382106,0.0382314757519504,0.031339860954391584,0.05116538662201677,0.019036872565791868,0.048720562006333484,0.029823220373942905,0.06021063104381271,0.06626506024096385,0.2283636054793191
2789250531,0.1327939102253518,0.06069317484414871,0.04132347082700776,0.023305016311896375,0.0360961271358894,0.016037339707354888,0.04375679662349129,0.03232231876567934,0.02015568978326173,0.03748506088697955,0.013205637563659464,0.04110813226094728,0.017550093133929818,0.052849467575395416,0.052386489658365364,0.37893127469664173
2790093210,0.12061113085047967,0.06200135663296617,0.03721050421525243,0.02199683452307891,0.03703284989825253,0.015412857865779473,0.041737997566674206,0.030987219656104313,0.01952044101338329,0.044747354027369526,0.011773636099357214,0.0396222961551299,0.01836299622080817,0.0629380793953293,0.05273641482821366,0.3833080310518212
2921930457,0.16110016473400304,0.056127997243666364,0.06586130042960044,0.02701960657643981,0.04551180593688426,0.021792262885321448,0.05260721168857736,0.043530691129127774,0.041048914155280634,0.04938790012597306,0.022082969949503102,0.04681460426155022,0.02743951678025776,0.06937670252053793,0.06409552418790443,0.2062028273953724
2921941125,0.16687123830442413,0.06838614511665966,0.053990761975516006,0.023934881617623308,0.046491596412459486,0.017544709669778308,0.061527611787633114,0.03485793038104159,0.02938294733895367,0.051692022782820285,0.018072289156626502,0.049129493846700484,0.02606134995747063,0.06396632104826815,0.07118554647544602,0.21690515412857864
2921951447,0.1503763041441907,0.05878742853451339,0.05479289813409133,0.028225502546378543,0.04928561430709433,0.01906823002465626,0.05674709562109026,0.03793727187570658,0.030669595271165088,0.05220883534136546,0.017517792349020747,0.050830668518578336,0.02680965147453083,0.0695866576224469,0.06223284559148121,0.23492360864369005
2921958007,0.13006987736468664,0.07032419221120406,0.05590727521345435,0.02345036984398721,0.04838657579379179,0.013534028876901708,0.0706902677735069,0.029985895323923036,0.018922876492565438,0.05199888023945649,0.012285065193750874,0.045409520118005524,0.02063481809274632,0.07591761146462525,0.07516930994756504,0.25731343604982937
2921961809,0.1400562033657418,0.05527202644357592,0.053592385628304096,0.02556068779138,0.055417379975666745,0.019272801662413727,0.052413406979122924,0.038534836396524434,0.02996436146731699,0.05139593225448712,0.0172324687489906,0.054335303681212796,0.024290190251623114,0.07559998707968606,0.06020866307051261,0.2468533652034411
2921968941,0.1021566157390958,0.06700797829387255,0.03309215413934559,0.01839529700571724,0.04280392346867362,0.01195667388050863,0.057522314458908014,0.026863486116045956,0.013921638295810588,0.0588412631760285,0.0074883986347534905,0.041926418811977124,0.01618807670359723,0.08930090334528462,0.056251816919151126,0.35628304101122993
2921995787,0.1627098205153052,0.07093790712447645,0.06031094888939135,0.022152954983472764,0.03810954272855497,0.013614780839174391,0.054206100541576485,0.0287799993539843,0.02280435414580574,0.04607706967279305,0.014223112288295273,0.04222250934031031,0.02206681955704857,0.06866070178838679,0.07151932125283977,0.2616040569785846
2922761252,0.12806184523617256,0.07010347018099207,0.05335551320563756,0.026631997157530927,0.024876987844137947,0.010115529140691451,0.05942267730439184,0.03343131238089086,0.020150306319110217,0.05011466778642721,0.008349752898995446,0.02815551751240888,0.0222121730891394,0.0739957147625354,0.07803869634032105,0.31298383884061715
2922767334,0.1542954660464916,0.07563767132874662,0.0550028532360003,0.021829947134382032,0.031697836924103925,0.013512495020295659,0.056935516866393185,0.028112449799196783,0.02271283525523004,0.05085220237518438,0.01161751563896336,0.03461029103007203,0.02121623222110964,0.0780117790195635,0.07297824003789959,0.2709766680663673
2922770680,0.16172464657557845,0.06939823637714396,0.052531843190456194,0.026890403436803517,0.030486557490013676,0.0148960453072343,0.05374312262454644,0.036795977475585995,0.02888766863701455,0.05351701713018293,0.013173336778750391,0.03519170515843535,0.024710100455441062,0.07108326065656727,0.06468770524457078,0.2622823734616751
2922784790,0.17307837247111774,0.07247219440765744,0.053156325032031604,0.026701982191500585,0.046184738955823285,0.018023837979262897,0.04925869698633677,0.03709206800391916,0.030987219656104313,0.04566792639727812,0.01792155216038416,0.04654004758982311,0.02616901924050088,0.05926655684399796,0.07874393014416915,0.2187355319400928
2922795314,0.16155237572273007,0.08275999440119727,0.05307018960560742,0.025657590146107214,0.0338889068337694,0.016995596326324063,0.05457217610387932,0.03750121127943409,0.030965685799498262,0.050615329952517836,0.016898693971596844,0.03812569312100951,0.025840627927258632,0.06501609655781304,0.07949761512538088,0.22704221712587616
2922816914,0.1342474455462601,0.06379405019541977,0.048257372654155486,0.02732108056892449,0.04695995779364105,0.017727747450929726,0.049070275741033835,0.04030599610237196,0.02728339631986391,0.0465831153030352,0.014949879948749422,0.0476867254540952,0.022648233685411887,0.07192846452835472,0.06060703941772452,0.2806292192900288
2922822312,0.1022912023428836,0.06409014072375292,0.04378371394424885,0.02558760511213756,0.038965513528645405,0.015375173616718887,0.05997179064784607,0.03251074001098227,0.01640879873380923,0.06458003596154054,0.00806981276311681,0.04348762341591567,0.019864982719080077,0.0968269862290987,0.04951710326560936,0.31866877698461404
2922855998,0.1652238982740614,0.08319067153331827,0.05013620164303326,0.022890489572229937,0.038561753717282,0.01334560763159878,0.055255876051121366,0.02895227020683269,0.023692625730805255,0.050109284322275696,0.013507111556144149,0.04264241954412826,0.022099120341957643,0.0572046900739688,0.08284074636346997,0.2503472334377725
2948847131,0.13095281427826108,0.07008092794137274,0.04185928002038365,0.02311360244603793,0.03618097768718378,0.014535483323020175,0.04853856513667965,0.032559239981072324,0.02261614433565076,0.049976340406945007,0.011605333721593322,0.039086861039323455,0.020589912520171318,0.07479464686540725,0.0648272849706985,0.31868258532619903
2948863377,0.14213955519965055,0.06892828110023175,0.04989747509676167,0.023762724614469963,0.03785534888799913,0.015815527972918866,0.055897305233016656,0.03315376308860821,0.021712226549703343,0.048162438272728376,0.013425302418131741,0.03970565039614652,0.023095402759072545,0.06738130770817409,0.07404845969982651,0.2850192310025601
2949717004,0.14826678314466324,0.060422960725075525,0.058882053895339674,0.02750579356701732,0.042144408449508,0.01638578483116757,0.06301338283648188,0.03515572865480047,0.0239507880464456,0.05320981812446159,0.015481867045220156,0.04534755335541562,0.023902255547871242,0.07015979325155608,0.06504568121428311,0.2511253473106929
2967134339,0.10652276780839368,0.0738239968939201,0.035052597095329964,0.02189422341935719,0.026577609531782717,0.01107754279959718,0.04837476795399119,0.029180164767832664,0.015494000169863744,0.04495322680449896,0.008565985998374161,0.029362161637486506,0.0172654363678278,0.0633409772018588,0.06693844865868305,0.4015760928912023
2967134503,0.10967131365340516,0.07912617236316867,0.03726082578046324,0.022670743396546917,0.02598915298656863,0.009870296897560029,0.052481830645846224,0.029580557881071112,0.015312003300209903,0.041792547834843916,0.008414321940329294,0.028106383236874997,0.016476783265994492,0.05970710637110375,0.08057608075807761,0.3829638796879361
2967980386,0.14402018951940693,0.07126997415644451,0.04661546488067072,0.029744355063759567,0.041185891602664434,0.016555648576177823,0.05380434123199748,0.03677550079471966,0.024466445843798156,0.05479319089045002,0.012703381501838168,0.04632426988922457,0.025995219548890426,0.06810929518678945,0.06697484803261385,0.26066198328055423
2967980588,0.12428566228660867,0.08055181450879045,0.04108276004319392,0.023162134944612285,0.02488503864400199,0.010865213118334363,0.052008638784746236,0.029380361324451886,0.016749778570475254,0.04548101772649511,0.009445637535034395,0.029277229764981375,0.01812082165520086,0.06252199128841651,0.06997172981958044,0.36221016998507627
3161248705,0.12749119803611228,0.07491628713244398,0.04053210159673546,0.03078803148249836,0.03829796397385791,0.017006363254627087,0.05039460792230584,0.03901396470600902,0.02143695425132164,0.04688997275967139,0.0115475306049937,0.04266933686488582,0.021738428243806326,0.07033495913950709,0.06566211225599447,0.3012801877752296
3161250951,0.15277732915576514,0.06805237033926591,0.06714256489766035,0.03229001798077027,0.03194009281092197,0.02234137622877569,0.050712232307245066,0.051643571605456684,0.045964016925611285,0.04456431624621812,0.02413406979122926,0.03521862247919292,0.03180550620713417,0.06981276311681041,0.07494320445320153,0.1966579454547412
3161252379,0.1402769253959538,0.08281382904271241,0.03700593257749497,0.03375432022998159,0.036370683807616516,0.018804440281232168,0.045441820902914605,0.04180259913649234,0.02040332913423129,0.05128826297145688,0.011531380212539164,0.04456431624621812,0.020446396847443392,0.06916674741862894,0.05590189174930285,0.29042712404578097
3161256443,0.12460027778675023,0.08714213422052823,0.032833747860073,0.03525630672825349,0.03340439506013329,0.01707096482444524,0.046114753921853636,0.0421309904497346,0.01699021286217255,0.05245109122818351,0.008425121397116616,0.04002067250234181,0.01808305608492953,0.0686660852525383,0.05444835642839455,0.3223618333925514
3161260655,0.14021232382613566,0.09158349214552579,0.03369510212431495,0.033598199769587736,0.030217384282438062,0.015622812967688447,0.04255090065355255,0.03990761975516005,0.01877752296047461,0.049307148163700375,0.008758896174510374,0.03661832315858609,0.018556800930262605,0.0674763396750541,0.06040246777996705,0.3127146656330416
3161262849,0.1647017022513647,0.0752715957664438,0.06262045501039007,0.02567912400271326,0.034960216199920326,0.01271574232587185,0.07015192135835567,0.03239768726380051,0.027897111233136297,0.058496721470331726,0.012672674612659756,0.037409692388858384,0.024968506734713646,0.06593128546357009,0.08218396373698547,0.2119416001808844
3161264431,0.18654779977820127,0.09430752500619098,0.043579142306491375,0.0295713685842566,0.03514325398107174,0.01931586937562583,0.04490347448776338,0.035051735090496035,0.0297059551880444,0.04715376250309549,0.016376497948900157,0.04121580154397752,0.02546916890080429,0.05247800854894107,0.08172098581995542,0.2174596509361844
3161267785,0.1715656190445428,0.09136277011531378,0.0500662166090636,0.028139367119954347,0.0341096288639814,0.01662952076402123,0.04979165993733648,0.03574081850188959,0.02945831583707484,0.05212808337909278,0.014330781571325515,0.04011757485706903,0.02508694294604692,0.06145762675366345,0.07676281533641267,0.22325225836321155
3161268787,0.12457874393014418,0.08360519827298468,0.03175705502977055,0.03625224759628325,0.03220388255434607,0.0179807702660508,0.04145267396664406,0.04498960991418758,0.019611959903959,0.04642699484264135,0.010142446461449014,0.03952539380040268,0.019988802394564853,0.06611970670887303,0.055234342194515326,0.3301301721631836
3162081566,0.17061812935387666,0.05367313759057679,0.056343335809726836,0.02854851039546928,0.046313942095459595,0.024699333527138042,0.048208921476791886,0.04404750368767294,0.03738815853225234,0.04349300688006719,0.02596444760274341,0.0505076606694876,0.029985895323923036,0.059950256791240025,0.057920690806119925,0.22233706945745446
3162082976,0.16000732151124605,0.06538217212011585,0.05686553183242352,0.027068057753803415,0.0468953562238229,0.016925611292354405,0.06086006223284559,0.03567083346791994,0.02663738062168244,0.04571099411049022,0.0165272349451425,0.046292408238853534,0.024478611496926043,0.06334183920669273,0.0727629014718391,0.2345736834738417
3162088564,0.15099001905746307,0.09540575169309949,0.048058184480549535,0.030045113429589675,0.03275299589780032,0.01735090496032387,0.04740140185406505,0.034012726509254174,0.022642850221260374,0.05347394941697083,0.01226891480129634,0.03887937810222122,0.023121978530744963,0.06727715150144817,0.07964296865747171,0.2466757108864412
3162092872,0.13497959667086576,0.08719058539789183,0.037711166381343066,0.03178935581467963,0.03174628810146753,0.0162634452017184,0.044957309129278505,0.039240070200372526,0.02038717874177676,0.046728468835126026,0.01125144007666053,0.037565812849252235,0.020656351949352367,0.06424087771999526,0.06924211591675011,0.30604993701346944
3162095060,0.1638134306663652,0.1023773377693078,0.04736371760500447,0.02743951678025776,0.027450283708560785,0.016489550696081916,0.04273932189885547,0.03422268161116316,0.02449476188938058,0.04869343325042799,0.012721125790023364,0.03006664728619572,0.021162397579594518,0.06484382570496464,0.08424583050701466,0.251876137256802
3162100804,0.17570550297705567,0.08313683689180314,0.04677153654833813,0.02739106560289415,0.03517017130182929,0.018314545043444555,0.04686305543891383,0.03616611216985906,0.029937444146559425,0.046098603529399096,0.01701713018293011,0.038604821430494096,0.02552300354231941,0.05448065721330362,0.0854086587637413,0.2334108552171151
337226939,0.19004113129254174,0.07905337361530715,0.05108652131183344,0.02701440201895194,0.04630607020225919,0.018794210072920082,0.044358703696963084,0.03590191582038122,0.03369975369756974,0.046906659872116875,0.01731396886640216,0.0477863114087771,0.02508523520062121,0.05477499120348464,0.07494631092345212,0.2069304407964183
350308932,0.127112680328565,0.06497894902874338,0.0451473567987964,0.0235989274317815,0.04129508972445674,0.013212972736868923,0.061308678824057564,0.032856501534840266,0.0193462672442034,0.04388551183586309,0.013388903044200972,0.04094322910979265,0.022961938387993056,0.0606838229049127,0.08827454834443514,0.3010046227204892
3759169099,0.18086848906198813,0.05116538662201677,0.07074824979677016,0.025279365194918645,0.046973392057656604,0.027560392627913467,0.04987927540979629,0.037527754522622206,0.035349858649097905,0.0476771132869848,0.026529077033208358,0.04862956357150657,0.02564942549654813,0.07322947378638421,0.05179630910348342,0.20113687377910436
3759257079,0.18074715781555226,0.07106977759982529,0.05678908989432049,0.02250694621385845,0.04671252987781944,0.02881010446620318,0.03540445770999406,0.0373154248413594,0.032510707482497965,0.033190162462538975,0.030241813174146738,0.04768317984930658,0.02136036593503925,0.0584998604690666,0.06753297176621896,0.2296254504422524
3759303603,0.14386852546136206,0.06976546670063942,0.05152331379900266,0.027736322935245517,0.040148509445637526,0.017793227289823948,0.06727210958638179,0.043236389667431055,0.03425787743117485,0.06293451752629856,0.01607639015275604,0.044431502444824605,0.022676809958868702,0.061994200366420366,0.06970480107742147,0.22658003615671146
3759753035,0.16204394617745907,0.07834965238597896,0.05342214780572441,0.030193280675572375,0.044158507140343854,0.017611230420170106,0.05390747279146799,0.03423967774420947,0.024496778655407128,0.05934917919411785,0.013607299287785585,0.04863563013382837,0.022919472451740492,0.06803042987660612,0.059798104805930674,0.22923719045365756
3759877843,0.11732124874118832,0.06188500224462806,0.05409553622344362,0.03252890716946335,0.031600723134228764,0.014735679879639403,0.06304371564809085,0.04533542023077203,0.02265254370958153,0.04449823463036436,0.012072459020371516,0.03618097768718378,0.022494813089214867,0.06787876581856125,0.07929603610817895,0.2943799366650893
3760144251,0.11610186971450755,0.07188269695094578,0.040736965990851616,0.025164100510804543,0.034670403669056896,0.011969327460901008,0.052402965335662896,0.033839284630971016,0.018867008820781614,0.04967301229085527,0.009209041604484405,0.0358109173855543,0.017957024472512406,0.07225275725257525,0.07102124510125092,0.3384413788082845
3760187530,0.15008068527887988,0.11018090488843592,0.05495698807313847,0.02463630958880841,0.02488503864400199,0.011775197466603576,0.051250318494521885,0.025801089554593,0.020056055035853386,0.056315898033220485,0.010519419065992065,0.025497761438503255,0.019649595360293138,0.0643783593588857,0.09195695167376453,0.2580594280445043
3760201030,0.17022773874956018,0.08217765321103143,0.055891238670694864,0.02367779274196484,0.04400684308229898,0.014960142685545809,0.0579114039238525,0.03148545845011465,0.026893070772516046,0.05171744379330009,0.01580946141059707,0.04551741710042587,0.022919472451740492,0.06087188633688834,0.0823353838313981,0.21359759278807072
3760286806,0.16271126803285652,0.059519042939128124,0.06498501559106516,0.026747473276792968,0.03645397299166454,0.022106553100620003,0.04844150013953093,0.042696465620791324,0.0360414467537825,0.04993387447069244,0.02177289217292129,0.0392688579089773,0.02634708016355452,0.08396728909596088,0.05932491294483067,0.2196823547968308
3760335435,0.11479841627996085,0.1093490570054068,0.03564789192104106,0.02471369577248925,0.02142847006400159,0.009025501298480142,0.05357117516000397,0.028084067719641816,0.012395873245632709,0.05179019966792967,0.006676884215306455,0.02357841259029049,0.01666737621865554,0.06072345920785616,0.09507996650914613,0.33646955312415733
3760515910,0.11665999344811268,0.06520341183464977,0.0794537667285456,0.016585981387786795,0.04296339436295029,0.007486137905094698,0.10909499023283466,0.016252320460088086,0.006891614797558815,0.0786529805020687,0.005842099515888328,0.039869447578834975,0.013686164597968916,0.13350077045341488,0.06693844865868305,0.20091847753551967
3760654960,0.13629745568376225,0.07481284655237262,0.0529732221939116,0.02027445127943799,0.0637959693759934,0.013613365850107377,0.07054805324015094,0.028719106031376264,0.02183355779613924,0.059512976376806324,0.012315121513243306,0.06008929979737681,0.018757810698989314,0.06373530375277545,0.0771484730462636,0.2255729868112935
3760872678,0.14920710030454146,0.13625498974750969,0.029046700396753174,0.019497931302248268,0.029441026947669837,0.010695349373324113,0.04267826593382594,0.024812239896140453,0.018818476322207255,0.04163481721447725,0.008687317244810056,0.03243184217231464,0.018939807568643156,0.0506679285116296,0.1188500224462806,0.2683361846176246
3761037494,0.09795751370091625,0.05606877913799972,0.04935021587691248,0.022072203021200082,0.02621747041786449,0.012123561269205508,0.05554119965115152,0.029216059950256792,0.017087115216899772,0.05928809070060403,0.00940491187269184,0.02936679694649913,0.017388589209384454,0.0925094479795859,0.051826609386608095,0.3745814356622199
3761151888,0.17539644984772929,0.14590689040148513,0.03698783047598248,0.027184265763962198,0.02538249675438916,0.01438381926497531,0.03715769422099272,0.02884650384013395,0.02209441997597641,0.04411604120409129,0.010998677489413848,0.026049818609786574,0.021075237505914897,0.048405100765600166,0.0952268287652119,0.2407879251143547
3877349119,0.16271608171817706,0.13673170944648158,0.030491531342762355,0.026268115942028984,0.021597258599615855,0.011120569233455559,0.03040422559804435,0.026988388335952504,0.02146629998253885,0.04038982015016588,0.009156189977300506,0.024412868866771437,0.021226209184564342,0.044460450497642745,0.1038283569058844,0.2887419242186136
3885661491,0.12409423215650807,0.07874393014416915,0.043126931317764364,0.02400486665159297,0.029399097731408207,0.012457336046599266,0.04966245679770018,0.034712576848950766,0.01611270820547606,0.044725820170763486,0.009313392982116132,0.03336671081107271,0.015515143684658204,0.0701196205734466,0.0712609149735672,0.34338426090420665
3885662543,0.10118220872767207,0.07899156949513873,0.03617149563401057,0.02845160804074205,0.024505528817683603,0.010976883404933406,0.051245195258244766,0.03767886559643399,0.012355050227720531,0.0441174887216426,0.006637811298814561,0.02915684184459016,0.013420976129719951,0.06745480581844805,0.07065258352444631,0.38700108745975853
3885665281,0.14426068886807286,0.1049398667054276,0.05626258384745416,0.027089591610409462,0.0231381289231995,0.011283740861569604,0.0603324827459974,0.0281609009765604,0.014869127986476738,0.056924749938090165,0.008446655253722665,0.02703037350474283,0.016037339707354888,0.07837785458186634,0.08707214918655856,0.25577376530249685
3885697421,0.1561096934655512,0.06517760048235839,0.056316418488969275,0.027078824682106442,0.03664524047934365,0.019536591405837828,0.050120051250578716,0.042518599868643474,0.04255628411770406,0.04590479881994466,0.02123776607771569,0.04003682289479634,0.029474466229529376,0.06855841596950805,0.078006395555412,0.2207220302120008
3885721603,0.16512699591933416,0.10126834415409627,0.037070534147313115,0.030007429180529087,0.02740183253119717,0.014174661110931663,0.043326119491370316,0.03602075863776824,0.024920055557350045,0.03723742153600999,0.012473486439053804,0.029216059950256792,0.024527062674289647,0.04788053016354965,0.09670855001776543,0.2726401584891846
3885725243,0.09910419156518835,0.06211979284429945,0.03674214283407087,0.024478611496926043,0.03400734304510266,0.010949966084175844,0.05981567018745222,0.0358754051056774,0.013420976129719951,0.039110867060736236,0.0082851513291773,0.035886172033980424,0.017636228560354017,0.058782045070361874,0.08275999440119727,0.38102544225158
3885728081,0.10412158015439776,0.052924836073516585,0.03915931823809985,0.024478611496926043,0.034933298879162765,0.011692884137084532,0.06119922047439085,0.036925180615222285,0.016091174348870012,0.038545603324827454,0.009878656718024915,0.03595077360379857,0.018949793813323,0.05688706568902958,0.0795083820536839,0.37875362037964183
3886456298,0.1442553054039213,0.09129816854549566,0.04978627647318497,0.028968420599287226,0.03153094953540704,0.014002390258083272,0.05479289813409133,0.033167522637466765,0.019062846560504755,0.05153051885827492,0.011267590469115064,0.03701131604164648,0.018890575707656364,0.06620584213529722,0.07551923511741335,0.27271014352315426
3886471948,0.14544918023347872,0.06647378042636495,0.046177541708050836,0.02189402772379842,0.04319068388248334,0.014603215730304731,0.05608095464294454,0.03173986267651249,0.02297361488966619,0.04583927106274561,0.014286536828316853,0.043838436182004,0.022786486447582445,0.062213009745073475,0.07267780800621841,0.2897755898144549
3886492202,0.16288209136815354,0.10875135932469826,0.058782045070361874,0.023493437557199303,0.03714051918128277,0.01224738094469029,0.0656244280069339,0.027789441950106054,0.022734369111836083,0.05764075067024128,0.010928432227569795,0.038744791498433406,0.02121623222110964,0.06172679996123905,0.09558340601009936,0.1947145148960453
3886519232,0.17223855206348182,0.11571756193675505,0.03278529668270939,0.03174090463731602,0.021646909353230617,0.012430418725841705,0.03609074367173789,0.03809877580025194,0.026648147549985464,0.03211236366377036,0.010853063729448626,0.023541888734562918,0.025996748387652487,0.03886322770976668,0.10680792876600234,0.2744274685874867
3886520566,0.10252807476555012,0.0621413267009055,0.03820644508328219,0.027100358538712486,0.03454568946025388,0.01188668884653897,0.057543848315514075,0.03806109155119136,0.013765517835416734,0.040381364600493116,0.008139797797086467,0.03623609720382872,0.017533942741475284,0.06025173078372471,0.07283826996996028,0.3788397558060661
3886523042,0.09838280736888573,0.05998794104030061,0.03768963252473702,0.02600751531595551,0.03259687543740646,0.010949966084175844,0.060682407915845685,0.03577311928679867,0.012629606899447657,0.04442972964243031,0.007423797064935344,0.03410424539982988,0.01742627345844504,0.06396632104826815,0.07371577462665677,0.3842339868858813
3886525796,0.11002185686445512,0.05431915328875825,0.04184566684970445,0.024553979995047208,0.039783800079675274,0.012172012446569118,0.06433778007472249,0.03666677433594969,0.018508349752899,0.04007450714385692,0.010476221238842771,0.039040882026766574,0.02242212819104837,0.061312273221572615,0.07802792941201805,0.34643668507811404
3886526290,0.13068762505218004,0.06454491802334787,0.04097393156856818,0.02989736724676484,0.041081890285154965,0.01543089922413669,0.052575894977760496,0.040484518720041454,0.02316794057952239,0.04527788573649436,0.01241525240747938,0.0430323444314894,0.023851679117905315,0.060622417987361635,0.06681924831944265,0.30913618632235035
4011385028,0.12196506390302853,0.0621696512493744,0.02794155344783389,0.021258285421320536,0.022649869996704142,0.015643119590825306,0.025671073351155385,0.027013830397578157,0.023119834962952116,0.03179892823573931,0.013250570671744727,0.025585625175473928,0.018316426801430648,0.04076488324117137,0.052697110630973744,0.4701541729226938
4012214606,0.11760110350215452,0.060124998474139726,0.03991040148435688,0.01894508123680131,0.027837794948792127,0.010967883692826015,0.05135435358455097,0.026873451251815773,0.018139427008947644,0.038756851112657316,0.010583366902259491,0.030730826039721194,0.018829115855519343,0.06131516949255991,0.08055321590312617,0.3874769595097716
4012521236,0.15354968260137322,0.07563803601502786,0.04330871874595155,0.02574167638295116,0.03447337738048971,0.016226195102992617,0.047519108692835856,0.033883922787925895,0.026357041067495788,0.04282290452131105,0.01586993133825625,0.037265189791423764,0.02233449928747247,0.05588159087964762,0.08073584661225547,0.2883922787925897
4016771837,0.15871364244858222,0.08757454058658878,0.044833880978459285,0.026165267129122552,0.03953389314835098,0.018552999878301082,0.045125958378970425,0.037215528781793836,0.02903736156748205,0.041913106973347936,0.019404892296458563,0.04211391018619935,0.0272301326518194,0.052884264330047455,0.08305951077035414,0.24664110989412194
4016826847,0.16525677176792275,0.05194028393208091,0.06508709610478387,0.02774013989087047,0.048095116026415696,0.02412079930664909,0.050200803212851405,0.04768618547136876,0.042473846754800364,0.042717984399604496,0.02627531402204563,0.04858949475714408,0.026647623930371945,0.06876136765908619,0.05688407123936475,0.2075231015246396
4016836935,0.1702066625163267,0.0708487445221616,0.05538262472381929,0.024267281893531573,0.04924256295699515,0.01845680594719303,0.053441730447626366,0.034972717618193136,0.031029894654606267,0.04957825221860085,0.01906715005920338,0.049364631779397226,0.02586028002587859,0.06361616679483892,0.06993933179526617,0.21472516204636172
4016840355,0.14943665238461445,0.06956702188693985,0.05067076817909937,0.022607145908863417,0.05272762783657426,0.01717508331197129,0.05358210959338875,0.03087730862660368,0.02376069628056298,0.04564153269613408,0.01422712125096129,0.0510491815285458,0.021404768008203026,0.06307906397626982,0.06593547442047827,0.26825844411078964
4016937777,0.17536407026281414,0.07770901234115794,0.05451593608476459,0.023180869374153146,0.049254769839235366,0.015301326888099513,0.055162900843495566,0.032116307173984684,0.02679410651725443,0.04465887867579742,0.015258602800258788,0.04468939588139794,0.021386457684842715,0.057622587614897275,0.08755386286788491,0.21943091514996155
4016939245,0.12930380056812615,0.0637121657361152,0.0438277500244882,0.021114947595259084,0.04996816534430405,0.015776520717014398,0.05524537173082574,0.028981780781663236,0.022008766774414733,0.05271696542266628,0.011540062689783524,0.04431139190909982,0.020527230874718385,0.07868057596238613,0.06815065138603194,0.29413385248310314
4016940987,0.1365156675333553,0.12120213376301557,0.03568071678812514,0.023577593046959874,0.0258785903492389,0.011932227389802371,0.03795119688480365,0.027184726748941054,0.021465802419404056,0.05042663053429523,0.008459369392463471,0.02395600639640629,0.019653080406733317,0.05588310689566778,0.07716580608146874,0.32306734536931925
4016947621,0.16123460406977455,0.11815041320296385,0.037047887599028335,0.027117588896619915,0.03072472259860109,0.014251535015441706,0.03586382002172825,0.031737893824538274,0.0258785903492389,0.038457782497772236,0.011889503301961646,0.031341170151731546,0.022094456854774718,0.04685611747903468,0.1028185691092638,0.2645353450275265
4017014699,0.1295516412153172,0.04483587846828042,0.06357344270699822,0.019878907728177145,0.054290108763320764,0.016753945874684147,0.07521880836415572,0.03183554888245993,0.028112449799196783,0.06944495306453778,0.016778359639164558,0.05267880030761343,0.02394990295528619,0.08988537737576445,0.05377741970923206,0.2294344551458112
