1617315903,0.08017417417417418,0.23943543543543544,0.2357057057057057,0.1242042042042042,0.045657657657657655,0.04060660660660661,0.021501501501501503,0.18045045045045044,0.00584984984984985,0.007723723723723723,0.018690690690690688
1618199054,0.22803603603603606,0.0378018018018018,0.38615615615615617,0.17603003003003004,0.04888288288288288,0.01596996996996997,0.00888888888888889,0.0065645645645645645,0.0073813813813813816,0.01990990990990991,0.06437837837837838
1618211638,0.13001801801801802,0.19379579579579576,0.1318918918918919,0.3367807807807808,0.0518018018018018,0.04307507507507508,0.0022402402402402397,0.08177177177177178,0.009687687687687687,0.0017297297297297295,0.01720720720720721
199555553,0.22099719887955185,0.32141176470588234,0.15047619047619049,0.009557422969187676,0.017137254901960785,0.09033053221288516,0.0011708683473389356,0.00040896358543417367,0.006941176470588235,0.12535574229691876,0.05621288515406162
199555622,0.135476,0.297664,0.251904,0.07205200000000002,0.067692,0.076992,0.009952,0.004424,0.005548,0.032444,0.045852
199555638,0.2209243697478992,0.056711484593837534,0.17447619047619048,0.4094621848739496,0.014946778711484594,0.07363585434173668,0.0015630252100840335,0.0007394957983193277,0.01115406162464986,0.005697478991596639,0.0306890756302521
199555651,0.2210868347338936,0.349546218487395,0.1716470588235294,0.05782633053221289,0.025137254901960785,0.08188235294117646,0.009137254901960785,0.002773109243697479,0.019871148459383755,0.011859943977591035,0.04923249299719888
200239613,0.13719887955182072,0.5084145658263305,0.07273949579831936,0.15733333333333333,0.03545658263305322,0.0,0.0032605042016806717,0.0007507002801120449,0.00031372549019607844,0.0837703081232493,0.0007619047619047619
202685456,0.13058823529411764,0.3733837535014006,0.034862745098039216,0.3846330532212885,0.005792717086834734,9.523809523809524e-05,0.0008683473389355743,0.00031372549019607844,1.1204481792717087e-05,0.06323809523809523,0.006212885154061625
2410209145,0.008744744744744746,0.023687687687687687,0.3216336336336336,0.2554594594594595,0.057117117117117124,0.0016096096096096097,0.032,6.006006006006007e-06,6.606606606606607e-05,0.28818018018018016,0.011495495495495495
2490343911,0.14864864864864866,0.10194594594594594,0.1254894894894895,0.5185345345345346,0.08492492492492493,6.006006006006007e-06,0.00021621621621621621,0.0006606606606606607,6.006006006006006e-05,0.011057057057057056,0.008456456456456457
2492169221,0.032531722054380666,0.00015105740181268882,0.7132205438066466,0.16938368580060426,0.00014501510574018128,0.03317824773413897,0.022996978851963747,0.010356495468277944,0.005794561933534744,0.002054380664652568,0.010187311178247734
2492987710,0.14335470085470087,6.41025641025641e-05,0.6957179487179487,0.06588888888888889,0.0014102564102564106,0.004256410256410256,0.038837606837606835,0.0016538461538461535,0.023474358974358973,0.02234188034188034,0.003
2492989766,0.020343373493975903,0.0033072289156626505,0.6934036144578313,0.15740361445783133,0.002337349397590361,0.04901807228915663,0.017295180722891566,0.01177710843373494,0.018825301204819282,0.011174698795180724,0.015114457831325303
2598262689,0.2432853333333333,0.5098453333333334,0.008730666666666666,0.08898133333333333,0.06464533333333332,0.0002506666666666667,0.0022773333333333326,0.002496,0.0008586666666666666,0.07834133333333332,0.000288
2598267621,0.20618666666666666,0.003285333333333333,0.168272,0.43917866666666666,0.051312,2.133333333333333e-05,0.014912,0.000448,0.00012266666666666668,0.111392,0.004869333333333333
2598275817,0.12184533333333332,0.0028,0.12951466666666667,0.116416,3.2e-05,0.024442666666666668,0.19066133333333327,0.23641066666666666,0.16720533333333334,0.010496,0.000176
2598278457,0.38561066666666666,0.126448,0.008922666666666667,0.09221333333333331,0.03198933333333333,0.0,0.00017066666666666668,0.0013013333333333336,0.0,0.353344,0.0
2598283515,0.080608,0.087312,0.0017866666666666669,0.3368693333333333,0.20962133333333333,0.0,0.0011946666666666664,0.0072426666666666655,0.0008906666666666666,0.2744693333333333,5.333333333333334e-06
2598287827,0.20469866666666667,0.0002506666666666667,0.5247786666666666,0.196928,0.021728,0.002938666666666667,0.0031466666666666665,0.009658666666666666,0.009152,0.007354666666666666,0.019365333333333328
2598289307,0.447296,0.005776,0.27053866666666665,0.17930133333333334,0.014656,0.003402666666666667,0.001546666666666667,0.02720533333333333,0.00984,0.017536000000000003,0.022901333333333333
2598292317,0.028352,0.051173333333333335,0.29186666666666666,0.179744,0.00021333333333333333,0.002288,0.077408,0.2558666666666667,0.020266666666666662,0.09211200000000001,0.0007093333333333332
2599102242,0.2458453333333333,0.0024213333333333326,0.17339733333333332,0.39599466666666666,0.072,4.8e-05,0.015173333333333334,0.000496,0.0002666666666666667,0.08453866666666665,0.009818666666666665
2599106838,0.036688,0.000192,0.2449013333333333,0.06428266666666667,3.2e-05,0.019008,0.28207466666666664,0.136192,0.19653333333333334,0.014912,0.005184
2599110112,0.025413333333333333,0.08674133333333332,0.41855466666666663,0.106368,3.2e-05,0.0018933333333333328,0.012634666666666669,0.2307146666666667,0.04231466666666666,0.07487466666666667,0.0004586666666666666
2599112732,0.14006933333333332,0.198688,0.014288,0.438384,0.09137600000000001,1.0666666666666667e-05,0.021354666666666668,0.006645333333333333,0.000128,0.08471466666666666,0.0043413333333333325
2599114404,0.18752,0.20651733333333333,0.004234666666666667,0.188816,0.09725333333333332,0.0,9.6e-05,0.005498666666666666,0.001648,0.308416,0.0
2599119168,0.13364266666666666,0.08259733333333331,0.010810666666666666,0.3132,0.44644266666666665,5.333333333333334e-06,0.0017813333333333331,0.002661333333333333,0.0006506666666666666,0.006298666666666666,0.0019093333333333332
2599123036,0.04878933333333333,0.0005653333333333334,0.09264533333333333,0.052069333333333336,3.2e-05,0.032416,0.2918453333333333,0.12187733333333335,0.356656,0.0028853333333333326,0.00021866666666666668
2706401191,0.045968,2.666666666666667e-05,0.50032,0.15496,0.003664,0.114016,0.048256,0.05225066666666666,0.008309333333333334,0.005861333333333333,0.066368
2707217746,0.3145706666666667,0.03427733333333333,0.016234666666666668,0.2272053333333333,0.08608,0.0,0.0019466666666666664,0.009210666666666669,0.0008106666666666666,0.3092426666666667,0.00042133333333333335
2707220528,0.0284,0.0,0.810176,0.03615466666666666,0.0022826666666666672,0.01949333333333333,0.060597333333333336,0.002778666666666667,0.02032,0.0016426666666666664,0.018154666666666663
2738576267,0.20621138211382115,0.3912682926829269,0.21234959349593496,0.07269918699186992,0.07380487804878047,0.003398373983739837,0.003756097560975609,0.0008699186991869918,0.0008536585365853657,0.01617886178861789,0.01860975609756097
275686095,0.6064204204204205,0.1,0.13967567567567568,0.0017237237237237235,0.013705705705705706,0.01027027027027027,0.00034834834834834833,0.02461261261261261,0.0071771771771771764,0.0007027027027027027,0.09536336336336336
275686244,0.5134654654654655,0.061363363363363364,0.09374174174174175,0.001987987987987988,0.009747747747747748,0.047177177177177176,0.02700900900900901,0.1495015015015015,0.08102102102102102,0.0015375375375375375,0.013447447447447448
2789250531,0.08066133333333332,0.0003093333333333333,0.127632,0.13597333333333333,0.09175466666666665,0.077008,0.0046773333333333346,0.006608,0.002981333333333333,0.4665866666666666,0.005808
2790093210,0.28136533333333336,9.6e-05,0.05780266666666666,0.2056,0.045685333333333335,4.266666666666666e-05,0.000416,0.0020906666666666665,0.00017066666666666668,0.4056213333333333,0.0011093333333333333
2921930457,0.0035093333333333326,0.002053333333333333,0.42197866666666667,0.002330666666666667,0.003504,0.3151946666666667,0.004501333333333334,0.00256,0.05671466666666665,0.02516266666666667,0.16249066666666667
2921941125,0.28065066666666666,0.0,0.4778026666666666,0.00037866666666666664,0.00941333333333333,0.040874666666666656,0.00013866666666666666,0.006378666666666667,0.12691733333333333,0.000736,0.05670933333333333
2921951447,0.813376,0.08749866666666667,0.02187733333333333,0.006912,0.02222933333333333,0.006234666666666667,8.533333333333334e-05,0.0016586666666666664,0.002965333333333333,0.015509333333333332,0.02165333333333333
2921958007,0.20383466666666664,5.333333333333334e-06,0.2316373333333333,0.00012266666666666668,0.0011306666666666668,0.04738666666666666,0.000352,3.2e-05,0.08925333333333332,0.02438933333333333,0.401856
2921961809,0.02998933333333333,0.00018666666666666666,0.06678933333333334,0.003072,0.006181333333333333,0.65392,0.0007146666666666666,0.00046399999999999995,0.08810133333333332,0.008831999999999998,0.14174933333333334
2921968941,0.0013866666666666667,0.0,0.4360853333333333,4.266666666666666e-05,7.466666666666666e-05,0.04552533333333333,0.001264,3.733333333333333e-05,0.005749333333333335,0.07586666666666665,0.433968
2921995787,0.119984,0.17906666666666668,0.3633226666666666,0.010384,0.09311466666666665,0.03864,0.00017066666666666668,0.001104,0.005034666666666666,0.0022613333333333326,0.18691733333333327
2922761252,0.2653973333333333,0.538192,0.111792,0.012805333333333332,0.06610666666666665,1.6e-05,5.333333333333334e-06,0.00021333333333333333,5.8666666666666665e-05,0.004874666666666666,0.0005386666666666666
2922767334,0.13235733333333333,0.2296533333333333,0.4517013333333333,0.020074666666666668,0.129856,1.6e-05,9.066666666666667e-05,0.0002933333333333333,0.000448,0.006368,0.02914133333333333
2922770680,0.10726400000000001,0.30311466666666664,0.31682666666666665,0.02798933333333333,0.20243733333333333,0.0002453333333333333,0.00048,0.001546666666666667,0.0008693333333333333,0.006917333333333334,0.032309333333333336
2922784790,0.16013866666666668,0.0005066666666666666,0.5977973333333333,0.00010133333333333332,0.008357333333333333,0.032693333333333324,8.533333333333334e-05,0.002128,0.090672,0.002453333333333333,0.10506666666666667
2922795314,0.11774933333333333,0.0,0.5426826666666666,3.733333333333333e-05,0.005013333333333333,0.048373333333333324,0.000688,6.4e-05,0.019744,0.0024053333333333327,0.2632426666666667
2922816914,9.6e-05,0.0,0.643488,4.8e-05,0.003024,0.045461333333333326,0.0005013333333333333,5.333333333333334e-06,0.009136,0.012325333333333334,0.28591466666666665
2922822312,0.0053173333333333345,0.0,0.12356266666666668,0.0,0.0,0.186192,0.0,0.0,0.008272,0.0,0.676656
2922855998,0.06626133333333334,0.14821866666666667,0.3104906666666667,0.00768,0.111168,0.10747733333333333,3.733333333333333e-05,0.0009386666666666666,0.009066666666666669,0.00014933333333333332,0.238512
2948847131,0.2399039039039039,0.1613813813813814,0.2041441441441441,0.25025825825825826,0.035225225225225226,0.02624024024024024,0.005063063063063063,0.060528528528528525,0.0043183183183183186,0.001903903903903904,0.01103303303303303
2948863377,0.2806006006006006,0.030828828828828824,0.396,0.040372372372372366,0.09521921921921922,0.03664864864864865,0.0019579579579579575,0.06863663663663663,0.0065045045045045045,0.002540540540540541,0.04069069069069069
2949717004,0.3748468468468468,0.2297477477477477,0.18183783783783786,0.05820420420420421,0.10485285285285284,0.006312312312312312,0.00187987987987988,0.005267267267267267,0.0012432432432432433,0.010006006006006006,0.0258018018018018
2967134339,0.3656036036036036,0.3484924924924925,0.09736936936936937,0.008534534534534535,0.003129129129129129,0.021477477477477483,0.009249249249249249,0.12092492492492493,0.015303303303303303,0.00575975975975976,0.004156156156156156
2967134503,0.3070870870870871,0.3952672672672672,0.15015015015015015,0.009891891891891892,0.04575375375375376,0.01795795795795796,0.004006006006006005,0.02065465465465465,0.019675675675675675,0.00500900900900901,0.024546546546546547
2967980386,0.6418258258258258,0.12634834834834835,0.11997597597597598,0.008828828828828829,0.00825825825825826,0.014216216216216215,0.005861861861861862,0.06597597597597596,0.0012852852852852856,0.0015435435435435436,0.00587987987987988
2967980588,0.3802882882882883,0.2888588588588589,0.19498498498498495,0.012306306306306306,0.024876876876876883,0.01751951951951952,0.0011831831831831832,0.05099099099099099,0.011255255255255257,0.001135135135135135,0.0166006006006006
3161248705,0.4859733333333333,0.48048,0.0017813333333333331,0.0039306666666666665,0.006576,0.0003413333333333333,0.00023466666666666666,0.019824,0.0005013333333333333,8e-05,0.0002773333333333333
3161250951,0.18905066666666667,0.050992,0.19888,0.2305813333333333,0.110256,0.0052106666666666655,0.017269333333333334,0.04904,0.002512,0.09432533333333333,0.05188266666666666
3161252379,0.203792,0.7175413333333334,0.005930666666666666,0.007184,0.0088,0.00024,0.0015733333333333333,0.05264,0.0007306666666666666,0.000128,0.00144
3161256443,0.10971733333333332,0.8500586666666666,0.00512,0.004874666666666666,0.0039573333333333335,0.00031466666666666665,0.000512,0.02373333333333333,0.001056,4.266666666666666e-05,0.0006133333333333334
3161260655,0.167808,0.7814186666666667,0.0016,0.016784,0.010592,0.000128,0.00024,0.020352,0.000352,0.0005493333333333333,0.000176
3161262849,0.3141546666666667,0.5232373333333333,0.00017066666666666668,0.052469333333333326,0.07477866666666666,0.0,0.001072,0.02008,1.6e-05,0.013968000000000001,5.333333333333333e-05
3161264431,0.01712,0.4956213333333334,0.0023466666666666666,0.12815466666666667,0.2920533333333333,4.266666666666666e-05,0.00296,0.032048,5.333333333333334e-06,0.028330666666666667,0.0013173333333333331
3161267785,0.2312693333333333,0.3814773333333333,0.0031573333333333327,0.15358933333333333,0.17057066666666668,0.000352,0.0023466666666666666,0.039424,0.000496,0.016245333333333334,0.001072
3161268787,0.07579733333333331,0.89632,0.0008053333333333332,0.008032,0.002288,5.333333333333334e-06,1.6e-05,0.016650666666666668,1.6e-05,5.333333333333334e-06,6.4e-05
3162081566,0.5769706666666666,0.000368,0.2715093333333333,0.0016053333333333336,0.03288,0.02245866666666666,0.00016533333333333333,0.03735466666666666,0.051269333333333326,0.000976,0.004442666666666667
3162082976,0.14816,0.06530666666666667,0.211568,0.4167253333333333,0.061616,2.666666666666667e-05,0.0020906666666666665,0.008469333333333334,0.00042666666666666667,0.08199466666666666,0.003616
3162088564,0.18770666666666666,0.625888,0.0021493333333333334,0.11189333333333333,0.01832,0.0003893333333333333,0.0005013333333333333,0.052010666666666656,0.000416,0.000176,0.0005493333333333333
3162092872,0.2440853333333333,0.6715466666666666,0.0014133333333333333,0.05276266666666666,0.007701333333333333,6.4e-05,6.4e-05,0.021968,0.000176,4.266666666666666e-05,0.000176
3162095060,0.07877333333333332,0.5000586666666667,0.0010986666666666666,0.38410133333333335,0.016544,8.533333333333334e-05,0.000432,0.016986666666666667,6.933333333333333e-05,0.001477333333333333,0.0003733333333333333
3162100804,0.22784,0.26714666666666664,0.0018133333333333328,0.08947733333333335,0.39498666666666665,0.0,3.733333333333333e-05,0.0168,2.666666666666667e-05,0.0005173333333333333,0.0013546666666666663
337226939,0.11804804804804805,0.01733933933933934,0.0729069069069069,0.14087087087087088,0.4829309309309309,0.008384384384384382,0.0008708708708708709,0.00039639639639639637,0.0013573573573573573,0.04622222222222222,0.11067267267267268
350308932,0.4630750750750751,0.02027027027027027,0.20135735735735732,0.003027027027027027,0.06812012012012013,0.07111711711711713,0.0014534534534534536,0.07992792792792792,0.006432432432432433,0.004078078078078079,0.08114114114114114
3759169099,0.21283483483483484,0.12618018018018018,0.06642642642642643,0.2395075075075075,0.056306306306306314,0.00187987987987988,0.037045045045045036,0.022426426426426425,0.019441441441441443,0.2136696696696697,0.004282282282282281
3759257079,0.1984564564564565,0.20614414414414411,0.002156156156156157,0.4355915915915916,0.008444444444444444,0.003171171171171171,0.0073273273273273265,0.0023783783783783785,0.0012252252252252251,0.13505705705705706,4.8048048048048055e-05
3759303603,0.2036816816816817,0.11488888888888887,0.03555555555555556,0.3082162162162162,0.029357357357357363,0.0009309309309309308,0.0012612612612612614,0.009651651651651652,0.0010450450450450448,0.23341741741741745,0.061993993993994
3759753035,0.0281981981981982,0.023945945945945943,0.0035195195195195195,0.4860540540540541,0.18419819819819816,6.006006006006007e-06,0.004186186186186186,0.00013213213213213214,0.0,0.220018018018018,0.04974174174174174
3759877843,0.01706306306306306,0.005465465465465466,0.021261261261261263,0.5964264264264264,0.012858858858858858,7.207207207207206e-05,0.009555555555555557,0.0026246246246246245,0.0005165165165165165,0.3217237237237237,0.012432432432432432
3760144251,0.04848048048048048,0.002450450450450451,0.2784924924924925,0.052918918918918915,0.04511711711711712,0.0324984984984985,0.0010450450450450448,0.00015015015015015014,0.02837237237237237,0.5077117117117117,0.002762762762762763
3760187530,0.04352552552552553,0.02947747747747748,0.2330810810810811,0.0983903903903904,0.37335735735735737,0.00016216216216216215,0.08571771771771772,0.008066066066066066,0.005117117117117117,0.11636036036036035,0.0067447447447447455
3760201030,0.014228228228228229,0.0,0.4094414414414415,0.019663663663663664,0.0009189189189189187,0.09802402402402402,0.2466966966966967,0.0024564564564564565,0.14502702702702702,0.036894894894894885,0.026648648648648646
3760286806,0.06876276276276276,0.00022822822822822822,0.4265045045045045,0.29418018018018016,0.013489489489489487,0.14771771771771772,0.02338738738738739,0.001039039039039039,0.009633633633633634,0.005435435435435436,0.00962162162162162
3760335435,0.004175438596491228,0.8035087719298246,0.05412631578947368,0.00017543859649122806,0.004729824561403509,0.00016842105263157895,7.017543859649123e-06,7.017543859649122e-05,0.008063157894736842,0.12497543859649125,0.0
3760515910,0.37377777777777776,0.00803003003003003,0.006876876876876877,0.3763783783783784,0.06273273273273273,2.4024024024024028e-05,0.011393393393393394,0.04403003003003003,7.207207207207206e-05,0.11531531531531533,0.0013693693693693693
3760654960,0.3525105105105105,0.09203603603603604,0.006012012012012012,0.35284084084084083,0.007261261261261261,0.0,0.0043543543543543535,0.005135135135135135,0.028936936936936938,0.15054654654654653,0.0003663663663663664
3760872678,0.1951831831831832,0.059993993993994,0.032024024024024024,0.34945945945945944,0.04165165165165165,3.603603603603604e-05,0.009657657657657656,0.003603603603603604,0.0008408408408408409,0.306990990990991,0.0005585585585585586
3761037494,0.50528,0.0014986666666666664,0.20220266666666667,0.013141333333333331,0.0044213333333333335,0.030144,0.05546666666666666,0.0018506666666666667,0.016016,0.157808,0.012170666666666666
3761151888,0.020054054054054055,0.13108108108108107,0.3366846846846847,0.032408408408408404,0.07845645645645645,0.00018018018018018016,0.002096096096096096,0.00022822822822822822,9.009009009009008e-05,0.383951951951952,0.014768768768768769
3877349119,0.12446236559139785,0.5190967741935484,0.04732258064516129,0.20427956989247312,0.03161290322580645,0.00438709677419355,0.01724731182795699,0.0066451612903225795,0.008290322580645163,0.03576344086021505,0.0008924731182795699
3885661491,0.2789386666666667,0.08026133333333332,0.03744,0.10097066666666668,0.08911466666666665,2.133333333333333e-05,0.00010133333333333332,0.0014293333333333332,1.0666666666666667e-05,0.41085866666666665,0.0008533333333333333
3885662543,0.134352,0.09394133333333331,0.024304,0.08195733333333331,0.06058133333333333,0.000256,0.000816,0.001552,0.00029866666666666664,0.601536,0.0004053333333333333
3885665281,0.122224,0.4444693333333333,0.16412266666666667,0.016432,0.14338133333333333,0.000128,0.0009866666666666667,0.002256,0.00336,0.08714666666666665,0.015493333333333331
3885697421,0.034549333333333335,0.0020106666666666667,0.6017813333333333,0.13150933333333334,0.11130133333333334,0.0009386666666666666,0.0058506666666666655,0.0008213333333333333,0.0010453333333333332,0.048522666666666665,0.061669333333333326
3885721603,0.65464,0.07194133333333333,0.0030453333333333326,0.13494933333333334,0.022346666666666667,1.6e-05,0.001824,0.015461333333333334,7.466666666666666e-05,0.09206933333333331,0.003632
3885725243,0.4862986666666666,0.16114666666666666,0.0192,0.314016,0.01567466666666667,3.2e-05,0.0008853333333333332,0.0011946666666666664,0.000208,0.0010186666666666666,0.0003253333333333333
3885728081,0.409504,0.4072693333333333,0.0296,0.136896,0.010336,6.4e-05,0.0007093333333333332,0.00248,0.0003093333333333333,0.001632,0.0012
3886456298,0.2345866666666667,0.10973333333333334,0.03593600000000001,0.11575466666666667,0.16494933333333334,6.4e-05,0.0006613333333333333,0.009781333333333331,0.0015893333333333337,0.3256746666666667,0.0012693333333333333
3886471948,0.4836512455516014,0.3428113879003559,0.03905338078291815,0.05838434163701067,0.06593594306049821,4.98220640569395e-05,9.252669039145908e-05,0.008889679715302494,0.00022064056939501776,7.117437722419929e-06,0.0009039145907473308
3886492202,0.14860266666666666,0.004357333333333334,0.4036693333333333,0.14454933333333336,0.17135466666666666,0.0002293333333333333,0.00248,0.0006133333333333334,0.0005226666666666666,0.013301333333333332,0.11032
3886519232,0.6930453333333333,0.03200533333333333,0.0034933333333333327,0.141072,0.014042666666666669,6.933333333333333e-05,0.002192,0.010682666666666668,6.4e-05,0.09725333333333332,0.00608
3886520566,0.41944,0.05284266666666667,0.07680533333333332,0.4438453333333333,0.004885333333333334,0.00017066666666666668,0.00010133333333333332,0.000528,0.0009813333333333334,0.0,0.0004
3886523042,0.4212,0.053328,0.05969066666666668,0.457712,0.006368,6.4e-05,0.00022400000000000002,0.0006293333333333333,0.00032,0.0,0.00046399999999999995
3886525796,0.5255626666666666,0.4188053333333333,0.009386666666666666,0.035381333333333334,0.008741333333333334,5.333333333333334e-06,6.4e-05,0.0015146666666666668,1.6e-05,0.00012266666666666668,0.0004
3886526290,0.4478220640569395,0.5097651245551601,0.02102491103202847,0.0041992882562277584,0.013772241992882562,1.4234875444839855e-05,2.8469750889679717e-05,0.003124555160142349,0.00012811387900355873,0.0,0.00012099644128113879
4011385028,0.11476737160120845,0.009456193353474323,0.036966767371601206,0.14333534743202414,0.28425981873111783,3.021148036253776e-05,7.854984894259818e-05,0.0020483383685800604,0.00037462235649546826,0.4069003021148036,0.001782477341389728
4012214606,0.2248882175226586,0.4577583081570997,0.21942598187311174,0.008851963746223566,0.0733595166163142,0.0017220543806646526,0.0031057401812688823,0.00659214501510574,0.0013111782477341393,0.0011359516616314199,0.0018489425981873112
4012521236,0.4138397435897436,0.1417948717948718,0.15167307692307694,0.06373717948717947,0.06298717948717948,0.0019102564102564106,0.0005961538461538462,0.0018397435897435895,0.0005128205128205128,0.12542307692307691,0.03568589743589744
4016771837,0.2876686746987952,0.13571084337349398,0.19093373493975904,0.2445963855421687,0.06073493975903615,0.009548192771084336,0.0024518072289156628,0.06095180722891566,0.0015120481927710842,0.0005240963855421688,0.005367469879518073
4016826847,0.06864048338368581,0.06350453172205438,0.7871601208459214,0.001280966767371601,0.01330513595166163,0.0002779456193353475,0.0004410876132930514,0.02240483383685801,0.00222356495468278,0.004193353474320241,0.03656797583081571
4016836935,0.16725075528700906,0.004392749244712991,0.6939335347432024,0.0015045317220543804,0.002827794561933535,0.043697885196374624,0.0009546827794561934,0.003788519637462236,0.0495166163141994,0.006338368580060423,0.025794561933534743
4016840355,0.435226586102719,2.416918429003021e-05,0.5285679758308157,0.001105740181268882,0.0011540785498489426,0.013057401812688822,0.0005317220543806648,0.00017522658610271904,0.00570392749244713,0.003673716012084592,0.010779456193353474
4016937777,0.05398187311178248,0.007105740181268881,0.5512688821752266,0.174797583081571,0.001770392749244713,0.00891238670694864,0.03676132930513595,0.012054380664652569,0.036145015105740176,0.10156495468277946,0.015637462235649546
4016939245,0.15049090909090906,0.017733333333333334,0.4986121212121212,0.1876,0.022375757575757577,0.0001212121212121212,0.0005090909090909091,0.0020242424242424236,0.00025454545454545456,0.10706060606060606,0.013218181818181818
4016940987,0.4374682779456193,0.005824773413897281,0.004380664652567976,0.30417522658610274,0.023051359516616316,0.0,0.00015105740181268882,0.0009546827794561934,0.0,0.22394561933534746,4.833836858006042e-05
4016947621,0.21248942598187312,0.3504773413897281,0.09748640483383685,0.14070090634441088,0.08168580060422961,0.011425981873111784,0.010942598187311178,0.00436858006042296,0.003637462235649547,0.06515407854984895,0.02163141993957704
4017014699,0.05729909365558913,0.003419939577039275,0.2392447129909365,0.3496737160120845,0.010404833836858005,0.0001148036253776435,0.011981873111782478,0.0039577039274924465,0.000797583081570997,0.3218368580060423,0.0012688821752265859
4017587530,0.2478610271903323,0.0410453172205438,0.6415407854984895,0.0013111782477341393,0.0006404833836858006,0.023015105740181268,0.0004773413897280967,0.007419939577039275,0.017003021148036254,0.006054380664652568,0.01363141993957704
4017698526,0.2599395770392749,0.003268882175226586,0.5001329305135952,0.10289425981873113,0.003824773413897281,0.019051359516616316,0.028791540785498487,0.011987915407854984,0.014882175226586103,0.05043504531722055,0.0047915407854984896
4017744304,0.2265617433414044,0.03722033898305085,0.052343825665859565,0.1479854721549637,0.23930750605326875,2.9055690072639228e-05,0.017878934624697338,0.0017530266343825664,0.002271186440677966,0.2614382566585957,0.013210653753026635
4019348496,0.3004595469255664,0.014653721682847896,0.5133074433656958,0.11854368932038835,0.008427184466019418,0.002563106796116505,0.013825242718446602,0.008343042071197411,0.0017411003236245954,0.017106796116504855,0.0010291262135922333
4276880289,0.12489679715302493,0.03558718861209965,0.22511032028469752,0.1969893238434164,0.010398576512455515,4.98220640569395e-05,0.0009039145907473308,0.06219217081850534,0.009814946619217082,0.33380782918149465,0.0002491103202846975
4276883779,0.017209964412811387,0.03570106761565836,0.017473309608540925,0.6303131672597865,0.008448398576512455,0.0,0.00898932384341637,0.0006975088967971529,7.117437722419929e-06,0.28112455516014234,3.558718861209965e-05
4276885251,0.10609964412811387,0.055409252669039136,0.02277580071174377,0.5694804270462634,0.017330960854092525,0.0,0.008875444839857654,0.05772953736654804,9.252669039145908e-05,0.16187188612099646,0.0003345195729537367
4276887523,0.03325978647686832,0.15705338078291814,0.20177935943060496,0.5244768683274021,0.0119288256227758,0.0008825622775800711,0.0029608540925266905,0.005523131672597865,0.00011387900355871887,0.045950177935943054,0.0160711743772242
4276888303,0.025373665480427045,0.12126690391459075,0.3484555160142349,0.3102135231316726,0.0017295373665480427,0.002647686832740213,0.02514590747330961,0.11448398576512454,0.01501779359430605,0.025444839857651246,0.01022064056939502
4276888849,0.7905836298932384,0.041416370106761566,0.02401423487544484,0.016064056939501782,0.012555160142348757,0.002398576512455516,0.0006334519572953737,0.00011387900355871887,0.0,0.090355871886121,0.02186476868327402
4276893583,0.04373665480427046,0.015644128113879004,0.4088256227758007,0.23295373665480426,0.009715302491103205,0.003330960854092527,0.009679715302491105,0.1235658362989324,0.07220640569395018,0.041829181494661916,0.03851245551601423
4277633874,0.2285622775800712,0.20890391459074734,0.27766548042704625,0.17715302491103202,0.02817081850533808,0.0,0.0,0.00045551601423487537,0.0003202846975088968,0.07078291814946619,0.00798576512455516
4277639374,0.0008469750889679715,0.2991459074733096,0.2174661921708185,0.3998576512455516,0.018782918149466192,5.6939501779359435e-05,0.0007046263345195728,0.0046334519572953725,7.829181494661922e-05,0.03358718861209965,0.02483985765124555
4277641766,0.21654804270462635,0.11324555160142348,0.21508896797153024,0.2190747330960854,0.0021423487544483984,0.012604982206405694,0.05545195729537367,0.09970106761565836,0.012056939501779359,0.04275444839857651,0.011330960854092529
4277650218,0.0004341637010676156,0.0,0.03452669039145907,0.0,0.00038434163701067615,0.26254804270462634,0.0,2.1352313167259786e-05,9.252669039145908e-05,0.0,0.7019928825622777
4277652254,0.3059857651245552,0.0,0.20995729537366548,0.000199288256227758,0.0007758007117437723,0.00015658362989323844,0.0047330960854092535,0.0066761565836298935,0.0007615658362989325,0.00801423487544484,0.4627402135231317
4277653600,0.05515302491103202,0.0,0.6425551601423487,0.0005907473309608541,0.00027758007117437725,0.11407829181494662,0.03474021352313168,0.002690391459074733,0.012249110320284695,0.0009110320284697507,0.13675444839857653
4277654784,0.9597437722419928,0.0,0.03388612099644128,0.0,0.006362989323843416,0.0,0.0,0.0,0.0,0.0,7.117437722419929e-06
4471379667,0.2318734939759036,0.0017349397590361445,0.2802168674698795,0.3971325301204819,0.009018072289156626,0.0021084337349397595,0.004457831325301205,0.002078313253012048,0.0015662650602409638,0.06174096385542169,0.008072289156626507
4471397099,0.32378915662650604,0.3572228915662651,0.07969879518072291,0.1965722891566265,0.004216867469879519,0.0022951807228915664,0.014777108433734941,0.0013253012048192773,0.0002048192771084337,0.009433734939759035,0.010463855421686749
4471494795,0.05895783132530121,0.030524096385542168,0.022939759036144574,0.4712469879518073,0.0025060240963855427,6.0240963855421675e-06,0.00024096385542168676,0.00043373493975903607,0.0007108433734939759,0.41243373493975904,0.0
4471758695,0.3970481927710843,0.002542168674698795,0.3589457831325301,0.215644578313253,0.007927710843373494,0.001180722891566265,0.0006566265060240964,0.0005722891566265061,0.0005060240963855421,0.014536144578313252,0.0004397590361445784
4472153392,0.2833253012048193,0.3893734939759036,0.133855421686747,0.08751204819277107,0.023674698795180724,0.006403614457831325,0.0007951807228915662,0.001855421686746988,0.001072289156626506,0.013337349397590362,0.05879518072289156
4472159392,0.6550542168674699,0.002379518072289157,0.2016686746987952,0.0567710843373494,0.015421686746987953,0.013313253012048193,0.0038373493975903616,0.0017771084337349398,0.0006204819277108434,0.02953614457831325,0.019620481927710844
4472189916,0.19102469135802466,0.3878395061728395,0.08545679012345679,0.2750308641975309,0.029320987654320983,0.010858024691358024,0.00039506172839506165,0.00045679012345679003,0.00030246913580246913,0.0008271604938271603,0.018487654320987656
4472279006,0.2647831325301205,0.10320481927710844,0.3709156626506024,0.198710843373494,0.01310843373493976,0.004096385542168674,0.007108433734939759,0.0016626506024096386,0.0005421686746987952,0.01948795180722892,0.016379518072289156
4472299636,0.34846385542168673,0.3662469879518072,0.038030120481927714,0.2296506024096385,0.005006024096385542,0.003831325301204819,0.0003192771084337349,0.001650602409638554,0.0005843373493975904,0.0015240963855421687,0.00469277108433735
4472413588,0.3119879518072289,0.06343373493975904,0.2269518072289157,0.2110843373493976,0.04709036144578313,0.06649397590361444,0.005933734939759036,0.02925903614457832,0.0036686746987951812,0.007108433734939759,0.026987951807228915
4472419172,0.13213855421686746,0.01866867469879518,0.11432530120481928,0.22445180722891567,0.020289156626506023,0.0,0.02135542168674699,0.001216867469879518,0.002566265060240964,0.4648795180722892,0.00010843373493975904
4472422530,0.3002168674698795,0.009765060240963856,0.16851807228915666,0.44781325301204816,0.010174698795180723,0.0015120481927710842,0.000746987951807229,0.0013614457831325304,0.0023072289156626504,0.05617469879518072,0.0014096385542168677
4472434082,0.2205301204819277,0.4577530120481928,0.07206626506024097,0.20021686746987952,0.014457831325301203,0.005367469879518073,0.0002108433734939759,0.00045783132530120477,0.00019277108433734936,0.004397590361445783,0.024349397590361446
4472532454,0.3815060240963856,0.0014698795180722892,0.2240421686746988,0.3390542168674699,0.013240963855421686,0.0010783132530120482,0.0020180722891566267,0.0007951807228915662,0.001108433734939759,0.03322289156626506,0.0024638554216867468
4472535510,0.21484939759036145,0.0029277108433734935,0.1775,0.3965783132530121,0.00577710843373494,0.0003795180722891566,0.0012951807228915662,0.0011325301204819275,0.004578313253012049,0.1942951807228916,0.0006867469879518072
4477035103,0.19346175637393767,0.00024362606232294614,0.379014164305949,0.07373371104815862,0.04539943342776204,4.53257790368272e-05,0.014674220963172804,0.0056147308781869685,0.001660056657223796,0.23676487252124645,0.049388101983002836
4760014329,0.375921686746988,0.5109939759036145,0.0010481927710843373,0.06118674698795181,0.04946987951807229,1.2048192771084335e-05,1.2048192771084335e-05,0.000644578313253012,0.0001807228915662651,6.024096385542168e-05,0.00046987951807228915
4760025011,0.00015662650602409642,0.6994939759036145,0.0024397590361445783,0.2361144578313253,0.001174698795180723,0.00011445783132530119,0.006018072289156626,0.003030120481927711,0.0,0.051301204819277114,0.00015662650602409642
4760053519,0.3603313253012048,0.00694578313253012,0.3895361445783133,0.0377289156626506,0.08403614457831325,0.00048795180722891574,0.00016867469879518071,0.0002831325301204819,1.8072289156626505e-05,0.004969879518072289,0.11549397590361445
4760065957,0.9553373493975904,3.012048192771084e-05,0.030150602409638558,0.004475903614457832,0.0036927710843373492,0.0008373493975903616,0.00016265060240963855,0.00014457831325301204,0.00011445783132530119,0.0029277108433734935,0.0021265060240963857
4760073205,0.5373493975903615,6.0240963855421675e-06,0.4135722891566265,0.017265060240963855,0.0038915662650602406,0.009204819277108435,0.000536144578313253,0.00010843373493975904,0.0015421686746987953,0.005530120481927711,0.010993975903614455
4760086821,0.2742409638554217,0.0,0.3585120481927711,0.0,0.00036746987951807224,0.2332951807228916,0.0,3.012048192771084e-05,0.10706626506024096,0.006319277108433735,0.020168674698795176
4760099615,0.9385783132530121,3.012048192771084e-05,0.03324096385542169,0.0037228915662650603,0.010993975903614455,0.0017228915662650605,0.0003795180722891566,0.00015060240963855426,0.00018674698795180725,0.003963855421686747,0.007030120481927711
4760427447,0.06570481927710843,0.6100843373493976,0.2211144578313253,0.03125301204819277,0.01933734939759036,0.0015963855421686744,0.004150602409638555,0.0005120481927710842,0.00013855421686746988,0.012873493975903616,0.033234939759036145
4760666686,0.19050602409638556,0.0003012048192771085,0.5441024096385542,0.06768072289156625,0.032319277108433735,0.012740963855421688,0.0003734939759036145,0.0001807228915662651,0.0002891566265060241,0.0217289156626506,0.12977710843373494
4760673700,0.6228253012048193,0.0003433734939759036,0.2768795180722892,0.032186746987951806,0.04589156626506024,0.002030120481927711,0.00015662650602409642,0.00016265060240963855,0.0003795180722891566,0.0021987951807228914,0.016945783132530118
4760680542,0.4563433734939759,0.04274698795180723,0.4635783132530121,0.007867469879518073,0.009048192771084335,0.0024277108433734935,5.421686746987952e-05,0.0006566265060240964,0.0003614457831325301,0.007765060240963855,0.009150602409638555
4760966330,0.08034939759036144,0.4216626506024097,0.2002409638554217,0.05884939759036145,0.17206024096385542,0.0016927710843373494,0.0009397590361445783,0.0010120481927710842,0.0005,0.012313253012048192,0.050379518072289166
4760975624,0.06356024096385542,0.641289156626506,0.17995180722891566,0.06963253012048193,0.026921686746987954,0.0021084337349397595,6.024096385542168e-05,0.0014819277108433734,0.0010783132530120482,0.0004939759036144577,0.013421686746987951
4761096114,0.20487349397590365,0.591921686746988,0.12551807228915662,0.016921686746987952,0.03795783132530121,0.003036144578313253,8.433734939759034e-05,0.0003975903614457832,0.00012048192771084335,0.0003975903614457832,0.0187710843373494
4761104584,0.3048433734939759,0.2900421686746988,0.13936144578313253,0.16213855421686746,0.0537289156626506,0.0028192771084337353,0.0013493975903614455,0.001650602409638554,0.0,0.01063855421686747,0.033427710843373495
4804572913,0.18204266666666666,0.046448,0.09149333333333333,0.03789333333333333,0.2318613333333333,2.666666666666667e-05,0.0007306666666666666,0.0004426666666666666,0.00018666666666666666,0.4072853333333333,0.0015893333333333337
4804578309,0.11748800000000001,0.02831466666666666,0.10656533333333333,0.06734933333333333,0.2759466666666667,0.00018133333333333331,0.002448,0.000576,0.0007839999999999998,0.39056,0.00978666666666667
4805195722,0.136784,0.047872,0.125312,0.06354133333333334,0.2666933333333333,3.733333333333333e-05,0.0013493333333333332,0.00036266666666666663,0.00034666666666666667,0.35468266666666665,0.0030186666666666665
4824282401,0.20545066666666667,0.3992373333333333,0.09164266666666665,0.010709333333333331,0.12642133333333333,0.0002826666666666667,0.00064,0.000288,2.133333333333333e-05,0.163904,0.0014026666666666664
4824898368,0.2491306666666667,0.34728,0.02167466666666666,0.05697066666666666,0.04567466666666666,0.000144,0.0014506666666666667,0.004469333333333333,0.0015786666666666664,0.2712426666666667,0.000384
4824903132,0.36678933333333336,0.351072,0.036352,0.019349333333333333,0.042864,0.000128,0.00021866666666666668,0.00020266666666666667,1.6e-05,0.18226666666666666,0.0007413333333333333
4881421629,0.19500266666666666,0.09202133333333333,0.166176,0.2636533333333333,0.002848,0.033797333333333325,0.053802666666666665,0.151152,0.014656,0.025541333333333333,0.0013493333333333332
4881422019,0.38322133333333336,0.2628106666666667,0.13029866666666667,0.062592,0.005669333333333334,0.0026773333333333328,0.019376,0.08152533333333335,0.017098666666666668,0.023834666666666667,0.010896
4881423519,0.190464,0.10635733333333333,0.223984,0.14063466666666666,0.0019946666666666667,0.05504,0.04442133333333333,0.10539200000000001,0.017989333333333333,0.101712,0.012010666666666666
4881425491,0.2454773333333333,0.4767733333333333,0.055525333333333336,0.11174933333333334,0.08418133333333333,0.00011200000000000001,0.005552,0.0022133333333333328,0.0013173333333333331,0.014901333333333334,0.0021973333333333333
4881426131,0.702512,1.0666666666666667e-05,0.243232,0.00023466666666666666,0.04797866666666666,2.133333333333333e-05,0.00015466666666666667,0.00013866666666666666,1.6e-05,0.0007466666666666666,0.004954666666666665
4881426535,0.23726399999999997,0.337056,0.012474666666666669,0.2370773333333333,0.08531733333333331,0.0,0.008533333333333332,0.009568,2.666666666666667e-05,0.07202133333333334,0.0006613333333333333
4881426911,0.13888533333333333,0.475392,0.006378666666666667,0.191008,0.127424,5.8666666666666665e-05,0.008602666666666666,0.00688,0.0005226666666666666,0.043568,0.00128
4882028904,0.2255253333333333,0.47232,0.014053333333333331,0.2356746666666667,0.030906666666666662,0.0,0.000976,0.002576,5.333333333333334e-06,0.01779733333333333,0.00016533333333333333
4882029298,0.2482773333333333,0.071504,0.2197653333333333,0.17608,0.002768,0.0018773333333333333,0.03192,0.16925866666666667,0.009957333333333332,0.06681066666666667,0.0017813333333333331
4882030814,0.236512,0.155168,0.13698133333333334,0.147952,0.002576,0.005194666666666666,0.046432,0.156736,0.009088,0.10135466666666666,0.0020053333333333334
4882031282,0.21382933333333332,0.004352,0.2783733333333333,0.2504053333333333,0.007984,0.029904000000000003,0.03304,0.090816,0.06880533333333333,0.011530666666666665,0.01096
4882031876,0.07448533333333332,0.7247946666666667,0.0062453333333333345,0.11945066666666665,0.027861333333333328,0.00023466666666666666,0.00408,0.0031573333333333327,0.0023626666666666666,0.037141333333333325,0.00018666666666666666
4882035660,0.528928,0.059056,0.0024213333333333326,0.095696,0.01861333333333333,4.8e-05,0.00056,0.00536,0.001248,0.2878773333333333,0.000192
