11232657803,0.18090097392628615,0.06225513675497096,0.045159230192943024,0.031680237770654485,0.04439163381354163,0.02407796322906304,0.03895091067634452,0.044925880893605004,0.03903688147083748,0.038299988946612136,0.0257605344927109,0.04808223720570355,0.03232501872935166,0.05218427225722462,0.06500620217874556,0.22696289746140524
11437345055,0.13395178510183986,0.048945091661411484,0.04042063571088763,0.02881498445572925,0.053746667109208175,0.020074789516191488,0.04855233606602719,0.04157124365229513,0.027028223085178174,0.04279929635898968,0.01835440937302931,0.0580005974310465,0.02747076460110414,0.06431234580194055,0.05513514111542589,0.2908216889596955
11467896214,0.14676399969852602,0.07093252366032494,0.04895183952970057,0.026771967225470247,0.04201793770255284,0.019649644153019584,0.05172970703188087,0.03646758616234375,0.029070706418165962,0.05634871927387836,0.018056138764171968,0.047584439635216476,0.025910612961228287,0.06973739461868923,0.06827309236947793,0.241733690795353
12010718044,0.189499430744786,0.05964043088240813,0.05026961428267587,0.027142839269851997,0.05769495427191632,0.02699896157840083,0.04016689812208335,0.03949755407924533,0.038340276995833804,0.03828397702961378,0.026617372918465138,0.05827046503772097,0.02833764966407687,0.05218381313415656,0.05883972025172341,0.2082160417370416
12115424893,0.15975903614457831,0.06153184165232359,0.054538152610441766,0.029156626506024092,0.05649454962707975,0.022857142857142857,0.050573723465289724,0.03690763052208836,0.03457257601835915,0.04562248995983936,0.023373493975903614,0.05457257601835915,0.0263912794033276,0.05768789443488239,0.06261617900172116,0.22334480780263916
167196217,0.14678015009098055,0.10014858361058174,0.053430881703758724,0.02558760511213756,0.0304542567051046,0.013458660378780535,0.057942224662725965,0.02699807271983376,0.01711403253765733,0.07160007321511246,0.010492371631297306,0.03363050055449681,0.01891210956426241,0.08826189476404275,0.07154623857359732,0.2336423441756301
167199643,0.11424787622339225,0.06723946725238757,0.07242912669444534,0.02438709260635033,0.03450262174704179,0.011100703080418188,0.09447441239488785,0.029969744931468506,0.01404545797129537,0.0601117607157854,0.009340310302873692,0.032946800607254766,0.01844913164723236,0.08169406849919784,0.08019208200092595,0.2548693433250428
167199979,0.12610764774917366,0.0647469233502374,0.05872282696469524,0.02401025011574448,0.03731817349828268,0.013307923382538195,0.0683592277959021,0.029033022169105374,0.01784618366226299,0.06340105731235936,0.01037931888411555,0.03749582781528258,0.018804440281232168,0.08787428534513389,0.07633752166844321,0.26625537000549115
1900855676,0.12218310238272125,0.04268010379318884,0.04442972964243031,0.025000807519622727,0.057328509749453575,0.01667797194138484,0.06166758185557241,0.03350129741486052,0.025275364191349847,0.0625343195839659,0.012764193503235462,0.05760844988533221,0.027950945874651426,0.0778771924157757,0.051099841726153936,0.28142058852030105
2050957256,0.15838689880164086,0.09905574038782476,0.04249168254788591,0.030895700765528607,0.037194353822797885,0.0172324687489906,0.049651689869397164,0.03506250201879905,0.02344498637983569,0.059659549727058364,0.012193546303175169,0.04416055643485469,0.022029135307987984,0.06560289415032786,0.06538755558426736,0.237550739149628
2188644187,0.16668486635363206,0.14769045972409275,0.04222934032201312,0.02265861027190332,0.01895194069328674,0.007395139470267778,0.04552348366274767,0.02033511690265594,0.014298887392470185,0.049958140719979616,0.005526638275155001,0.022591878086363586,0.01783569322607651,0.05388320654218081,0.1241400647908856,0.2402965335662893
23059365,0.0961594366743112,0.04035983074388708,0.04884417024667032,0.01746934117165714,0.039584611906069316,0.01219892976732668,0.0629380793953293,0.025339965761168,0.017856950590566016,0.05218191802060789,0.011386026680448335,0.037603497098312816,0.01631189637908201,0.0791584568838356,0.03995607093252366,0.4026508177482046
23059414,0.10898284828321328,0.13881262314674248,0.046841521582307775,0.025167694908319604,0.028645412750196494,0.005792607427027144,0.07215457002271822,0.023299632847744868,0.008414354468813593,0.05769458531175641,0.003908394973997868,0.026066733421622145,0.012731892718326388,0.07658516101941276,0.07655824369865522,0.28834372341914577
24333403,0.13978164669401466,0.10292645111276204,0.03127254325613446,0.027046523897197368,0.021248533006018717,0.008947317419813302,0.03840024979273663,0.027897111233136297,0.019854215790777046,0.03392659108282998,0.008177482046147055,0.023197347028866132,0.020236441745534416,0.038088008871948915,0.07700507122323072,0.38199446579885227
24333421,0.1385596003316214,0.13872110425616674,0.03479871227537496,0.029496000086135427,0.020451780311594902,0.008107497012177394,0.04568946025388417,0.029027638704953864,0.01568203107335508,0.04867728285797345,0.006454773517663146,0.022034518772139498,0.01744780731505109,0.05338781399054664,0.09189573306631353,0.29956824617504874
24333450,0.11627744220851233,0.07795256091389688,0.06862840100347772,0.0226536171495634,0.023644174553441647,0.006653961691269097,0.08996306943592063,0.01981114807756495,0.010228581887873208,0.061979822776360126,0.004150650860815919,0.0226966848627755,0.012850328929659658,0.0877989168470127,0.07198768263402135,0.3027229561678349
24333537,0.11607825403490638,0.11593290050281554,0.04172184717421967,0.02453782960259268,0.029377563874802164,0.007041571110177977,0.06819234040720523,0.023757227300623403,0.010578507057721502,0.06357332816520775,0.004952787019391238,0.028198585225620982,0.01360939737502288,0.0721976377359303,0.08723365311110394,0.2930165703026584
2453298559,0.1297091852665353,0.054426822571788484,0.0555735004360606,0.027547186063288005,0.05227882037533512,0.01592428696017313,0.06858533329026562,0.03304908642613349,0.019568892190746902,0.06273350775757185,0.012042809306932823,0.05175124088848693,0.022976624998654133,0.0847572596014083,0.0561010799229088,0.2529743639437105
2453298861,0.12493405256414394,0.05982643711575525,0.04262626915167372,0.018169191511353724,0.043126931317764364,0.009781754363297694,0.05616568149272694,0.020150306319110217,0.015030631911022102,0.05119674408088117,0.009760220506691644,0.041032763762826094,0.016667205013081818,0.054087664330243215,0.06132842361402716,0.3761157229454009
2453301127,0.15219591502740185,0.07434025646823217,0.04751445460124681,0.027132659323621564,0.04442972964243031,0.01629036252247596,0.05468522885106108,0.033275191920497,0.023918731225168768,0.05146591728845677,0.014492285495870885,0.048833403318367295,0.02576525942913746,0.06273350775757185,0.07754880110253345,0.2453782960259268
2465223599,0.10622417987361632,0.09180089533762288,0.06427142260799472,0.029055289257387974,0.02124627542427776,0.009320435865325102,0.08483395949388954,0.032099725065135094,0.009968188164845765,0.06838824833383714,0.004994889954081559,0.02375811489686344,0.012875876264916295,0.08478357875948236,0.07018036302917764,0.2861985576715464
2486927047,0.0824639038728641,0.0603378662101489,0.04246476522712835,0.02649202708959161,0.033135221852557684,0.013749367442962195,0.05899738363642236,0.036860579045404136,0.01412082646941654,0.03624686413213175,0.009550265404782668,0.03173013770901299,0.014508435888325419,0.07222993852083939,0.053506250201879914,0.413606167296532
2509627375,0.11779846659364733,0.06554703663137398,0.03984422538639406,0.02210052330534258,0.04640988195205063,0.011257149811366678,0.06492637215528782,0.02624437142509432,0.01599123767798467,0.04506510892053061,0.008391140318851163,0.034459048314470005,0.019934282584885,0.07153462334185226,0.05400997931118413,0.3564865522696848
2510454848,0.1574723134964099,0.08005963246927103,0.04034319094560058,0.029213824996957526,0.04569185834246074,0.014981136667883655,0.048825605452111474,0.03199464524765729,0.022654253377144943,0.0485822076183522,0.012875745405865887,0.04965315808689302,0.026165267129122552,0.05840331021053913,0.07402336619204089,0.2590604843616892
2524337964,0.14839764030612246,0.09295280612244898,0.05234906462585034,0.024507068452380952,0.0409093324829932,0.00859640731292517,0.06819993622448979,0.024806016156462583,0.01782392644557823,0.05747767857142856,0.00830410289115646,0.03985969387755102,0.021012701955782316,0.06940237032312925,0.08988360969387756,0.2355176445578231
2587362435,0.18787809465710945,0.07784937217223326,0.050848965482181895,0.03158837883178283,0.03620812363377561,0.022933506176605157,0.04236566519241523,0.040967668140918095,0.036506786640231804,0.04307101825021605,0.0209254740480911,0.03932819887143511,0.02902114788266992,0.05433124904682019,0.07068781454933659,0.21548853642417773
2616792186,0.15932005969497326,0.0609143522731409,0.060714155716521674,0.025879954864776327,0.046166539268857915,0.02021985221854184,0.0587303898372948,0.04486829493199384,0.04128295659981315,0.052402965335662896,0.02182142467149565,0.04754364891590531,0.026043752047464785,0.06900714641041507,0.06377776968902801,0.2013067375241146
2629816509,0.13603659350392508,0.17074946310923453,0.04025164100510805,0.026171149856222476,0.027906186680255768,0.013485968041349687,0.039462987903274724,0.027803055120785257,0.014371686140331718,0.05368300998556158,0.010543685315279244,0.03224984530266079,0.013055242116502264,0.054677926206335915,0.0827903760055327,0.25676118370764023
2629822093,0.10359868476928864,0.05183270847741419,0.04979434353729116,0.02371419211589561,0.04607554083403098,0.010367755007947196,0.07210715975685217,0.0334024921438018,0.015494000169863744,0.05267596064014365,0.008353656317111345,0.04321212341814387,0.015979325155607325,0.06715684490226767,0.05933704606947428,0.34689816668486634
2629823425,0.11289265824627814,0.07645688494157901,0.048775161067229636,0.026413812349094262,0.03443380773850689,0.01311590773972021,0.07625668838495978,0.03226197842730438,0.013625498974750969,0.05563037649085769,0.008929979737681846,0.037048496099200426,0.01590652640774579,0.07583202902243415,0.06610126305827539,0.30631893131438137
2629828405,0.13494461228600202,0.04494716024217717,0.055466579308169235,0.024393647095936617,0.062079132238925486,0.016258387022409882,0.0601074994843422,0.03322656183646975,0.020856841262330287,0.051310984117739836,0.014493017386767615,0.06323784564238827,0.022543345587789226,0.07168250039432657,0.05479925745277181,0.269652628641454
2629831173,0.12808939686237394,0.08869920770696077,0.037740084203885034,0.02656547640713913,0.028112449799196783,0.011750931217316395,0.048253436707555296,0.033730086509178706,0.019977189725670048,0.04503209211468229,0.00864485130855749,0.031291328455817224,0.02082044188839952,0.06153920819228576,0.08268117788374038,0.32707264101724115
2629851239,0.12674868658925734,0.08977905580024023,0.0401849088195683,0.026705007340540408,0.036696635484536326,0.014183622708356084,0.05319161843749621,0.03512539584319149,0.018648612577197004,0.06155134131692935,0.010422354068843348,0.038540870430361925,0.016689112947257306,0.07279268129921497,0.06430556061102416,0.2944345357259855
2629854379,0.12902971402225216,0.09908516240187337,0.04110095973015931,0.02838544510367755,0.03421541149492228,0.013692231160290709,0.05694682051468715,0.03599898081752994,0.016798311069049613,0.05612783460124486,0.009821764398985671,0.038753200111624746,0.016670913260291922,0.07372086533444956,0.06184860287069729,0.2878037831082639
2630630766,0.13111054489862775,0.09273347165095427,0.046154406144214316,0.02508523520062121,0.030854535968648008,0.011623533408558706,0.04788337640592582,0.029434960385348038,0.016367585144202185,0.051323117242383434,0.00784406508208059,0.03254104029410694,0.015348402674140673,0.07370266564748419,0.06501534840267414,0.3229777114500297
2630632918,0.13825695531370194,0.14609495383346074,0.04740411798250403,0.03208604811997234,0.03147939188779286,0.011083609361918977,0.05430786590470644,0.03133379439206979,0.010634683750106164,0.054483796212038485,0.007455805093485725,0.03278370278697873,0.012369720574139459,0.06005290042344605,0.0640204321818998,0.2661522221817785
2630639272,0.10402941069413606,0.05052839757822832,0.043624649656025916,0.018478748832186757,0.042108009075577234,0.011338404979434351,0.06676858491367281,0.0271781992016404,0.01812082165520086,0.0705905191764035,0.008905713488394668,0.042599400623642605,0.0169257088778073,0.08088547543648915,0.05490845557456412,0.34300950023659593
2630640404,0.07718487242019437,0.060386561351144764,0.032007182809789,0.02427231584950072,0.027190332326283987,0.00842645506497288,0.0520511047209988,0.03443987430082869,0.012745847438090731,0.05177810941651804,0.005162644535847317,0.027378395758259625,0.015160339242165038,0.07997549108821995,0.05647969521590896,0.4353607784612771
2630646886,0.12815006248559194,0.05863939140246788,0.05937344544340504,0.022743542144408446,0.04617867239350149,0.014559749572307356,0.07734260304056102,0.029641223504289063,0.018527281330761116,0.07532243778740337,0.011981460585544595,0.04764678047537582,0.0214210315582572,0.08651524527111468,0.06442689185746005,0.2375301811475509
2630671840,0.14483917543284922,0.10196071294240404,0.04042150475011829,0.029410694136060855,0.03240150936070566,0.013862094905300965,0.046894526747473284,0.03346315776701974,0.018903408194712385,0.04473483056091435,0.010980477802448464,0.0338514177556146,0.01834528446110727,0.05860299202853711,0.07613535713852387,0.2951928560162099
2630673146,0.13233599048763028,0.05121391912059112,0.04166515002608622,0.021245101250925155,0.05763840861937175,0.01560319829165605,0.07323554034870598,0.04234460500612723,0.03589584925805942,0.06813356143607664,0.013388903044200972,0.05864545796478968,0.018721411325058543,0.05461119402079617,0.0538892731045026,0.2614324366954221
2674622586,0.11692692219027165,0.0772576711680559,0.03298996590591975,0.025158033948482757,0.03848627136946578,0.012751914000412527,0.049557747606741163,0.029714022252150595,0.016088523277399628,0.04400684308229898,0.009215108166806195,0.038267875125881166,0.02011672065907133,0.061405743821206275,0.07043885511835864,0.35761778230747765
2744360882,0.14414763612089107,0.03805570808703985,0.058227548262756126,0.02031181024365559,0.0572962089645445,0.019891900039837637,0.06241588337263264,0.03700593257749497,0.030395038599437967,0.05406074700948566,0.01979499768511041,0.056870915296575036,0.01971424572283773,0.06568902957675204,0.04330996909891577,0.27281242934203304
2744360888,0.15132917729900836,0.03441648632061759,0.059309624557210075,0.024979273663016683,0.05358161870000108,0.01899286152653509,0.05576730514551504,0.044817339061339195,0.03779191834361575,0.050943721265760085,0.018535267073656558,0.053156325032031604,0.024306340644077648,0.06961895840735596,0.0393100552343422,0.2631437277259171
27483765,0.08463343992592354,0.05365160373397074,0.02621747041786449,0.013873187118446978,0.026874253044348977,0.008010594657450174,0.04801511676733745,0.016957912077263482,0.012064343163538872,0.02701960657643981,0.008188248974450078,0.02594291374613736,0.011316041646478677,0.05335012974148605,0.03741507585300989,0.5464700625558534
27483771,0.07799562862710897,0.046906123152125924,0.02680965147453083,0.014158510718477124,0.029151458380438644,0.006024096385542169,0.05683323104751445,0.01542900825823401,0.008828881208480032,0.03528860751316257,0.00549113343454246,0.029210676486105282,0.010406236204873113,0.05841596950805904,0.03250535654683075,0.5465454310539746
27483779,0.1065602894150328,0.07084100476974924,0.031918558954315925,0.015552827933718791,0.030868783444771036,0.006492457766723732,0.05230573769609268,0.015348256295961324,0.01027703306523682,0.03823874586819127,0.0059056601742089,0.031127189724043627,0.013307923382538195,0.053737739160394926,0.057952991591028985,0.4595648007579918
27483907,0.06614124056547907,0.036725992441616326,0.02079093855314017,0.011504462891781605,0.021140863722988467,0.005038922445815434,0.03770578291719155,0.013442509986326002,0.010115529140691451,0.02300892578356321,0.004872035057118554,0.01932663630392885,0.009991709465206671,0.05050227720533609,0.030142015784316894,0.6395501577354996
27483924,0.06150069446687555,0.031024903905164894,0.02929142844837796,0.011509846355933115,0.02546916890080429,0.005114290943936605,0.0613499574706332,0.01458380438644659,0.008349752898995446,0.027041140433045858,0.005076606694876018,0.023606490304381063,0.007273060068693001,0.05572423743230294,0.019283568590716758,0.6138010486988167
27483952,0.08239930230304596,0.07848552386489657,0.01645186644702133,0.013647081624083466,0.013625547767477415,0.003989146936270552,0.032182348697740025,0.013119502137235268,0.008624309570722568,0.024645498885622917,0.0032677627399679146,0.012355050227720531,0.00959871658214628,0.04777824434467091,0.056424087771999525,0.5834060100993788
2764399631,0.16917536096127134,0.051837376314911116,0.04789668055600418,0.028650796214348007,0.05867437578733164,0.02774637423689396,0.04333150295552182,0.041334237755310796,0.035509329543374574,0.04109736533264425,0.02534534922531951,0.06255585344057193,0.028290104116196688,0.05837290179484695,0.05233803848100176,0.2278443532844515
2781049523,0.11867308375593527,0.0805581575632288,0.05751154753060499,0.025802943678198048,0.03685519558125262,0.011332192038933212,0.08138182757841016,0.02776252462934849,0.013356374559901806,0.06843459629402328,0.006734713653541781,0.03568698386037447,0.017808499413202408,0.08582856896755925,0.063239553387814,0.26903323750767144
2924458921,0.15588031885851564,0.07042065543139325,0.05383467404360645,0.02109950375520208,0.052251301277618026,0.015372668923427852,0.05840279547191787,0.029544158507140345,0.02582535580388017,0.054374598090246175,0.014723546754995816,0.04847183295113991,0.02373239180286099,0.07179776507844066,0.07008092794137274,0.23418750530824206
2925208666,0.15123939868234265,0.04645166769798226,0.050922724129144975,0.02252514590082384,0.07008699450369453,0.01731396886640216,0.054592994333830795,0.03314162996396462,0.025054902389012243,0.04241133719166697,0.016670913260291922,0.0606777563425909,0.022203618097768718,0.06842475642752278,0.047179655176597626,0.271102537036363
296662143,0.17504333688641968,0.07039956070932524,0.0516112708205476,0.02994821107486245,0.0413826889326744,0.024575513851653262,0.048558846646640175,0.04136115507606835,0.03842716711349419,0.04365451080461255,0.023025076176017744,0.04460200049527871,0.029969744931468506,0.05493825166618215,0.07374807541156582,0.2087545894031892
3042705721,0.1007515315955511,0.09067368670392023,0.03880400960410005,0.028252419867136107,0.024171754040289845,0.01071847712566082,0.059686467047815925,0.03309215413934559,0.01164443295972092,0.061904454278238964,0.0055772688609666545,0.029975128395620013,0.016118091669627573,0.0819632417067735,0.06841306243741721,0.3382538195678155
3043544536,0.12541856433778004,0.054862883168060976,0.05509437212657601,0.028930736350226645,0.04905950881273082,0.012215080159781216,0.08089731580477405,0.03369510212431495,0.0170117467187786,0.0668141735844181,0.009248791412297987,0.051245195258244766,0.01980576461341344,0.06974277808284074,0.06189368734993594,0.26406430009582565
3043871600,0.16347965588897145,0.08070351109531963,0.037867286841736916,0.02700345618398527,0.039137784381493804,0.016704889262142402,0.04559255789915695,0.03353359819976959,0.0245916642441078,0.0463623932728232,0.014901428771385812,0.04412825564994563,0.027068057753803415,0.05261797861688039,0.08071427802362263,0.26559320391485514
3102751358,0.08525792176749895,0.06579669885978229,0.03970843158155409,0.020920141692776468,0.024683183134683505,0.008532790680146863,0.06660960194666064,0.0291299245238326,0.009275708733055549,0.0598479709723613,0.0049366366269367025,0.02732108056892449,0.014330781571325515,0.0892901364169816,0.0743564068606867,0.3800025840627928
3173783158,0.18098129784553765,0.06858533329026562,0.06052090399130033,0.029485233157832406,0.03361973362619378,0.017420889994293528,0.057355427070211136,0.03876632535503946,0.034604907565920516,0.05380234073021308,0.019165132379383484,0.03744199317376746,0.032715311648739726,0.06689492554669078,0.06933901827147733,0.1993012263531337
3173783162,0.15004493896264948,0.08235207117421528,0.05351149641057146,0.027947483986939255,0.03607631659783609,0.017406737431311648,0.057129367327667616,0.03698078432711014,0.02707145863908893,0.0573569063790573,0.014551122336370981,0.04185580850313434,0.026400218437489333,0.06539472336939828,0.08065690524136206,0.2252636608757978
318465876,0.11770406020866307,0.09345693767025204,0.07050722999235548,0.02752565220668196,0.027143426251924587,0.009135738665116229,0.09290244086264628,0.02760102070480313,0.009356460695328228,0.0652691193729341,0.00614791606102695,0.027773291557651517,0.014163894182628638,0.07455559503429267,0.09066291977561722,0.2460942967580779
3216505410,0.10765313263778976,0.031024903905164894,0.04357375884233986,0.02037641181347373,0.05555735004360606,0.0144115335335982,0.06622199252775175,0.031073355082528505,0.01999418585871637,0.045651776004823584,0.014669939812870788,0.04889262142403394,0.024747784704501653,0.0613499574706332,0.07331201481529336,0.34148928152287433
328997207,0.17512947231284387,0.06968355997717411,0.04816585376357979,0.030965685799498262,0.03768424906058551,0.023617257232684086,0.04466660206509685,0.039939920540069125,0.034890231165950664,0.041237335400583566,0.022831271466563302,0.04319153288758249,0.029878226040892793,0.055481981545484886,0.072719833758627,0.2299169869827837
330056915,0.11519410977242305,0.09717658512839235,0.030893270049896563,0.023999026408664963,0.025203845685773395,0.01207861750030425,0.036680053547523433,0.030369964707314106,0.014536935621272971,0.04514421321650237,0.008458074723134963,0.027345746622855056,0.014914202263599853,0.06431787757088961,0.07179627601314348,0.3818912011683096
330062705,0.13897535430475702,0.1021166733804519,0.04071605571221054,0.027642484832948816,0.031298446063890824,0.01238388203269003,0.04783266805825124,0.031560894032055274,0.015118223654496403,0.05050597526885658,0.008819472418549579,0.03213461749734501,0.01631449811403669,0.0611320662589568,0.06678995617729276,0.31665873219321056
330072686,0.13917411069078425,0.1146326731729027,0.034433247501880884,0.029945640080109363,0.025177226054614237,0.01463903105827002,0.03701878755126045,0.0364147884413644,0.022501615962530863,0.05015841731040256,0.011656123173432516,0.028536308823685238,0.020308145510803108,0.058201142300070986,0.0743289781818567,0.3028737641860317
330074636,0.18675919483404746,0.08538103782912806,0.045299739993408285,0.02768520892078954,0.04848573625810232,0.01567974023754593,0.050493768386616365,0.029656620402582975,0.0272701749246225,0.04824159861329818,0.015026672037694854,0.04702701383039758,0.0277828639787112,0.048827528960828114,0.08714493231283796,0.20923816847938867
330079508,0.18088768447650785,0.10729849489141978,0.045513360432611914,0.027038244162058567,0.041100572502777065,0.01305526055590142,0.055632865809743526,0.026836830605095157,0.02196628459125255,0.06101610087767484,0.010955676810585808,0.04294381172104832,0.024511419538335712,0.06076585979175059,0.07541411847999904,0.2050634147532379
330084330,0.1318242667640258,0.136479250334672,0.028507971279055612,0.028167214311792626,0.02461969088475113,0.012017768041864428,0.03304734087866618,0.03142874528416697,0.017153462334185226,0.05899963490324936,0.008123402701715954,0.02665206279664111,0.017421199951320434,0.06414749908725813,0.08186686138493367,0.2995436290617013
330088907,0.10928211325545342,0.10583977246371504,0.032854823549517215,0.024200144041210438,0.03030968860243405,0.01273177817653593,0.04003247030675895,0.03181723855909962,0.013183432819423592,0.05775686331953955,0.008886610270870718,0.03363606401289047,0.01273177817653593,0.06960974597478058,0.0630485467706693,0.3540789297005652
330089170,0.10146377013846894,0.09288893023832782,0.03146950737312184,0.026445550541936085,0.03578793940239723,0.01235831356313284,0.043176567272952805,0.034950613263866274,0.011288396830565504,0.05535656138065777,0.008466297622924128,0.038361941976399805,0.012761470592795894,0.07021910033958227,0.04969685692577258,0.37530818253709813
330089856,0.1174942193014482,0.11834002677376172,0.028593160520871363,0.025489838140440545,0.023767798466593645,0.012090787391992212,0.034781550444201045,0.0323658269441402,0.014482171108677134,0.05360228793963734,0.008591943531702569,0.02680418644274066,0.014196178654009982,0.06445783132530121,0.07713885846415966,0.3478033345503225
330096935,0.12647559936716565,0.07160155774613608,0.04341608859681149,0.023700864062309847,0.038213459900206886,0.012747961543142266,0.05408299866131192,0.032779603261530975,0.0156078860898138,0.051101375197760736,0.010393087501521237,0.03902884264330048,0.016198125836680052,0.0696239503468419,0.05810514786418401,0.3369234513812827
331229065,0.16092856273579165,0.11825483753194595,0.03697213094803456,0.031550444201046614,0.03277351831568699,0.015364488256054519,0.03663745892661555,0.033820129000851885,0.02188146525495923,0.053072897651210905,0.011756115370573202,0.03411829134720701,0.021199951320433248,0.060021905805038335,0.06565048071072167,0.26599732262382864
339911248,0.12390933597403313,0.07522143367992516,0.04204214116740936,0.027100181548110246,0.04659734829729879,0.014831930461572315,0.05093249711173461,0.03270616713429059,0.016190790559498267,0.05187874786818506,0.010606810804863288,0.04933157286680969,0.018033778951422125,0.06903779501567915,0.05191175661550311,0.31966771194366506
36107502,0.1555228958730364,0.14134823476210473,0.03549317915092004,0.02831163797280274,0.023584956447775016,0.01015859685390355,0.04493577527267246,0.029183759165347718,0.01979499768511041,0.047595206563519496,0.009146505593419252,0.02612056806313727,0.021296984183382318,0.05505668787751543,0.09022685917934473,0.2622231553560085
36108839,0.1312542394780193,0.11726799961239058,0.03808262540779741,0.0270626742896519,0.02699807271983376,0.008694294604692227,0.05616568149272694,0.02671274911980361,0.013544795805204731,0.05277948254142576,0.007811406483844223,0.028306254508651225,0.01643033259041528,0.06761092627884191,0.06799853569775079,0.3132799293689503
36111109,0.11130312133251503,0.13399980619529053,0.03425498239607223,0.02678811761792478,0.017749281307535773,0.006648578227117586,0.051600503892244576,0.02563605628950117,0.010352401563357988,0.05291406914521357,0.004516726423118749,0.02071018659086749,0.012408884869235656,0.07077101973577958,0.07115324569053695,0.3491930187236883
3739344801,0.11530841866124013,0.11143770793630284,0.03920238595131195,0.02898995445589328,0.024510912281835117,0.00952873154817662,0.05684938143996899,0.03140174639577075,0.011256823540812042,0.058922015138301184,0.0052973287250880205,0.02746643410101532,0.015036015375173616,0.06022481346296715,0.08346522820504537,0.3211021027810976
3739365059,0.11671888626893635,0.08071427802362263,0.04603400195958096,0.02804784822937864,0.03345822970164842,0.010190897638812623,0.06017636228560354,0.03237615340719446,0.011402177072902872,0.04974859222412438,0.0069285183629962215,0.032898349429891144,0.01390548790335605,0.06687339169008473,0.06473077295778287,0.3457960528440841
3739368855,0.13890952550146968,0.09002228754158725,0.05119136061672965,0.031310227505195035,0.029172992237044695,0.01135372589553926,0.06401477222563175,0.035616998826404817,0.015192135835567468,0.0516974062469718,0.008888099314146667,0.030669595271165088,0.01645186644702133,0.060407851244118564,0.07645595787977648,0.2886451974116304
3739394657,0.09470590135340287,0.04882801985421578,0.04524263272930865,0.024274039859168574,0.0366237066227376,0.011832854205023849,0.05186967709982019,0.03893859620788785,0.015520527148809716,0.04475273749152105,0.009054986702843545,0.036542954660464914,0.015041398839325128,0.07679511612132175,0.04477427134812709,0.4052025797560215
3739398765,0.09525501469685714,0.05158973696394156,0.04468813592170289,0.026136718455591804,0.03456722331685993,0.012252764408841802,0.05381849112266762,0.03950924340794815,0.015865068854506496,0.04365451080461255,0.0087696631028134,0.03558469804149574,0.015418241329930985,0.0781840498724119,0.04917256155991257,0.3955338781399055
3739978971,0.09663856498379576,0.08820267665837613,0.03823336240403975,0.031708603852406946,0.028656179678499517,0.01125144007666053,0.05574038782475747,0.03751197820773712,0.011267590469115064,0.06125843858005749,0.005609569645875728,0.03167630306749788,0.01363631469578044,0.08214089602377338,0.06314803449723828,0.3433196593343885
3740006657,0.12220463623932727,0.0877989168470127,0.04498960991418758,0.02806938208598469,0.03361973362619378,0.012408884869235656,0.058410586043907524,0.031525566071255534,0.01623652788096084,0.06004177568181573,0.008344369434843934,0.03445417056967817,0.017044047503687675,0.07807638058938166,0.06554905950881273,0.3012263531337145
3740142670,0.10024010250115743,0.09110974730019272,0.03945540876643303,0.026206703489561462,0.03135867868255865,0.009889423646327937,0.0623620487311175,0.029582135512559626,0.010373935419964038,0.06565672879184298,0.004968937411845774,0.03350129741486052,0.014616105171355663,0.07803331287616956,0.06954358990923479,0.3331018443748183
3740146414,0.14263488269431615,0.12026658914478287,0.038324881294615455,0.027886344304833274,0.024909288629047014,0.0144115335335982,0.04521033194439957,0.03020661735413504,0.01899286152653509,0.064784607599298,0.008958084348116326,0.030809565339104405,0.017652378952808554,0.07207920152459704,0.07721502632513971,0.2656578054846733
3740150104,0.09322544871173703,0.07557845322308,0.0410758314760382,0.030610377165498456,0.03263455968646705,0.010750777910569892,0.06187753695748141,0.03749582781528258,0.010180130710509598,0.05407151393778869,0.005776457034572607,0.034276516252678274,0.012957998212689902,0.0753631146570195,0.059713384368573486,0.3644120718800133
3740182754,0.09385531401746396,0.05170278971112331,0.04336380374043089,0.026282071987682638,0.0336251170903453,0.01254347147302346,0.052413406979122924,0.040031439430644834,0.01583815153374894,0.04448894774809695,0.008861181993389106,0.03442725324892062,0.014885278378931275,0.0765097925212916,0.04953325365806389,0.4016387264877203
3769232449,0.149401897132767,0.047735176631458806,0.05155743617903248,0.0295283008710445,0.0552666429794244,0.017975386801899286,0.055665019326636304,0.04165724560440152,0.03290911635819417,0.05261797861688039,0.015547444469567278,0.05347394941697083,0.028268570259590637,0.07335508252850542,0.04683075465400476,0.24820999816962214
3769378067,0.15111971431432097,0.05740413176250709,0.053104384296187516,0.02480281235746309,0.051602532011703325,0.020948058160620318,0.05756544182269242,0.03480403608895415,0.030220605413343125,0.061342322197376765,0.0201303830279567,0.055028980186674674,0.02669959616860795,0.07393563172357018,0.05756544182269242,0.22372592864532925
3769384363,0.13066833158966398,0.06491512267557625,0.05066203188102551,0.024641985308179497,0.04921084899823383,0.015901139572294783,0.06253585771658061,0.031104811402472638,0.02173399480274037,0.06703002486135017,0.013156266522673326,0.05029079905054391,0.02163837422519209,0.08434297413744615,0.0581823090682056,0.2539851281878213
3769392241,0.1543737275973701,0.06216555974590885,0.06576444281280246,0.024941872754174598,0.048893635483763305,0.01561370134276719,0.07466430820233844,0.029002436338150382,0.02599873176918199,0.07275083714358821,0.01516314565742193,0.04694678992980232,0.024652627129014674,0.07819644227881052,0.0702477500027812,0.19062399181212386
3769396501,0.1682164091802646,0.04235560862066886,0.05758167806360578,0.02856470928760085,0.0561163573211766,0.02639386374326133,0.050013869290977724,0.04433349011662265,0.04055260079356465,0.04626916072699205,0.02676170146049664,0.0579073048952567,0.030078271042126462,0.061983670417405365,0.05032743586960455,0.2125438691703752
3769398061,0.16825519347585327,0.048824825765457366,0.06366412726113367,0.02660782405387567,0.05757291002449911,0.022412770860601176,0.0600619749191753,0.0394894340593572,0.03391840341868868,0.05566555917262364,0.0238558691590876,0.05558725151301585,0.02503607745746216,0.06546520343211285,0.05827767896096923,0.1953048964660872
3769399435,0.14466244867739114,0.053672791725561456,0.0705615759125889,0.025605214152700187,0.05288752776469005,0.014886361086805322,0.08323797985237036,0.031068407709048486,0.022239797177536963,0.06598460882636692,0.01388795405084023,0.05063269839133069,0.02079827690650872,0.0738933387180005,0.06886764936842342,0.20711336967983668
3769402409,0.14790337821875738,0.0504429482636428,0.051063075832742735,0.028773919206236714,0.05767776990314199,0.0203756201275691,0.05715804394046775,0.038973541223718405,0.02767540751240255,0.050454760217339946,0.01850342546657217,0.05942003307347035,0.026594613749114104,0.06691471769430664,0.052250177179305454,0.2458185683912119
3769414581,0.15354154046353014,0.04870880168719571,0.06864328823674587,0.025885665567297118,0.05684750173879876,0.019289448295977202,0.07104395234569563,0.03767023400866034,0.029335217966839425,0.05668483991833255,0.020237374077314844,0.054138341073792375,0.02310919656278746,0.06897982993426219,0.06181710080545647,0.204067667317314
3770029302,0.14132131744134716,0.052574910903668295,0.05230573769609268,0.028726164712469176,0.057656901062695824,0.017975386801899286,0.06279810932739,0.034055794222466275,0.022685917934472475,0.06101079922908794,0.012785727359841513,0.058690526179786165,0.025722191715925363,0.07407108326065656,0.05064763073742692,0.2469718014147744
3770033664,0.13613704146344088,0.06440776510869214,0.05052919452609365,0.02369800919495677,0.05468522885106108,0.0146322555638102,0.0881919097300731,0.04320768328003704,0.04165724560440152,0.07648825866468553,0.015875835782809523,0.05356008484339503,0.027294163248166928,0.05358161870000108,0.07832401994035121,0.17772968549802426
3770185618,0.15105435988970126,0.05351319809151135,0.055052117301113285,0.025635304751770616,0.05482900262016728,0.021430451149326648,0.06014942962734127,0.03376468838316228,0.030869918420119224,0.06317578004324992,0.018901818098605246,0.05688852275197656,0.025881302989736725,0.0749665327978581,0.05716884632547284,0.2167187267588874
3770205488,0.1623931623931624,0.04910239247588645,0.04728887058204328,0.028335564480142794,0.05484616528793235,0.02776919644389524,0.04302108719779402,0.042283092483895696,0.03700843259076191,0.04734607947459353,0.025000286044462756,0.05989771050012014,0.030200574377281207,0.06427991166946992,0.048661884003249466,0.2325655899953089
3770210866,0.15324074074074073,0.04804774654172245,0.06951695671575189,0.026154618473895584,0.05794288264167782,0.02001338688085676,0.07090026773761714,0.036680053547523433,0.029417670682730924,0.0572846943328871,0.020247657295850062,0.054222445336903166,0.02285252119589469,0.06876394466755913,0.06114457831325301,0.20356983489513608
3770217950,0.17276686922617585,0.043029259896729774,0.057138173685997634,0.03146112145374501,0.05662299343145175,0.026859625089278395,0.046026672286814896,0.04605008957111244,0.04107391665788519,0.04470945004507827,0.02723430163803904,0.057062067512030634,0.030009249827297524,0.0604692823773227,0.048684534054585685,0.2108023932464552
3774457925,0.17281209429864472,0.07650541744015336,0.061818270059088326,0.02197308872954052,0.04818670452201555,0.016058190465790656,0.06647132335990487,0.028440044164573706,0.02265254370958153,0.05456266152222182,0.01543940110896759,0.04807143983790146,0.02070517720428542,0.06198206724177676,0.07769446365522514,0.20662711268032855
3774468529,0.1631844598939565,0.07736080272752642,0.0415680850289375,0.025236899258666085,0.039893713828122165,0.013364636794913794,0.0635593734454434,0.038983729479852944,0.031103265023841586,0.06585253400308182,0.012078525582693312,0.04286026280347977,0.023295599315691768,0.05759594268311919,0.06349870782222546,0.2405634623084483
3774484665,0.17096785935281913,0.07193122944952013,0.06324997876703187,0.023301665878013564,0.04796830827843095,0.01792669166090343,0.0644814909183562,0.03138232689064415,0.025267232070275057,0.054665793081692324,0.016664846697970127,0.04815030514808479,0.0214210315582572,0.06434802654727673,0.07226489037721885,0.20600832332350547
3774492333,0.1733034858467101,0.07621422244870721,0.05147478130042829,0.027985051990439096,0.040815831301034965,0.019867991603877748,0.051226052245234716,0.035574321455004304,0.03350562370327231,0.05256676251835135,0.0185394144554047,0.04426163869981437,0.027966852303473715,0.061084216018151165,0.07424865625644572,0.21136509785365026
3775281856,0.13291231390820074,0.061084216018151165,0.05670415802181536,0.02012278722139313,0.05431393246702823,0.015712396413448355,0.07076038292141375,0.0299445516203788,0.02168796030041617,0.08234751695604167,0.012569917130758685,0.056625292711632025,0.018509081643795725,0.09207221635787864,0.04854463169900145,0.2260886446086461
3775286010,0.16438563923367186,0.06485761778230748,0.05367694342323978,0.02419345053931739,0.051122920685764205,0.015870127033815018,0.06167873912568704,0.03093340127883134,0.025995219548890426,0.06362610563098314,0.013953093340127884,0.05071646101020396,0.02218541841080333,0.0662165277423895,0.058487727344423014,0.23210060786954465
3793501173,0.1402527673417685,0.09577377610801628,0.043133105900303725,0.030768234227231506,0.03292021131119461,0.015027853348879388,0.04953145917001338,0.034748312245397366,0.017719624015776366,0.04897007384376215,0.011076564321803343,0.03669156914395935,0.01895035338486563,0.06059362899627184,0.07698895942191705,0.2868535072188395
3794894685,0.11510923048763418,0.08173713621240995,0.03424959893192072,0.028693863927560105,0.035299374441465595,0.015299805118597716,0.04606091928033852,0.036860579045404136,0.01873445524726251,0.047433702638974125,0.0099163409670855,0.038211828547433706,0.019988802394564853,0.06651808305608492,0.07396879744177784,0.3319174822614856
3794899663,0.13462428803686596,0.1039600762298524,0.04949556940900331,0.030249685067347137,0.028112449799196783,0.012355050227720531,0.05910505291945261,0.031827040063740215,0.015095233480840253,0.06762707667129644,0.008129030868783445,0.03168706999580089,0.01841144739817177,0.0738665116228991,0.07422720372105043,0.2612272144879787
3794900025,0.13420976129719953,0.1033086770675194,0.05711317118339309,0.027687156131227318,0.023568806055320482,0.011364492823842286,0.06955974030168934,0.030281985852256207,0.018621402500080757,0.07186386295853656,0.00765528602345037,0.026815034938682345,0.01833069543589909,0.07979908911786557,0.08615157681664996,0.2336692614963877
3794908039,0.0973061145385833,0.08760511213755827,0.055180507553000205,0.024160987111986817,0.021140863722988467,0.010923048763418285,0.08566168157886236,0.028015547444469567,0.01188668884653897,0.08997383636422365,0.006104848347814852,0.02538841693853161,0.014233879216598296,0.10350786524112536,0.07698353736662468,0.2619270648276753
3794909783,0.13429589672362371,0.08097806776704673,0.05417379975666742,0.024683183134683505,0.03136406214671016,0.013474810771235073,0.0577376530249685,0.02932372923328704,0.018825974137838212,0.05684938143996899,0.010659259019994186,0.033883523369617884,0.017695446666020652,0.0758530098948071,0.08401972501265113,0.27618247790087963
3795729358,0.10885364514357697,0.07636443898920077,0.05142284957524468,0.02469395006298653,0.03879324267579703,0.011332192038933212,0.07096482444523403,0.0297059551880444,0.015391324009173422,0.08297533296725777,0.00819363243860159,0.03976226622306922,0.014610721707204153,0.09057678434919299,0.06129073936496656,0.2750681008215166
3795731120,0.13422052822550254,0.08016516468016839,0.05291406914521357,0.022314458908018128,0.04384831551406698,0.013862420190143956,0.058690526179786165,0.02524844687059229,0.017706213594323676,0.060935430730966765,0.011466778642721016,0.04340687145364299,0.01982729847001949,0.08017593160847143,0.0797291040838959,0.2554884417024667
