10659426465,0.14571276040718767,0.12512284788701633,0.041143425666411874,0.023319865564978948,0.018909474757034174,0.010519419065992065,0.03775221732852862,0.029744355063759567,0.025200499884735317,0.029871752872517258,0.011417270289617686,0.018709278200414955,0.021111636879845668,0.04219900751040415,0.12282362076705615,0.2964425678544996
10659456165,0.1692692219027166,0.06286778534075882,0.056036836166417935,0.02771205668595833,0.04161055096519006,0.01619165483687014,0.05893665295623581,0.03602931362913892,0.032225579053373615,0.05106832162486805,0.016670913260291922,0.04140428784624905,0.028737305718341644,0.06121161382690885,0.0701233938776253,0.2299045123090549
10659584605,0.16948035302303438,0.058123069786745765,0.06538616471966895,0.02554290108763321,0.044732119969238655,0.01939063243856887,0.06080248043847121,0.03464923523882765,0.03269003063927442,0.051348250143430876,0.019518804702091042,0.04389594853578448,0.0263912794033276,0.06571575054015454,0.07039098643815384,0.21194199289559454
10659610274,0.16767978257440638,0.05455052839757823,0.0641296303036921,0.02614688360693529,0.04949101542120142,0.01966172848493673,0.05923998107232556,0.03709096203545299,0.03352988995255948,0.05252429658209879,0.02045038158677004,0.04802897390164889,0.027863720744003204,0.06550673995073951,0.06255232410002548,0.21155316128562587
10659727256,0.11926861524648442,0.08540506436622622,0.07400599376357393,0.021979155291862312,0.018405950084325214,0.009773231900411312,0.07413945813465342,0.0249881702034725,0.013843895218335577,0.0721920916293573,0.006891614797558815,0.021123770004489256,0.014462684575158641,0.10020747643140536,0.07787039396255718,0.2654424343901285
10659731604,0.11808563559373444,0.1248316528955702,0.07608075807762772,0.022567611837076403,0.01611278952668681,0.008608451934626723,0.0811706038656135,0.024533178029337896,0.012254455890025358,0.08424635096276342,0.006557953869860105,0.018891275070068797,0.011945061211613829,0.08043048326235455,0.097647387131608,0.21603635084143216
10659840134,0.1949732464601609,0.08736456399616593,0.052536429706742376,0.027032601705917324,0.03644790642934275,0.02017738628228928,0.0419138790812798,0.03647823924095172,0.03455513898494279,0.04274499811936568,0.01925526880937648,0.03758235358351837,0.026638275155000668,0.05623096616071537,0.08389449034809934,0.20217425593613125
10659924666,0.16815139345259827,0.055239138371668495,0.060076670317634175,0.02516125106486552,0.04880126566873554,0.020092491176828525,0.05694900815382744,0.03316903979554582,0.03301691614944627,0.054661068516490205,0.0194596568090544,0.05035901180479493,0.02789339174881344,0.0720579286844347,0.05741146403797006,0.21750030424729214
10659941403,0.09346145912956964,0.0694378723352625,0.05147478130042829,0.019746660357441853,0.018794210072920082,0.008214125383710066,0.06781203363302153,0.024375447408971237,0.010185758138293356,0.05606110241570512,0.0059755638869678105,0.02025625159247261,0.012187723704485615,0.08447688033099165,0.08040621701306737,0.3771339132966913
10659964794,0.17567551171453186,0.08968805736541331,0.05671629114645895,0.027663524187383975,0.03199504968514542,0.01638578483116757,0.048672029507759125,0.03635690799451583,0.032268044989626175,0.05508438588189617,0.014984408934832988,0.03284436841019668,0.025625159247260942,0.06007110011041144,0.08561739404748905,0.21035198194591054
10659977343,0.16249893835159368,0.06209126536356908,0.05913078295053325,0.026686807653575024,0.04326065591671823,0.018988340067217512,0.05829966391244736,0.035440857083924825,0.031770586879239004,0.05992550261468836,0.01841201664664701,0.04569334740775792,0.02803358448901345,0.07350853565318675,0.061411810383528075,0.2148473046263604
10660045233,0.17775369771770008,0.07647663826035851,0.05435767460084239,0.02838794201195024,0.043478793221667165,0.019982368498383776,0.043344108139876575,0.03828729552355765,0.03698329904985797,0.04661940444705652,0.020306837104515627,0.042646194534234495,0.028198158487608968,0.056806494269761976,0.07932339112547752,0.20704770300715056
10660062233,0.16229874179497447,0.06360790594401776,0.053549545614482094,0.026001286111212225,0.037467088899404255,0.018515148206117518,0.0497458110387168,0.03443380773850689,0.031345927516713376,0.04938788386173091,0.0185394144554047,0.03974811633239908,0.0294774263216006,0.06772710176051638,0.07049952074157657,0.2476552736626263
10660075083,0.14767832659944916,0.0538953396668244,0.04979434353729116,0.026080151421395557,0.03885633167109526,0.01870321163809316,0.05260316189228212,0.035701719263762,0.03175845375459542,0.04684599424889892,0.017556631359273954,0.04036690568922215,0.026559409844817337,0.06328031157864085,0.07733046991591745,0.27298923791844115
10660106983,0.15077227338356447,0.050698261323238576,0.0786590470643905,0.021681893738094368,0.047737778910202734,0.017138038559070118,0.06382630218760238,0.027481527317730136,0.02459991021487764,0.06028949635399605,0.01732003542872396,0.04960021354299373,0.02371419211589561,0.09157475824749149,0.0623035950448319,0.2126026765672964
2633417607,0.15608277614479366,0.05618183188518148,0.055455064224727325,0.027681772667075808,0.042254810125219366,0.018793673352929145,0.05289253528860751,0.03623609720382872,0.031450197573134366,0.04862883168060984,0.018729071783111,0.041888734562916544,0.02575987596498595,0.05899200017227085,0.05611723031536333,0.2728554970552451
2633418313,0.16471246917966773,0.05991257254217944,0.05881434585527095,0.029205293021953762,0.04541490358215704,0.01954197486998934,0.05403921315287962,0.04065053780806874,0.033232124207284906,0.051912744813032284,0.019299718983171288,0.044472797355642406,0.02685810265189444,0.06536063826350981,0.05859362382505895,0.2279789398882393
2633421419,0.155802836008915,0.05230035423194117,0.05604186181724216,0.028203968689772495,0.04877418521270066,0.019940351217201245,0.05543891383227279,0.0402790787816144,0.0329198832864972,0.04988317882791218,0.018723688318959486,0.05106215747709336,0.028015547444469567,0.0647361564219344,0.06007945993087632,0.2377983785005976
2633428697,0.15818232716388342,0.05867437578733164,0.055826523251181676,0.02959290244086265,0.04167877946100757,0.019832681934171,0.05606339567384821,0.04328305177815821,0.03380815487149671,0.04628702477470203,0.01976269690020134,0.04339610452533997,0.028376239542620887,0.06260968808208706,0.06347642581048052,0.2391496280026271
2633432523,0.1836837968495968,0.08348137859749992,0.05850210493448324,0.025948297210288875,0.040865876374129216,0.017544709669778308,0.05137439839788107,0.03312445492425466,0.030346587422074363,0.050017765431699994,0.017060197896142208,0.04097892912131097,0.025474552364955803,0.05867437578733164,0.08016516468016839,0.20275741033840453
2633493377,0.15805850748839864,0.07674666494395814,0.045070361876460255,0.02634129009334927,0.040865876374129216,0.01575201610732474,0.048736500963640086,0.03290373289404266,0.023321166704350915,0.05277409907727425,0.014131593397719562,0.0418241329930984,0.02369800919495677,0.0660228043541458,0.07553538550986788,0.2582178580272835
2634252000,0.1728899512258148,0.07976678833295647,0.06369714784069253,0.025103093338501456,0.04313231478191587,0.017900018303778114,0.053700054911334345,0.03344746277334539,0.03159555110522519,0.05542814690396977,0.017087115216899772,0.04264241954412826,0.024823153202622825,0.06453158478417692,0.07558383668723148,0.1986713610474068
2634252594,0.15387555584267365,0.0576030664211807,0.05458294303218234,0.02854851039546928,0.044957309129278505,0.01843836471892933,0.05909428599114959,0.039869935506099456,0.029759789829559524,0.045662542933126604,0.018589101715171683,0.04526955005006621,0.0274125994595002,0.060919280338512224,0.06557059336541878,0.2498465712716819
2634254018,0.15187290717831106,0.05886279703263456,0.052117316450789763,0.02853774346716625,0.045350302012338896,0.018018454515111384,0.0602032796063611,0.03977841661552376,0.030018196108832114,0.04853731279003413,0.01746934117165714,0.04497345952173305,0.026906553829258047,0.058270615975968214,0.06676033894290298,0.2523229647813775
2634254778,0.17704060208663067,0.06644271455796376,0.06132842361402716,0.025501469685713363,0.05048612681288155,0.019100530809565336,0.06010099378748236,0.034206531218708605,0.03003972996543816,0.05602571142478762,0.018142274190596164,0.05123442832994175,0.024963123270562142,0.06679263972781205,0.06214671016505701,0.19644799035283225
2634267214,0.16614447064396998,0.055675786254939325,0.0620551912744813,0.02634129009334927,0.04629779170300505,0.021296984183382318,0.05340396438300117,0.04045673309861429,0.03400734304510266,0.04908104266933686,0.021636142424927597,0.04846732775606447,0.02746643410101532,0.06880605532047761,0.0547390634925762,0.22412437955575654
2634283010,0.17332062835793574,0.06000409143275515,0.05838366872314998,0.028936119814378155,0.04500037684249061,0.02310044467413892,0.04972167490336682,0.040542868525038495,0.038911678887130284,0.04947403555239726,0.023030459640169258,0.045264166585914714,0.029915910289953374,0.06693260979575136,0.0616568149272694,0.20580445104816047
2634310020,0.16168157886236634,0.057479246745695926,0.054814431990697375,0.027789441950106054,0.04379448087255186,0.023611873768532576,0.05058841263176028,0.0427500888271585,0.03559546496979877,0.046389310593580764,0.022718218719381546,0.04521033194439957,0.02694423807831864,0.06131765668572413,0.05734466014190812,0.2419705632180195
2634312712,0.16221454181336606,0.05844288682881661,0.053780806873607034,0.03101952044101338,0.040828192125068635,0.021733044779654813,0.04928023084294282,0.04776747741636789,0.03962767961928142,0.04219020855540123,0.02286895571562389,0.04057516930994756,0.03020661735413504,0.05721545700227181,0.06493534459554035,0.2373138667269615
2634315496,0.14484210299643616,0.05591265867760586,0.04952787019391238,0.02705729082550039,0.041366538540219856,0.018637552892535287,0.05171894010357785,0.038077241943645895,0.029259127663468887,0.043562991914036835,0.018454515111383872,0.042825457325279676,0.026082883814076682,0.06067702445169418,0.06910214584881079,0.28289565769781533
289503624,0.1158470740969922,0.10023780924301436,0.07533457091204697,0.021548429367014888,0.016124922651330396,0.009391038474138243,0.08847474490105436,0.021044904694305925,0.012818646185952269,0.09687086715441827,0.006545820745216516,0.020134920346036717,0.013322170858661232,0.11062376393792693,0.08475594219779421,0.2069243742340965
289509603,0.12976376806318932,0.07361166721265726,0.04568728084543613,0.028191315109380118,0.02999915068127495,0.015117873305912471,0.057013552700226885,0.03433067617903639,0.024169184290030208,0.06392336718475108,0.01165386622016768,0.033972749002050495,0.022130819349907186,0.08297843943750834,0.06409929749208314,0.28335699292638833
289510364,0.1374880051178164,0.09484545853028632,0.0642155643221855,0.024546563836466813,0.02054234637665707,0.010999751217258416,0.07137695324069138,0.027792586274300743,0.018741633199464525,0.07458743528687017,0.008417149423653316,0.024854580564144482,0.017941974387224415,0.08617360296643804,0.08147634786935352,0.2360000473871889
289611395,0.16228778040510952,0.0634625730335673,0.049994370003378,0.026629884022069585,0.04171827496903502,0.0189668330643446,0.049913047829949084,0.03764591074578689,0.03153423663501358,0.04632861664727446,0.018460133368364426,0.043100751917326624,0.02666116178108071,0.061366963179822084,0.06438213914849429,0.25754732324938384
289622192,0.18185043011161364,0.08635805049852406,0.054679284963196635,0.025508975966959318,0.045164886676041696,0.016723043593934096,0.05017546526801212,0.030842613355630724,0.02754868052652249,0.046856194494064585,0.016913078180228802,0.041725260664107526,0.02278514689673521,0.0556928027567684,0.08268404849682641,0.21449203755083426
289638752,0.17156844902267682,0.05846952765745761,0.05293682281998083,0.027354129508972445,0.04448003494339897,0.021214768439316176,0.048004707652361714,0.04162268408983365,0.035004064596755605,0.04700979143158737,0.02165762748880719,0.04913915480653733,0.028476443538504474,0.05961610793627683,0.06202453317802935,0.23142115288950366
289640683,0.1590531309528143,0.046397068637086106,0.05459906089615258,0.02514590082383916,0.051062255062546254,0.02223395090937769,0.04935755105012194,0.042150475011829794,0.03691503172812095,0.04904815637171041,0.022500879651536656,0.053507079678229534,0.027657457625062186,0.0701294604399471,0.04719178830124122,0.2430507528603841
289642843,0.1795531033792491,0.08427479387956811,0.049637803550651206,0.02844399404471468,0.03482465688298365,0.01971124372880932,0.0431445407799422,0.03839657696205382,0.03547523427041499,0.04413291796469367,0.018797933165684545,0.03675762238987101,0.027924783245130053,0.05875214252649226,0.07881369715622615,0.22135895607351525
296026446,0.11736978123976267,0.10794840995401546,0.05348887999126415,0.019989322850313643,0.016410051080454745,0.007850131644402382,0.07453378468557008,0.02265861027190332,0.011508268724444607,0.061508875380676786,0.006254625753770369,0.01846054914522137,0.011617466846236912,0.08312403693323142,0.1088159283660321,0.2784612771327
296027404,0.16138560357638504,0.10587303341807597,0.04937793989413311,0.02453238028566867,0.02350073075175319,0.01159991648551392,0.05445635754025276,0.027762425850189745,0.022241872689534897,0.050698205666703515,0.010660378517126609,0.024741166500865847,0.020829495351436328,0.0636552325509991,0.11104970340075901,0.2376355575206023
296028136,0.16356665332022954,0.10988970989698978,0.07924143704728279,0.02156056249165848,0.017289702617114985,0.008942112862325434,0.07907157330227252,0.02223395090937769,0.01821788665234958,0.08168626166296607,0.00805032820102161,0.019965056601026463,0.017162304808357298,0.08470134313689805,0.09162329074606584,0.17679782574406386
296032600,0.18375957819006086,0.084325030182078,0.054001281198413284,0.026024342769852417,0.040548697858920346,0.01812772562643211,0.052214994949121636,0.03410574814595806,0.03133392465567793,0.04994209968709192,0.01755488210510755,0.042334984108211994,0.02600586394658388,0.05932934190750733,0.07930494986079287,0.20108655480818985
296036813,0.17821882769171926,0.08959050487664945,0.053882195448460506,0.03160857716580608,0.02927782558806655,0.015090122394339262,0.058645295467584624,0.032666379804934025,0.03176396060432205,0.056726907630522086,0.013619956014534328,0.030897399120290686,0.028769841269841268,0.05906961178045515,0.09211249760948556,0.1980600975329891
296040325,0.15636647308659096,0.12139204299211233,0.0637177005383645,0.0210867450617819,0.01606425702811245,0.008022497664518987,0.069573257057005,0.0228491905270964,0.0197576878256431,0.06988625966696523,0.007487985515202294,0.016242427744551348,0.018958327314052368,0.07194726146793409,0.11912397792609285,0.1975239085839762
296041301,0.14792705565464273,0.08145573229473785,0.05829359735012558,0.028488576663148055,0.03241364248534925,0.014007692401024036,0.06627112680328565,0.030284279110399305,0.023083269634428957,0.07323554034870598,0.011150341547458715,0.03442167461386331,0.022779941518339217,0.08043048326235455,0.07642048556764823,0.2193365607444885
3098866733,0.18734889178881772,0.06139419137507208,0.059305230999565015,0.030686979656661912,0.045026453420735836,0.02233619617007071,0.04912344592475696,0.04107614336438954,0.03775302722223908,0.04748970693858558,0.0228723458063994,0.046645018360596036,0.029842291078672367,0.05949237757073635,0.061030014263603535,0.19857768605909784
3098875501,0.13081039523332624,0.050489110092764,0.05382740028122566,0.02626627416466875,0.04178932354101544,0.022012483182098672,0.05154623531911019,0.04105085328720423,0.029746188785368177,0.05452540641154037,0.018992847966171997,0.04750488098489677,0.02629156424185406,0.08245576765500287,0.05248196817496688,0.2702093006787857
3098876333,0.16596866053635195,0.05849594852963491,0.0503930077994598,0.02825913224687162,0.040256744863585325,0.02267508320435394,0.042983015184162345,0.04173874338664482,0.03728768980202928,0.044323389274984075,0.021714060271311945,0.04312463961640011,0.028168087969004482,0.057590563766400614,0.05162210555066614,0.26539912799813864
3098878749,0.1926749820440452,0.10198476525750357,0.03896695092713423,0.03277594003216897,0.02112227246517556,0.016742031096678902,0.0334587721161725,0.04250250371764135,0.03876968832508877,0.03467269582106765,0.01742992119611949,0.024784275641609257,0.03239658887438925,0.04411095262662742,0.09924837890605241,0.2283592809525255
3099692474,0.18435960466551346,0.0581267134027293,0.05788898667718734,0.02854238111134715,0.04660455423709954,0.023423669489039282,0.044308215228672884,0.040504587620001406,0.03772773714505377,0.046457871789424704,0.024025573326049796,0.049012169585141575,0.02905829868592759,0.059684582157344734,0.05694313779045654,0.21333191708901092
3099697004,0.18987284149191225,0.07030641457517728,0.051551293334547256,0.03146591403396963,0.03940699827015872,0.024425156545577774,0.039007415050630725,0.04248732967133016,0.03996843798367272,0.0407271402992322,0.0243948084529554,0.04204728232830567,0.03063639950229128,0.055612879730508935,0.06234509827723994,0.2157445904524901
3099698932,0.14421413614154346,0.05243644603603329,0.05508684612505437,0.028506975003287714,0.041152013595945496,0.023074666423881927,0.05223412541855078,0.046579264159914216,0.03618504243674952,0.04327132206407494,0.024374576391207145,0.04690803516332332,0.028957138377186324,0.06451498689974001,0.0672867793592506,0.24521764640425686
3099718398,0.16518466814360716,0.05527399269622571,0.0681112358754919,0.023504597736032286,0.05483900336863829,0.022695315266102196,0.05610856524334112,0.041460552537606346,0.04104579527176717,0.05408535906851588,0.022862229775525274,0.05398925677521168,0.024925900073847027,0.0689458084226073,0.05642216220043904,0.19054555754504165
3200054599,0.1579508382053684,0.04763827427673159,0.06820310733550825,0.02497389019886517,0.05241879044327444,0.024968506734713646,0.04573252796709626,0.040882026766583764,0.03611766099249545,0.045495655544429726,0.026346673557500776,0.05331244549242546,0.026265921595228097,0.0783186364761997,0.05329629509997093,0.21807874931360832
3200056257,0.16455096525512236,0.0713524338641429,0.04824660572585247,0.023676475338350718,0.044472797355642406,0.020920141692776468,0.04676615308418661,0.037549662456797694,0.031837806992043235,0.04417670682730924,0.019768080364352854,0.04568407678973266,0.02606134995747063,0.06812235537323556,0.06797700184114475,0.2388373870818394
3200072527,0.16394263380600146,0.05457217610387932,0.054351454073667316,0.028171667904863418,0.04806895140885257,0.022728985647684573,0.046491596412459486,0.042453998298825325,0.040370597672190096,0.048526545861731114,0.022545947866533158,0.048117402586216176,0.029076089882317475,0.062432033765087165,0.052741798292365166,0.2354081204173261
3200086243,0.1710864907350582,0.06973201115453773,0.04654004758982311,0.02864002928604498,0.04543105397461159,0.02528074765550136,0.040300612638220434,0.04290082582340085,0.03991838668346308,0.04412825564994563,0.023095061209987403,0.05021695360530594,0.02928604498422645,0.05897046631566481,0.06788009948641753,0.21659291320779092
3200093159,0.19168900804289546,0.06590975160696405,0.05186967709982019,0.031967010131679525,0.040591319702402096,0.024171754040289845,0.04082280866091712,0.04382678165746094,0.042529366796946494,0.04161956135534094,0.023536505270411404,0.04210945659312855,0.031417896788225284,0.055277409907727434,0.062265146376390273,0.2103965459694004
3200096481,0.18013609397375022,0.07268214950956643,0.05710240425509006,0.02971133865219592,0.03909471666828171,0.02377337769307794,0.04019832681934171,0.04435974460846065,0.043423021846097525,0.041926418811977124,0.022922790357139008,0.03985378511364492,0.03003434650128665,0.058938165530755725,0.07030265835459801,0.2055406613047364
3200932110,0.14652174381170796,0.05956803083648265,0.04278238961206757,0.02739106560289415,0.04439742885752124,0.020010336251170904,0.04648621294830798,0.03964921347588746,0.033135221852557684,0.05177815820924449,0.01762007816789948,0.0483919592579433,0.027046523897197368,0.07453406117768661,0.054033829688728094,0.26665374635270306
3230062835,0.158220011412944,0.0857639673977411,0.05029770556757863,0.02376261076477492,0.050846818911032876,0.012909547035326293,0.06398785490487419,0.03073958030513475,0.025867545248016197,0.06134457400648169,0.011552914069145213,0.04428437611033948,0.022793587217502718,0.06347642581048052,0.08080041345004683,0.2133520677885806
3230062853,0.11405945497808928,0.07048569613574944,0.04045134963446279,0.026545861731106728,0.03939619066076639,0.013437126522174488,0.05792607427027144,0.033689718660163445,0.02077478816068564,0.05456679263972782,0.008328219042389397,0.036429901913283165,0.020166456711564758,0.08456345489195385,0.05999332450445213,0.31918558954315923
3230063449,0.12821796569656646,0.09275708733055546,0.03332364309786061,0.019983418930413343,0.02735876481798508,0.010293183457691354,0.04532338469158134,0.02539918386683463,0.01810997340568709,0.03438956899986003,0.009060370166995058,0.025673740538561755,0.017388589209384454,0.050120051250578716,0.08864950418295164,0.37395157035649296
3230063477,0.11581446429148227,0.10608654456969972,0.03985378511364492,0.030319670101316795,0.02181918020607901,0.010723860589812331,0.0561010799229088,0.031794739278831134,0.016607986907415183,0.05474444695672771,0.00707387189508705,0.023520354877956867,0.018718304854807973,0.0647361564219344,0.0765151759854431,0.32557037802685274
3230063703,0.17189939382193653,0.05799067584008957,0.052402640050819904,0.029016871776650837,0.04281469039697665,0.02111932986638242,0.04475273749152105,0.04068822205712932,0.036268397988737794,0.045791746072762894,0.021313134575836855,0.044736587099066506,0.028871518244560013,0.057748419953271526,0.051875060563971696,0.2527105742002864
3230063783,0.1679963823120902,0.07001733475456787,0.06232974794620842,0.026475876697137076,0.04987779536376067,0.017490875028263186,0.059842587508209776,0.0331406053167092,0.029469082765377862,0.05986950482896735,0.016091174348870012,0.04918871195236711,0.02404793436480506,0.0700765528602345,0.06657191769760006,0.19751391625483167
3230912700,0.16600450057603067,0.06166758185557241,0.06837537818835665,0.025700657859319315,0.05422763439818254,0.015875835782809523,0.0655382925805097,0.02932911269743855,0.027498734885924397,0.06775627981093274,0.013975472937325713,0.05207963220172917,0.02380567847798701,0.07407646672480807,0.06280887625569301,0.1912798647673805
3230912884,0.15847303422806508,0.07559998707968606,0.053700054911334345,0.027326464033076002,0.045457971295369146,0.015859685390354986,0.06331492188593517,0.03666139087179818,0.033189056494072805,0.07006040246777996,0.013135652529689805,0.04563562561236905,0.024747784704501653,0.06939285291299245,0.07010347018099207,0.19734164540198326
3230913292,0.12871711565362573,0.08285952799963901,0.03558616488425612,0.026493614909074502,0.0402790939037047,0.014812057217634584,0.04786561978250079,0.03155317900816751,0.020982807635034517,0.04873990343396056,0.010846757817788006,0.040363701999007275,0.02304160462073011,0.07294345923017914,0.07364852669103379,0.30126686521366364
3230913318,0.16745680948646655,0.06906323518927782,0.04913143699056581,0.029371925572110925,0.04475297640265203,0.017834652218340817,0.05298115539079394,0.03648321095031012,0.028849124307882418,0.04581046077802334,0.017121741403483756,0.04630949834842328,0.026995556189254057,0.0582566954207362,0.07635274827119126,0.23322877308048764
3230913812,0.17818380961863986,0.07232787900914954,0.055500237866064804,0.027763948355405087,0.04350736278447122,0.019975217675108143,0.04765065772732805,0.03670328697710954,0.034479515859581575,0.0496808169316384,0.019112261719052517,0.043767355925077724,0.028106918030247712,0.06289068118202838,0.06935178731454744,0.21099826302455
3237255951,0.1493350450984265,0.06332982202032172,0.05153949129852745,0.029198762262163405,0.038602497421379514,0.01871968749314197,0.055687229793490896,0.04099457941053832,0.03349463427480413,0.05751420984484385,0.01794061491869116,0.043222068602277966,0.029961375556872293,0.06965567186779907,0.06652292229025393,0.23428138784646785
3238096212,0.16066844698381152,0.06718109551608496,0.06038069804993169,0.027429304848259017,0.03500600339502339,0.01686643481141059,0.06183496874094315,0.03769718047447522,0.03194737713741564,0.06000807353123835,0.017917028940504284,0.03917215252763632,0.029483915041609736,0.07042085869250196,0.0747267420196249,0.20925971928952924
3240111380,0.15486611324655186,0.06889757421105333,0.052887151824456,0.0271488097160761,0.03750121127943409,0.01809382301323256,0.052391873122516884,0.03589155549813194,0.028193201761469475,0.05644023816445407,0.01779234902074787,0.04040289845709918,0.025296898047955898,0.0752231445890802,0.060515520527148814,0.2484576375205917
3240111388,0.18294666268379306,0.06500381692057484,0.06102647504619028,0.025556772544724354,0.056324471439476914,0.018105479770320957,0.054183676856185074,0.0327148815648268,0.02955624149490524,0.052457764944073816,0.018431854138316352,0.05610873245046301,0.02456658590284001,0.06494296746213504,0.06244260789715335,0.19563100888402093
3691759055,0.09898203084240285,0.11650226282774605,0.08874167364321332,0.018145087904488044,0.011993593710188185,0.0073587400963370094,0.05751101081061405,0.020595979082493117,0.006806682925053689,0.05957364200002426,0.004634853613851175,0.014523350198376587,0.007965396328516481,0.10652883437071548,0.08842621240248001,0.29171064924349965
3691776525,0.08898433613608513,0.07524963903954185,0.08200778946602119,0.017162304808357298,0.015584998604690668,0.007540736965990852,0.08801975272691977,0.023702058991252016,0.008062461325665198,0.08482874094565572,0.0050109804778024495,0.017957024472512406,0.008887513801429282,0.12058505927031388,0.08077021075237506,0.2756463922153872
3691779829,0.09133209575461967,0.08768609179922104,0.054544461835256436,0.019861925041555952,0.010713549060289495,0.005732901394096022,0.08885087176500564,0.02776665574685449,0.00786226476904597,0.05303995437945134,0.004659119863138354,0.01316444023829457,0.010307089384729249,0.06906781203363302,0.12074278989068055,0.3346679770441281
3691795385,0.09037964547009793,0.0672539098994164,0.1058190465790655,0.016992441063347043,0.013316104296339436,0.006236426066804984,0.08637571433771339,0.021906356544000773,0.007279874786153678,0.07388466251713804,0.0047137189240345065,0.015633531103265024,0.008450721314260062,0.11545881410839735,0.08058821388272121,0.28571081910724466
3691805243,0.013964950711938665,0.006802969453571863,0.006900328587075575,0.0024826579043446518,0.002190580503833516,0.0007606182304977486,0.008488499452354874,0.0029816234635511745,0.001983692345138128,0.006742119995132043,0.001046610685164902,0.002452233175124741,0.002154070828769624,0.007241085554338566,0.007873919922112694,0.9259340391870514
3691825461,0.1505967532100232,0.08193902370043554,0.05539340460433283,0.024865659822388145,0.038062107585270656,0.016256575598167317,0.05448271961083772,0.03144974263250184,0.02296509983596357,0.05446009389671362,0.015204479891396571,0.04138808756151366,0.02140958198993156,0.07020193449855762,0.06041065671135245,0.2609140788506137
3691836173,0.15920479501085916,0.05846952765745761,0.058839587959087114,0.028761571967628824,0.04266006624686056,0.01972846067047647,0.05470825901794489,0.040846164112643926,0.03202538249675438,0.05007340540409372,0.019133937562940583,0.04372778121549643,0.026292481102658367,0.06480908528373312,0.05484172338902438,0.2458777709023405
3691842633,0.0604532935366845,0.07714240648394181,0.041810747521809286,0.017696162292675233,0.011417270289617686,0.005805700141957558,0.08181365947172375,0.023580727744816118,0.005472039214258847,0.07878037831082639,0.0025540227374755814,0.013728630534221478,0.007577136339921619,0.11874689088681008,0.07060265230104709,0.382818282192213
3692557936,0.07674807993302515,0.07097271260267657,0.05369514311020517,0.017040973561921403,0.01275798056273432,0.006655018867008821,0.09484463533893885,0.023926521797158425,0.006673218553974205,0.08328783411591988,0.003579271769858892,0.015536466106116309,0.007971462890838275,0.11499775537194093,0.0794598332908674,0.3318530921268154
3692589214,0.10712942404057316,0.11047816644220386,0.09812057899270799,0.016173455149904755,0.011198874046033074,0.006266758878413958,0.09923075989759644,0.01739890073890729,0.00805032820102161,0.09167788980696198,0.004634853613851175,0.013200839612225335,0.009912762833812592,0.09432897754158627,0.10322255790533737,0.20897487229886316
3692592608,0.07674333698430083,0.06842521601557747,0.11367895825727152,0.017828891322867225,0.0065534866739686,0.00428380187416332,0.119928197639041,0.02286114153584033,0.003541438481197517,0.0636789582572715,0.0018985031033223806,0.00850675428988682,0.004162102957283679,0.12119386637458925,0.07607399294146282,0.2906413532919557
3692619372,0.151010101010101,0.08284045271997079,0.04626992819763904,0.02483874893513448,0.029956188389923324,0.016392844103687482,0.047632956066691004,0.03797006206644761,0.02494219301448217,0.04307533162954849,0.016648411829134718,0.03420348058902276,0.022952415723500062,0.06302786905196543,0.0767859316052087,0.2814530850675429
3834625773,0.1552311966900836,0.08465281063832368,0.050388866644827036,0.027390528882903213,0.0331658962132518,0.01759303073320472,0.05010373821570269,0.03656923767577865,0.028124582923840374,0.04730705298535532,0.01570632985112656,0.035586454579647896,0.023689925866608428,0.06198206724177676,0.08200778946602119,0.2505004913915481
3834627447,0.1865285917082226,0.07529210497579442,0.054544461835256436,0.02726313107414553,0.04046397068637086,0.02015918659532389,0.04753758235358352,0.04088256348657471,0.03637510768148121,0.0453778861670246,0.020808308763755928,0.043042259673133625,0.028979968211213437,0.057887137674565325,0.06772710176051638,0.20713063735303752
3834628843,0.14096870867154418,0.05461726058311797,0.04712505611570148,0.028355112292068576,0.03416081243402613,0.018163287591453428,0.05035246727089628,0.0414528203448234,0.029623023817323683,0.042854196241157994,0.017138038559070118,0.036836166417937605,0.0241813174146738,0.06031982916560503,0.05933097950715247,0.31452092357344785
3834632603,0.17821133476504206,0.07122750822019194,0.06386270156153315,0.02612868391996991,0.036005047379851725,0.018405950084325214,0.054690059330979514,0.03897159635520936,0.03525886021427097,0.05015833727659885,0.01984372535459057,0.038164743566410655,0.027390528882903213,0.06709617927904972,0.07245902037151628,0.2021257234375569
3834636971,0.13190526456278284,0.08664870964219416,0.07145197102609835,0.021190502190029,0.026516943908564773,0.01130807216782538,0.07153690289860347,0.027226731700214755,0.021226901563959767,0.07453985124789185,0.009852097210594643,0.02721459857557117,0.019977189725670048,0.09115009888496585,0.08170446134993145,0.2265497033451025
3834639707,0.16020577779395528,0.05865759108943326,0.05754134362222304,0.02785765418168141,0.044304104636066925,0.020286584404081584,0.05260922845460391,0.03976024945704267,0.031048665962945438,0.04990354165908346,0.018060156031982917,0.045960276149916886,0.025212633009378902,0.0651852121476844,0.0563037649085769,0.247103216491343
3834640843,0.17118625559640374,0.0794537667285456,0.062048799427316524,0.02496997051650712,0.04094929567211444,0.013085574928111236,0.0695592035816984,0.029022434147466,0.025661558621191717,0.06349870782222546,0.012636649316298426,0.04198061126681955,0.02606195173443017,0.06464528810104467,0.07550443465705724,0.19973549788276976
3834643787,0.19928657227095692,0.10510319222509372,0.045262621482910485,0.026201482667831448,0.029101299457649325,0.017453499799803443,0.038316407624455526,0.032710904039117195,0.030090149116101875,0.0377764835778158,0.017059173248886787,0.029829286936264694,0.0256797583081571,0.04508062461325665,0.09859377085380798,0.22245477377789105
3834659141,0.17369781239762674,0.10221550855991944,0.04822310389594632,0.029471359759278806,0.03215278030551208,0.01816935415377522,0.047859110156638636,0.03711522828474017,0.032807969036265906,0.05411373591040901,0.017684029168031645,0.03425787743117485,0.027517926691660904,0.05513291838047052,0.06798189737803176,0.221599388490518
3834663499,0.1911452456351084,0.06451182372996518,0.053076353753382106,0.03076353753382108,0.04264793312221697,0.023877989298584062,0.04325458935439644,0.04355185090816438,0.040955362234436236,0.042617600310607996,0.0237263252405392,0.046506266758878416,0.03200111624746721,0.05455659495990002,0.06372317062813185,0.20308424028440045
3834666595,0.18837889321637,0.06131474538637936,0.05532704837476796,0.03146119220082748,0.04436477025928488,0.024393647095936617,0.04792584234217837,0.042684332496147726,0.0412344241012388,0.04892075856295272,0.02343513024909305,0.04869629575704632,0.030854535968648008,0.05855445952996275,0.057668741430980726,0.1947851830281853
3835427898,0.1383904196847814,0.09357672381368372,0.08564772685909801,0.01781142697678933,0.017016707312634227,0.009378905349494657,0.0931641975758017,0.02131183343646489,0.01638578483116757,0.08613911840716339,0.008572052560695955,0.02017738628228928,0.014493017386767615,0.1027250997949502,0.09232701197539404,0.182882587752824
3835435622,0.18509081643795727,0.07780972833933923,0.05299142188087697,0.02939856101141727,0.03672090173382351,0.019789126293694417,0.05074679382181292,0.037624819519770925,0.035732052075370974,0.05091059100450139,0.01954039723850083,0.03843167230856963,0.029058833521396762,0.058172266103689675,0.07527390528882902,0.2027081134204492
3835444284,0.18336184617624576,0.05400453778861671,0.06456035622853953,0.027147866390031423,0.05393780560307696,0.022749608706730245,0.05565464274014487,0.037916014511217074,0.03389995025418896,0.04993994103301423,0.023890122423227654,0.055399847122629485,0.02777272230917628,0.06625292711632025,0.048508232325070684,0.19500357927176987
3835450838,0.18363484148072654,0.06661085429330617,0.05275482595032698,0.03147939188779286,0.043345587789223365,0.020662711268032857,0.04824130358291169,0.043084725609386185,0.04221114063504775,0.04814423858576299,0.020595979082493117,0.043321321539936175,0.03285043497251847,0.05460512745847438,0.06733884177192152,0.20111867409213896
4633044841,0.059118649825889664,0.06258265691163445,0.04321212341814387,0.014911610186971453,0.006030162947863963,0.0036581370800422243,0.11816450090391778,0.0218760237323918,0.004289059561508875,0.07526177216418543,0.0019412999429743141,0.00802606195173443,0.004944248292262706,0.10804547495116418,0.1024763707397566,0.3654618473895582
4633045671,0.08708550212936338,0.12612989723243426,0.06939540639900994,0.0170470401242432,0.00678241667576651,0.004373991434014002,0.12006333491063954,0.017441366675159855,0.0023416930562127664,0.07731833679127385,0.001383176209369199,0.010853079993690777,0.0043921911209793855,0.11567114378966015,0.09145342700105555,0.2482679964571276
4633046329,0.04397651027069001,0.08580545747946469,0.05470219245562309,0.01718050449532268,0.005344641405501159,0.004507455805093485,0.09624601123527342,0.02182142467149565,0.0021960955604896928,0.0948810347128696,0.0009767165338089518,0.008851114427498514,0.00429512612383067,0.14391705795993642,0.07975709484463532,0.33554156201846663
4633046903,0.08458607845278394,0.1130807216782538,0.07970856234606097,0.014141156772103518,0.004398257683301181,0.0027784855433819872,0.10637717031267062,0.01141120372729589,0.002378092430143535,0.10447226974362707,0.000879651536660236,0.006030162947863963,0.004404324245622975,0.13465948385687765,0.09955835426297333,0.2311360244603793
4633186615,0.06513061308678825,0.08463461095135828,0.07628095463424696,0.010046227204892077,0.0031121464710806976,0.002238561496742256,0.1273856756330458,0.011496135599801015,0.0011769130904281779,0.12063359176888824,0.0005945231075358837,0.00551450515051141,0.0026996202331986555,0.18190587121901505,0.08252344726337375,0.22462660308909355
4633641116,0.05583663960979871,0.06718717771387665,0.025977019861925042,0.027815188245428845,0.01538480204807144,0.008481054125869034,0.047470850168043775,0.04312112498331695,0.005229376721387058,0.04388551183586309,0.002287093995316614,0.020286584404081584,0.007637801963139566,0.07920503767335203,0.044789429621810505,0.5054053070287191
4633642584,0.13000643055606106,0.06395976655868185,0.05569710867639743,0.025473495189216083,0.02819738167170192,0.014450551450515053,0.05724408206845509,0.031006200026692875,0.02200342154114949,0.05572137492568461,0.01326757179776508,0.033353959645227436,0.022858806828522548,0.07100911197660734,0.0666593867918805,0.3090913502954416
4637020867,0.123891335735692,0.09687693371674007,0.05268809376478725,0.026201482667831448,0.027311663572719882,0.012970310243997136,0.07877431174850459,0.03243790873463642,0.022106553100620003,0.09227847947681966,0.008760115992671593,0.03309916402771205,0.02209441997597641,0.07653575025176233,0.0777369295914777,0.21623654739805145
4637524520,0.07823438770186486,0.07772479646683411,0.03990584695276574,0.020802242201434132,0.008614518496948519,0.0055448379621203855,0.0642570281124498,0.028446110726895495,0.006709617927904974,0.04228393938290928,0.0030696805348281344,0.012660915565585604,0.00809279413727417,0.06905567890898943,0.07995729140125457,0.4546403135199408
4640696042,0.19435797902857632,0.08055321590312617,0.06404951111436628,0.02315645560967273,0.03641923316365767,0.017651151719339363,0.05001769997924829,0.030260861073473224,0.02853969067760404,0.05019469977173129,0.018212668302388886,0.04280953601640605,0.024883729446662027,0.0687857814235666,0.07543853224447944,0.1946692545257016
4644064553,0.14253994831288902,0.08767395867457746,0.08780135648333513,0.01991045754013031,0.02173042623666873,0.008711583494097234,0.08155279729188658,0.02175469248595591,0.014832744876788118,0.07236802193668936,0.007510404154381878,0.023877989298584062,0.015433334546645796,0.10305269416032713,0.08476807532243777,0.2064815151846055
4644065107,0.13077081740860724,0.08210485446316988,0.07584416214707773,0.021208701876994383,0.026874871085550662,0.011289872480859995,0.08286924131571603,0.024648442713452,0.020377582838908503,0.090968102015312,0.01019182470061515,0.028907169463351895,0.016907509190841916,0.11295332386949612,0.06608306337131001,0.19800046105873645
4644683392,0.18628592921535084,0.17114378966015115,0.08589038935196981,0.022810274329948192,0.012484985258253558,0.009536635969861316,0.046882393622829685,0.02133003312343028,0.015263470801635547,0.07783399458862642,0.006193960130552421,0.013758963345830452,0.013989492714058652,0.05846346109513584,0.1013540567102246,0.15677817008214126
5229197365,0.12955750494424828,0.061751537873548576,0.04565088147150536,0.024891105206323785,0.029841420060908286,0.013989492714058652,0.047610381101445054,0.03359055557577743,0.025515961125468643,0.041191958164986234,0.013534500539924046,0.03149152501243645,0.022773874956017424,0.056455428966621764,0.07998762421286354,0.3421662480738665
5229202579,0.0515900459845424,0.07695434305196618,0.0567648236450333,0.01443841832587146,0.015312003300209903,0.005593370460694743,0.11671459250900885,0.01855154758004829,0.002990815224644803,0.09549982406969265,0.0018017690095730354,0.015748795787379127,0.005799633579635763,0.17554204734345236,0.07349640252854317,0.27320156759970393
5229208717,0.0916536235576748,0.05301568813016416,0.08966985767844794,0.01310377461507662,0.028045717613657047,0.00788653101833315,0.1420910227010762,0.016282653271697062,0.00896031254929082,0.1409323092976134,0.007395139470267778,0.026407745786772463,0.009846030648272849,0.14066538055545444,0.04572974678168869,0.17831446632451256
5229209697,0.14358339703223771,0.11454276319780632,0.03624164331040172,0.022640410584937938,0.0169257088778073,0.009111976607335688,0.036520705177204286,0.02305900338514177,0.012794379936665087,0.048508232325070684,0.005708635144808843,0.01999538941263544,0.01475994612892658,0.06864315267110739,0.08684283963649159,0.34012181657142165
