10659426465,0.2336516516516517,0.022162162162162158,0.12008408408408408,0.0010570570570570571,0.0005225225225225224,0.15816216216216214,0.05834234234234234,0.12542942942942942,0.1728888888888889,0.03291891891891892,0.07478078078078076
10659456165,0.10112312312312312,0.2049129129129129,0.08335135135135135,0.026822822822822823,0.19693093093093086,0.017243243243243243,0.03336936936936937,0.26226426426426425,0.012762762762762765,0.015447447447447447,0.045771771771771774
10659584605,0.09119033232628398,0.17258610271903324,0.10861027190332326,0.0338429003021148,0.31461631419939573,0.030302114803625376,0.05909969788519636,0.11614501510574017,0.0147190332326284,0.020145015105740183,0.03874320241691843
10659610274,0.1216036036036036,0.2597837837837838,0.15709909909909914,0.030378378378378375,0.26926726726726724,0.0415975975975976,0.015165165165165166,0.034330330330330325,0.023417417417417416,0.010750750750750751,0.036606606606606605
10659727256,0.138990990990991,0.004402402402402403,0.024714714714714717,6.006006006006007e-06,0.013783783783783784,0.5506966966966969,0.00012612612612612612,3.003003003003003e-05,0.006186186186186186,6.006006006006007e-06,0.26105705705705706
10659731604,0.03587987987987988,1.8018018018018016e-05,0.05760960960960961,0.001831831831831832,0.04740540540540541,0.3355735735735736,1.8018018018018016e-05,0.0006666666666666666,0.02371171171171171,1.8018018018018016e-05,0.4972672672672673
10659840134,0.09526126126126126,0.07517117117117118,0.10092492492492493,0.2835915915915916,0.16344144144144146,0.015231231231231232,0.044924924924924926,0.014648648648648647,0.0014594594594594596,0.1452192192192192,0.060126126126126125
10659924666,0.2204698795180723,0.07872289156626505,0.09324698795180723,0.0669578313253012,0.4024457831325301,0.002379518072289157,0.00906024096385542,0.059608433734939764,0.0006506024096385542,0.010216867469879518,0.05624096385542169
10659941403,0.4252072072072072,0.034336336336336336,0.008186186186186186,0.005243243243243243,0.24151951951951955,0.05456456456456457,6.006006006006007e-06,0.00022822822822822822,0.0003363363363363364,6.006006006006007e-06,0.2303663663663664
10659964794,0.08736336336336337,0.1971711711711712,0.01732732732732733,0.05526126126126126,0.3089369369369369,0.0025165165165165165,0.024246246246246245,0.10031831831831832,0.002084084084084084,0.16209009009009007,0.042684684684684684
10659977343,0.07421621621621621,0.3006966966966967,0.019489489489489486,0.022432432432432432,0.3358018018018018,0.004846846846846847,0.01812012012012012,0.15948348348348348,0.0016276276276276276,0.011705705705705706,0.05157957957957957
10660045233,0.09503636363636365,0.15674545454545455,0.3162060606060606,0.09685454545454544,0.06056363636363636,0.01578181818181818,0.09968484848484847,0.01612121212121212,0.00890909090909091,0.08287272727272726,0.05122424242424242
10660062233,0.08613213213213215,0.3218978978978979,0.05331531531531532,0.04127327327327328,0.2372792792792793,0.006372372372372373,0.022252252252252254,0.13429429429429426,0.0013993993993993994,0.006996996996996997,0.08878678678678678
10660075083,0.054768768768768766,0.12646846846846846,0.015705705705705706,0.033465465465465465,0.38894294294294296,0.0019459459459459454,0.022204204204204204,0.2353093093093093,0.00023423423423423422,0.042222222222222223,0.07873273273273274
10660106983,0.08792192192192193,0.16741741741741742,0.09288888888888887,0.044732732732732726,0.1824144144144144,0.013837837837837838,0.05061861861861862,0.2268168168168168,0.004384384384384384,0.02747147147147147,0.1014954954954955
2633417607,0.153104,0.038469333333333335,0.00904,0.10660266666666668,0.4747733333333333,0.0,0.004917333333333334,0.00184,2.133333333333333e-05,0.20570133333333332,0.0055306666666666655
2633418313,0.192304,0.038304,0.03469866666666667,0.16596266666666667,0.3616693333333333,0.0,0.014122666666666669,0.002144,0.00015466666666666667,0.186624,0.004016
2633421419,0.17398933333333333,0.36029866666666666,0.02196266666666666,0.126736,0.258912,0.0,0.006336,0.0018133333333333328,3.2e-05,0.04594133333333333,0.003978666666666667
2633428697,0.2561173333333333,0.2347573333333333,0.03237866666666667,0.09266133333333332,0.25677866666666666,6.4e-05,0.019184,0.004741333333333334,0.00014933333333333332,0.0976,0.005568
2633432523,0.15474133333333334,0.05984,0.13551466666666667,0.199984,0.2605973333333333,0.00910933333333333,0.053621333333333326,0.004501333333333334,0.0007893333333333333,0.089488,0.031813333333333325
2633493377,0.138096,0.38492266666666664,0.10424533333333333,0.185152,0.02206933333333333,0.0,0.020448,0.050208,0.0017226666666666664,0.093104,3.2e-05
2634252000,0.09282666666666665,0.042138666666666665,0.028122666666666667,0.19805333333333333,0.455344,0.00020266666666666667,0.04493866666666666,0.002512,6.4e-05,0.11691199999999999,0.01888533333333333
2634252594,0.187152,0.2726933333333333,0.035664,0.211616,0.20532266666666665,0.0,0.006501333333333333,0.002624,0.0002773333333333333,0.07668266666666665,0.001466666666666667
2634254018,0.17654933333333336,0.2610666666666667,0.02878933333333333,0.2267093333333333,0.21988266666666667,0.0,0.009717333333333331,0.0021866666666666666,0.00024,0.07370133333333331,0.0011573333333333331
2634254778,0.24135466666666666,0.05686933333333333,0.017845333333333338,0.2437013333333333,0.2379573333333333,2.666666666666667e-05,0.013429333333333331,0.006794666666666666,5.333333333333334e-06,0.17848,0.003536
2634267214,0.313104,0.092336,0.02495466666666667,0.214944,0.14871466666666666,0.0,0.011952,0.006058666666666667,5.333333333333334e-06,0.18517866666666666,0.002752
2634283010,0.058506666666666665,0.004570666666666666,0.15472533333333333,0.19597333333333333,0.2581333333333333,0.010245333333333334,0.059056,0.006512,0.008335999999999998,0.22322133333333333,0.02072
2634310020,0.22083733333333333,0.10014400000000001,0.027824,0.08594666666666667,0.3734773333333333,1.6e-05,0.0059946666666666655,0.01633066666666667,0.010768000000000002,0.14828266666666667,0.010378666666666666
2634312712,0.183392,0.118416,0.016064,0.269088,0.12644266666666668,0.0,0.012149333333333331,0.08686399999999998,9.6e-05,0.18727466666666667,0.00021333333333333333
2634315496,0.188336,0.257632,0.03531733333333333,0.20751466666666665,0.143504,0.0,0.009450666666666666,0.019872,0.0005226666666666666,0.13666666666666666,0.001184
289503624,0.4091831831831832,0.07273873873873873,0.020816816816816814,0.0668048048048048,0.3792132132132132,0.0003663663663663664,0.0007987987987987989,0.01806006006006006,0.010138138138138138,0.02165165165165165,0.00022822822822822822
289509603,0.2665225225225225,0.0994114114114114,0.004198198198198199,0.21904504504504504,0.3817177177177177,0.0,0.00024624624624624625,0.00042642642642642644,0.0,0.02738138138138138,0.001051051051051051
289510364,0.4540821114369502,0.06425219941348974,0.05728445747800586,0.03093841642228739,0.37425219941348975,0.004170087976539589,0.0008973607038123166,0.0019354838709677415,0.009284457478005863,0.0007390029325513198,0.0021642228739002928
289611395,0.2549597523219814,0.2948916408668731,0.1056470588235294,0.08164086687306502,0.1900433436532508,0.006978328173374613,0.022947368421052636,0.009256965944272444,0.0020371517027863773,0.0271640866873065,0.00443343653250774
289622192,0.03870219435736677,0.08936050156739811,0.20352978056426327,0.34562382445141066,0.007247648902821316,0.00017554858934169278,0.2610094043887147,0.002984326018808777,0.009617554858934169,0.04161128526645768,0.00013793103448275865
289638752,0.38383183183183184,0.08238438438438439,0.05256456456456456,0.035591591591591594,0.3855195195195195,0.0017177177177177176,0.003933933933933934,0.0011471471471471472,0.003189189189189189,0.002768768768768769,0.04735135135135135
289640683,0.3627507507507508,0.3452852852852853,0.011963963963963964,0.06495495495495496,0.12377177177177175,4.8048048048048055e-05,0.003045045045045045,0.05036036036036036,0.0009069069069069069,0.03615615615615616,0.0007567567567567568
289642843,0.2565696594427245,0.16783900928792567,0.07417956656346748,0.186984520123839,0.2651764705882353,0.0006130030959752322,0.03213003095975232,0.00913312693498452,0.002,0.0037151702786377703,0.0016594427244582045
296026446,0.2483123123123123,0.124996996996997,0.06654054054054054,0.29034834834834833,0.2356936936936937,0.005369369369369369,0.00212012012012012,0.006018018018018018,0.0022222222222222227,0.0012552552552552553,0.017123123123123123
296027404,0.17624924012158055,0.19475379939209728,0.059598784194528874,0.3285531914893617,0.13504559270516714,0.0030151975683890575,0.009446808510638298,0.033957446808510636,0.002316109422492401,0.029045592705167177,0.02801823708206687
296028136,0.025495495495495492,0.04094294294294294,0.060036036036036036,0.08096096096096096,0.6492072072072073,0.06816216216216216,0.012918918918918918,0.008252252252252254,0.002906906906906907,0.03131531531531531,0.019801801801801803
296032600,0.2029207317073171,0.05425609756097561,0.2635731707317073,0.12890853658536586,0.26472560975609755,0.01977439024390244,0.013798780487804878,0.009109756097560977,0.011902439024390244,0.009932926829268293,0.02109756097560976
296036813,0.013674556213017752,0.003846153846153847,0.14725443786982248,0.286792899408284,0.02149112426035503,0.0,0.18076331360946746,0.0067337278106508885,0.00257396449704142,0.33224260355029583,0.004627218934911242
296040325,0.16213842482100238,0.0002673031026252983,0.42925536992840096,0.3048353221957041,0.026572792362768497,0.0,0.06435322195704057,0.007885441527446302,0.004171837708830549,0.0005107398568019092,9.54653937947494e-06
296041301,0.049441441441441435,0.377981981981982,0.09291891891891892,0.05272672672672672,0.2921201201201201,1.2012012012012014e-05,0.00427027027027027,0.020156156156156155,0.0006186186186186186,0.10951951951951952,0.00023423423423423422
3098866733,0.15844611528822056,0.2598997493734336,0.008446115288220552,0.16381954887218045,0.3407468671679198,1.0025062656641604e-05,0.001523809523809524,0.0026666666666666666,0.00010526315789473683,0.06355889724310776,0.0007769423558897244
3098875501,0.5879248120300752,0.13579448621553886,0.0006917293233082706,0.04319298245614035,0.20415037593984964,0.0,0.00017543859649122806,0.00016040100250626566,0.0,0.027909774436090225,0.0
3098876333,0.18154887218045115,0.043654135338345855,0.00951378446115288,0.0607719298245614,0.4609874686716792,1.0025062656641604e-05,0.001363408521303258,0.003503759398496241,9.022556390977444e-05,0.2326065162907268,0.005949874686716792
3098878749,0.02001002506265664,0.04288721804511277,0.03379949874686717,0.0713984962406015,0.6288070175438597,5.012531328320802e-05,0.0005012531328320802,0.002255639097744361,5.012531328320802e-06,0.16328822055137845,0.036997493734335835
3099692474,0.15974436090225566,0.021934837092731828,0.017107769423558898,0.03679699248120301,0.6507568922305764,0.0010626566416040099,0.007924812030075187,0.00869172932330827,0.0010676691729323306,0.0864110275689223,0.008501253132832079
3099697004,0.1883057644110276,0.04140852130325815,0.005142857142857143,0.05779949874686718,0.6231929824561403,1.5037593984962406e-05,0.0014486215538847115,0.003323308270676692,8.521303258145362e-05,0.07243107769423558,0.0068471177944862145
3099698932,0.2432982456140351,0.4647318295739348,0.05839097744360903,0.17762907268170425,0.045799498746867166,2.0050125313283208e-05,0.0006265664160401002,0.0021604010025062658,0.0005964912280701755,0.005769423558897242,0.0009774436090225567
3099718398,0.13895739348370928,0.03375438596491228,0.00906265664160401,0.02733333333333333,0.6804110275689224,6.015037593984962e-05,0.0022606516290726818,0.004526315789473685,0.0005313283208020049,0.0921002506265664,0.01100250626566416
3200054599,0.11934933333333335,0.0006026666666666667,0.06810133333333332,0.5829973333333334,0.029344,0.000144,0.010682666666666668,0.004016,0.07028266666666666,0.10347733333333334,0.011002666666666666
3200056257,0.10022933333333334,0.022368,0.34308266666666665,0.305248,0.052858666666666665,0.003264,0.011808,0.018634666666666667,0.004864,0.11951466666666667,0.018128
3200072527,0.434704,0.033552,0.020608,0.150928,0.14634666666666668,0.000256,0.00688,0.01176533333333333,0.00088,0.17970133333333332,0.014378666666666666
3200086243,0.03216,0.00011733333333333333,0.4095573333333333,0.02003733333333333,0.09055466666666669,0.08739733333333331,0.022693333333333333,0.0031466666666666665,0.051829333333333324,0.040154666666666665,0.242352
3200093159,0.2487146666666667,0.026842666666666667,0.097968,0.2780693333333333,0.16260266666666667,0.0005813333333333333,0.02658133333333333,0.021306666666666668,0.0018773333333333333,0.10777066666666668,0.027685333333333333
3200096481,0.26953066666666664,0.02682133333333333,0.18764266666666668,0.10001066666666666,0.2318986666666667,0.007162666666666667,0.027472000000000003,0.008047999999999998,0.035648,0.0724,0.03336533333333333
3200932110,0.08497599999999998,0.005445333333333332,0.10483733333333334,0.33688,0.3289653333333333,0.0014506666666666667,0.004597333333333334,0.0008266666666666666,0.0013866666666666667,0.12799466666666667,0.00264
3230062835,0.16824533333333333,0.097712,0.013296,0.5443573333333334,0.008506666666666666,0.0,0.06701866666666667,0.0015946666666666668,0.0,0.09898133333333331,0.000288
3230062853,0.06824,0.5242186666666667,0.15289066666666667,0.12068800000000002,0.015866666666666668,5.333333333333333e-05,0.057882666666666666,0.002442666666666667,0.004538666666666666,0.0508,0.0023786666666666665
3230063449,0.266448,0.11893333333333335,0.12861333333333333,0.210112,0.038864,0.0,0.023664,0.014666666666666666,0.004592,0.18800533333333333,0.0061013333333333345
3230063477,0.09975466666666669,0.40226133333333336,0.006224,0.23169066666666666,0.12844266666666668,0.0,0.0002773333333333333,0.00011733333333333333,0.0,0.13120533333333334,2.666666666666667e-05
3230063703,0.2835626666666667,0.008917333333333331,0.060293333333333324,0.11070933333333334,0.28681066666666666,0.0,0.005717333333333333,0.018144,0.0009653333333333332,0.20442666666666667,0.02045333333333333
3230063783,0.136288,0.020186666666666662,0.156704,0.4507413333333333,0.08737066666666665,1.0666666666666667e-05,0.05193066666666666,0.029914666666666662,0.0016373333333333333,0.05918933333333332,0.006026666666666665
3230912700,0.055408,0.18932266666666667,0.006848,0.6097973333333333,0.044981333333333325,3.2e-05,0.028309333333333325,0.045797333333333336,7.466666666666666e-05,0.019296,0.00013333333333333334
3230912884,0.044432,0.02860266666666666,0.4838026666666666,0.25106666666666666,0.028752,1.6e-05,0.1016,0.0015306666666666667,0.003056,0.033653333333333334,0.023488
3230913292,0.037603351955307264,0.0,0.6283128491620111,0.07752513966480447,0.0035977653631284914,0.16525698324022348,0.061022346368715084,0.0011284916201117318,0.007486033519553074,0.01734078212290503,0.0007262569832402235
3230913318,0.06122941176470587,0.009158823529411764,0.6989764705882353,0.02638235294117647,0.005270588235294118,0.05758823529411765,0.11255882352941177,0.001988235294117647,0.006994117647058824,0.014611764705882354,0.005241176470588235
3230913812,0.10053698630136987,0.03846027397260274,0.14417534246575342,0.2349095890410959,0.2566410958904109,5.479452054794521e-06,0.03189589041095891,0.02293150684931507,0.0009698630136986301,0.12814246575342467,0.04133150684931506
3237255951,0.455445652173913,0.003081521739130434,0.014163043478260869,0.007701086956521738,0.380625,0.000483695652173913,0.08917934782608695,0.01197826086956522,0.0006956521739130435,0.036407608695652176,0.0002391304347826087
3238096212,0.1362871794871795,0.0014923076923076925,0.19910769230769232,0.02001025641025641,0.3305384615384616,1.0256410256410258e-05,0.2532564102564103,0.009476923076923077,0.04522564102564103,0.002948717948717949,0.0016461538461538462
3240111380,0.43439466666666665,0.138304,0.050848,0.076272,0.08832533333333335,0.00011733333333333333,0.0012266666666666667,0.025434666666666668,0.0002773333333333333,0.18380266666666667,0.0009973333333333331
3240111388,0.20212602739726027,0.0790027397260274,0.05898630136986301,0.3411945205479452,0.14922191780821914,0.00015342465753424655,0.012383561643835616,0.04832328767123288,0.0009095890410958904,0.09828493150684932,0.009413698630136986
3691759055,0.027861861861861858,1.2012012012012014e-05,0.07994594594594595,0.004444444444444445,0.409957957957958,0.08505105105105105,0.021783783783783785,1.2012012012012014e-05,0.1568168168168168,0.013105105105105106,0.20100900900900898
3691776525,0.009951951951951952,0.00014414414414414415,0.08365765765765766,0.006954954954954954,0.3992852852852853,0.02896096096096096,0.02747747747747748,0.0005345345345345345,0.40506906906906903,0.009915915915915915,0.028048048048048047
3691779829,0.07567567567567568,0.0,0.007867867867867868,0.0010210210210210213,0.9132852852852852,0.0,6.006006006006007e-06,0.0,0.0,0.0002642642642642643,0.00187987987987988
3691795385,0.14987387387387388,0.0,0.21183183183183185,0.0015795795795795794,0.040084084084084086,0.17363963963963966,0.0,6.006006006006007e-06,7.207207207207206e-05,0.0012132132132132132,0.4216996996996997
3691805243,0.0,1.2048192771084335e-05,0.0005301204819277109,0.9065180722891566,0.07558433734939758,0.0,6.626506024096386e-05,0.0,0.0,0.0014759036144578314,0.01581325301204819
3691825461,0.16711484593837536,0.2799831932773109,0.006817927170868346,0.017546218487394957,0.32974789915966385,2.8011204481792718e-05,0.0008627450980392157,0.0013221288515406163,5.042016806722689e-05,0.1964201680672269,0.00010644257703081231
3691836173,0.437993993993994,0.062162162162162166,0.0018078078078078079,0.12723723723723726,0.19886486486486488,0.0,0.0012672672672672672,0.0007267267267267268,3.603603603603604e-05,0.16989189189189188,1.2012012012012014e-05
3691842633,0.25295495495495496,7.207207207207206e-05,0.059387387387387386,0.0018078078078078079,0.5466006006006006,0.131993993993994,0.0,2.4024024024024028e-05,0.001747747747747748,0.0,0.0054114114114114115
3692557936,0.1154954954954955,0.0006126126126126127,0.08716516516516515,0.02017417417417417,0.5084984984984985,0.0026546546546546545,0.014504504504504504,0.18374774774774771,0.00412012012012012,0.0,0.06302702702702703
3692589214,0.00019219219219219217,0.0,0.25499099099099093,0.002792792792792793,0.08157957957957959,9.609609609609608e-05,0.21946546546546547,1.2012012012012014e-05,0.3822702702702703,0.003255255255255255,0.05534534534534535
3692592608,0.1095,0.0,0.07104819277108433,0.0,0.3604036144578313,0.003620481927710844,0.0,0.0,0.0,0.0,0.4554277108433735
3692619372,0.25733132530120484,0.3811686746987952,0.0007108433734939759,0.2997409638554217,0.034006024096385534,0.0,0.0018253012048192767,0.0023433734939759037,0.0,0.022795180722891568,7.83132530120482e-05
3834625773,0.182996996996997,0.33404804804804805,0.03548948948948949,0.17387987987987988,0.2335795795795796,0.0,0.004342342342342343,0.0003003003003003003,0.0008108108108108108,0.033927927927927926,0.0006246246246246248
3834627447,0.17513513513513512,0.095009009009009,0.08676276276276275,0.06473873873873874,0.4779159159159159,0.0008048048048048048,0.02398198198198198,0.010252252252252252,0.003141141141141141,0.05165165165165165,0.010606606606606606
3834628843,0.10793993993993994,0.3498138138138138,0.054072072072072076,0.042888888888888886,0.3664744744744745,1.8018018018018016e-05,0.009363363363363363,0.0015255255255255257,7.207207207207206e-05,0.050522522522522526,0.01730930930930931
3834632603,0.088996996996997,0.0307987987987988,0.0923903903903904,0.06076276276276276,0.5882342342342343,0.0020720720720720717,0.04863063063063063,0.007705705705705706,0.03738738738738738,0.02126726726726727,0.021753753753753755
3834636971,0.19603603603603606,0.02323723723723724,0.09293093093093091,0.0527927927927928,0.17624624624624624,0.0,0.19333333333333333,0.161009009009009,0.09383183183183184,0.008324324324324324,0.0022582582582582576
3834639707,0.2610750750750751,0.09037237237237235,0.004996996996996997,0.13184384384384384,0.3427567567567568,0.0,0.00807207207207207,0.004384384384384384,0.00011411411411411411,0.15613813813813815,0.00024624624624624625
3834640843,0.2289129129129129,0.033777777777777775,0.026084084084084084,0.13956756756756758,0.5147927927927928,0.0,0.018792792792792792,0.012636636636636635,1.2012012012012014e-05,0.021621621621621626,0.0038018018018018017
3834643787,0.28126726726726725,0.0065405405405405395,0.00757957957957958,0.03663063063063063,0.6395375375375375,6.006006006006007e-06,0.004942942942942943,0.007837837837837838,8.408408408408409e-05,0.013183183183183185,0.0023903903903903906
3834659141,0.23747147147147146,0.15634234234234234,0.21182582582582585,0.0261981981981982,0.2227627627627628,0.0009969969969969969,0.006552552552552553,0.006402402402402402,0.006636636636636636,0.11866666666666667,0.0061441441441441435
3834663499,0.1644024024024024,0.010702702702702705,0.0295975975975976,0.06152552552552552,0.6841561561561561,0.0,0.026858858858858855,0.0012192192192192193,0.00012012012012012012,0.01827627627627628,0.003141141141141141
3834666595,0.10607207207207207,0.023315315315315315,0.028606606606606605,0.037009009009009004,0.6638978978978978,0.006342342342342342,0.0053213213213213215,0.006222222222222222,0.003027027027027027,0.01951951951951952,0.10066666666666667
3835427898,0.06537537537537537,0.00025225225225225225,0.0692072072072072,0.054930930930930925,0.5564804804804805,0.0006426426426426427,0.1292852852852853,0.006426426426426426,0.10515315315315316,0.0023663663663663665,0.00987987987987988
3835435622,0.19153153153153152,0.046696696696696696,0.02275075075075075,0.13533333333333333,0.5406186186186186,1.2012012012012014e-05,0.02796396396396397,0.00932132132132132,0.0012432432432432433,0.019945945945945943,0.004582582582582583
3835444284,0.2681561561561561,0.02192792792792793,0.14934534534534535,0.053975975975975976,0.4343483483483484,0.0,0.0033153153153153148,0.009861861861861863,0.0006306306306306306,0.05187987987987988,0.00655855855855856
3835450838,0.20552552552552555,0.05197597597597597,0.0595975975975976,0.08123123123123123,0.4753033033033033,0.00024624624624624625,0.07121321321321321,0.021021021021021026,0.0058018018018018026,0.02762762762762763,0.00045645645645645645
4633044841,0.06636036036036036,0.019777777777777776,0.13093693693693695,0.2202102102102102,0.445981981981982,0.0019399399399399398,0.015945945945945946,0.01876876876876877,0.004132132132132132,0.050666666666666665,0.025279279279279282
4633045671,0.2565885885885886,0.19846846846846847,0.04021621621621622,0.13085285285285286,0.16535135135135134,0.0,0.00033033033033033035,0.0,0.0,0.2081921921921922,0.0
4633046329,0.0,0.0,0.0008228228228228228,0.0,0.7476456456456456,0.0283963963963964,0.0,0.0,0.0017717717717717718,0.0,0.22136336336336335
4633046903,0.0007867867867867867,0.0,0.03815015015015015,0.0,0.011777777777777778,0.26265465465465465,0.0,0.0,0.02475075075075075,0.0,0.6618798798798798
4633186615,0.0250990990990991,0.0037537537537537533,0.17184984984984986,0.033801801801801805,0.6734834834834835,0.010570570570570571,0.038984984984984976,0.0006966966966966967,0.007855855855855855,0.03126126126126126,0.002642642642642643
4633641116,0.02204204204204204,0.0,0.7701681681681682,0.20778978978978974,0.0,0.0,0.0,0.0,0.0,0.0,0.0
4633642584,0.0,0.0,0.05243243243243243,1.2012012012012014e-05,1.2012012012012014e-05,0.3934654654654655,0.11984984984984985,0.0,0.002156156156156157,0.39660660660660657,0.03546546546546546
4637020867,0.006582582582582583,0.05855255255255255,0.00016816816816816817,0.0022342342342342343,0.8849009009009009,0.0,4.8048048048048055e-05,0.01218018018018018,0.0003363363363363364,0.03493693693693694,6.006006006006006e-05
4637524520,0.02974774774774775,0.013333333333333334,0.017861861861861863,0.0980840840840841,0.7504264264264264,0.0,0.0012612612612612614,0.0008228228228228228,0.0,0.08615015015015015,0.0023123123123123127
4640696042,0.15411480362537766,0.3401087613293051,0.2005498489425982,0.08108761329305136,0.04749848942598187,0.005293051359516615,0.003069486404833837,0.0038126888217522655,0.0023202416918429005,0.03870694864048338,0.1234380664652568
4644064553,0.11548948948948948,0.012276276276276277,0.3552972972972973,0.4123843843843844,0.021879879879879882,0.00025825825825825824,0.009945945945945946,0.0018378378378378375,0.0002042042042042042,0.06942342342342342,0.0010030030030030027
4644065107,0.12646246246246245,0.057225225225225225,0.08436036036036035,0.27072072072072073,0.3389369369369369,9.609609609609608e-05,0.027495495495495497,0.014894894894894897,0.00033033033033033035,0.07743543543543542,0.002042042042042042
4644683392,0.059609609609609614,0.25654654654654657,0.18505705705705705,0.19302702702702704,0.08673873873873873,0.0007927927927927926,0.0115975975975976,0.02655855855855856,0.004822822822822823,0.174978978978979,0.0002702702702702703
5229197365,0.351021021021021,0.04309909909909909,0.04781981981981982,0.08822222222222222,0.17481081081081082,0.0013873873873873875,0.018174174174174173,0.002612612612612613,0.0001021021021021021,0.2404024024024024,0.03234834834834835
5229202579,0.33184984984984983,0.06227627627627628,0.29027027027027025,0.018594594594594598,0.0011171171171171172,0.2843603603603604,7.207207207207206e-05,4.204204204204204e-05,0.0068408408408408405,0.0033393393393393394,0.0012372372372372372
5229208717,0.3024444444444445,0.0818138138138138,0.07852252252252252,0.3708948948948949,0.0879099099099099,1.8018018018018016e-05,0.002930930930930931,0.007153153153153153,0.0003663663663663664,0.029807807807807805,0.038138138138138135
5229209697,0.6736096096096096,0.0129009009009009,0.005495495495495496,0.1075855855855856,0.19769369369369366,0.0,0.00018618618618618615,0.0003663663663663664,0.0,0.0014174174174174175,0.0007447447447447447
5229217501,0.27602402402402404,0.2273573573573573,0.044126126126126125,0.30022822822822826,0.0007687687687687687,0.0004504504504504505,0.08244444444444445,0.03877477477477478,0.0007807807807807806,0.028834834834834837,0.00021021021021021022
5229235771,0.8933393393393394,0.0008588588588588589,0.05624624624624625,0.04458858858858858,0.004756756756756757,0.0,0.0,0.00021021021021021022,0.0,0.0,0.0
5229240089,0.6169009009009009,0.00803003003003003,0.16816816816816818,0.02395195195195195,0.014786786786786788,0.0,0.0019459459459459454,0.019579579579579575,1.2012012012012014e-05,0.14556156156156155,0.0010630630630630632
5229788340,0.08823423423423424,0.3203063063063063,0.12092492492492493,0.15148948948948948,0.07590990990990992,0.003129129129129129,0.0009009009009009008,0.009945945945945946,0.004714714714714714,0.09368768768768768,0.13075675675675674
5229794430,0.07911711711711712,0.3265885885885885,0.01878078078078078,0.14273273273273274,0.25105705705705705,6.006006006006007e-06,0.003321321321321321,0.002102102102102102,3.003003003003003e-05,0.16007807807807808,0.016186186186186186
5229795872,0.2969189189189189,0.018948948948948947,0.17275075075075075,0.003321321321321321,0.006660660660660661,0.12958558558558558,0.0017717717717717718,0.0029009009009009013,0.36098498498498494,0.0061381381381381385,1.8018018018018016e-05
5229799922,0.32835435435435434,0.07466666666666667,0.12331531531531532,0.2875795795795796,0.1426006006006006,0.00015015015015015014,0.0018858858858858856,0.011027027027027026,4.8048048048048055e-05,0.028678678678678682,0.0016936936936936937
5229813036,0.058642642642642635,0.6472732732732732,0.09493093093093091,0.1718018018018018,0.02315915915915916,0.0,5.4054054054054054e-05,0.0038738738738738733,6.006006006006007e-06,0.0001021021021021021,0.00015615615615615616
5229818206,0.129975975975976,0.0022762762762762764,0.6282102102102102,0.02091891891891892,0.00954954954954955,0.08253453453453452,3.003003003003003e-05,0.0006666666666666666,0.028576576576576574,0.0018558558558558558,0.09540540540540542
5229818440,0.36178978978978976,0.0033273273273273273,0.2527747747747748,0.008918918918918918,0.005207207207207207,0.20091291291291288,0.0014474474474474475,0.00212012012012012,0.0173033033033033,0.011585585585585586,0.13461261261261262
5229820728,0.9057297297297296,0.0,0.08413813813813815,0.0,0.0001021021021021021,7.807807807807808e-05,0.0,6.006006006006007e-06,0.009945945945945946,0.0,0.0
5327193995,0.450421686746988,0.005807228915662651,0.3989518072289157,0.013240963855421686,0.012512048192771085,0.059006024096385536,0.016704819277108433,0.0006867469879518072,0.006740963855421687,0.018728915662650603,0.01719879518072289
5327194153,0.3373012048192771,0.0035783132530120476,0.1085843373493976,0.014204819277108434,0.0816746987951807,0.13424698795180726,6.024096385542168e-05,1.2048192771084335e-05,0.012084337349397591,0.0027289156626506025,0.3055240963855422
5327195087,0.2875120481927711,1.2048192771084335e-05,0.4681927710843373,0.19969879518072287,0.0060903614457831325,1.2048192771084335e-05,0.03736746987951807,0.0003192771084337349,0.00024096385542168676,0.000391566265060241,0.00016265060240963855
5327195847,0.36676506024096384,0.0,0.0971144578313253,0.4771987951807229,0.013132530120481928,0.0021144578313253013,3.012048192771084e-05,0.0,0.043481927710843374,0.0,0.00016265060240963855
5327197291,0.4571204819277108,0.0005722891566265061,0.2986506024096385,0.05652409638554218,0.06387349397590361,1.2048192771084335e-05,0.0044698795180722894,0.0019156626506024095,0.00025301204819277106,0.1078855421686747,0.00872289156626506
5327198969,0.2379578313253012,0.007391566265060241,0.4316686746987952,0.01291566265060241,0.17372289156626505,0.013192771084337349,0.02609036144578313,0.0006024096385542169,0.009174698795180724,0.08104819277108434,0.006234939759036146
5327199565,0.2393192771084337,0.0,0.04824698795180723,0.00016867469879518071,0.6072891566265061,0.00033132530120481927,0.010265060240963856,0.03047590361445783,0.06332530120481927,0.0,0.0005783132530120482
5327200249,0.4773132530120482,0.0,0.5131204819277109,1.8072289156626505e-05,0.0040421686746987965,0.0001746987951807229,0.0,0.00025301204819277106,0.0005060240963855421,0.0,0.004572289156626506
5327200789,0.7033915662650602,0.0,0.1925843373493976,0.06145180722891566,0.03610240963855422,0.002,0.0016325301204819275,0.0007228915662650602,0.0006566265060240964,0.0002831325301204819,0.001174698795180723
5327804248,0.8108493975903615,0.0009518072289156625,0.02397590361445783,0.14842168674698794,0.015463855421686747,0.0,0.0,0.0003012048192771085,0.0,3.614457831325301e-05,0.0
5327804408,0.7086746987951807,0.010421686746987952,0.09563855421686747,0.15843975903614455,0.020246987951807228,0.00016867469879518071,0.002385542168674699,0.0034397590361445783,6.024096385542168e-05,0.00046987951807228915,5.421686746987952e-05
5327806080,0.6696686746987952,0.0024939759036144574,0.00244578313253012,0.00816867469879518,0.1829578313253012,0.0,6.626506024096386e-05,0.12702409638554216,0.007156626506024095,0.0,1.8072289156626505e-05
5327806532,0.205289156626506,0.06428313253012047,0.06621686746987952,0.05165060240963856,0.40922891566265057,4.819277108433735e-05,0.0008674698795180721,0.009259036144578315,0.001674698795180723,0.16931927710843372,0.022162650602409642
5327807172,0.711355421686747,0.08002409638554217,0.015451807228915662,0.1667409638554217,0.01746987951807229,0.0005903614457831325,0.0008313253012048193,0.004144578313253013,0.0032289156626506025,0.00015060240963855426,1.2048192771084335e-05
5327807604,0.6246204819277108,0.0016024096385542168,0.20907228915662648,0.15147590361445784,0.007650602409638555,0.0005843373493975904,0.0020060240963855427,0.0018132530120481927,0.0006927710843373494,0.0003614457831325301,0.00012048192771084335
5527847393,0.3586613333333333,0.001808,0.01717866666666666,0.016896,0.41634666666666653,0.000144,0.00056,3.733333333333333e-05,9.066666666666667e-05,0.017392,0.17088533333333333
5527856931,0.10857066666666666,0.07367999999999998,0.11142933333333334,0.16410133333333332,0.36989866666666665,0.003472,0.028469333333333333,0.038176,0.002032,0.07826666666666665,0.021904
5527859257,0.3444693333333333,0.02173333333333333,0.15300266666666668,0.08431466666666665,0.22034666666666666,0.005866666666666666,0.004981333333333332,0.0053866666666666655,0.001013333333333333,0.12026666666666665,0.03861866666666666
5527860673,0.058090666666666665,0.37556266666666666,0.07291733333333332,0.07662933333333331,0.41229866666666665,0.0,0.0,3.733333333333333e-05,0.0,0.0004693333333333333,0.0039946666666666655
5527865507,0.043936,0.21,0.010757333333333334,0.012544,0.507568,0.00037866666666666664,0.0020586666666666665,0.179296,0.00018133333333333331,0.01668266666666666,0.016597333333333332
5527867525,0.6518186666666665,0.11367999999999999,0.0048906666666666656,0.04432,0.170592,5.333333333333334e-06,0.00018666666666666666,0.00034666666666666667,1.0666666666666667e-05,0.013178666666666668,0.0009706666666666666
5527872343,0.289328,0.000736,0.010026666666666666,0.051008,0.6074293333333334,1.0666666666666667e-05,0.004661333333333332,0.03624,0.000144,0.0,0.000416
5527877199,0.7260426666666666,0.18309866666666666,0.0014346666666666668,0.015114666666666669,0.07430933333333335,0.0,0.0,0.0,0.0,0.0,0.0
5527878441,0.22198933333333332,0.011930666666666666,0.06392533333333332,0.054181333333333324,0.5767733333333334,0.00013333333333333334,0.0,5.333333333333333e-05,8.533333333333334e-05,0.055205333333333335,0.015722666666666666
5528463742,0.206144,0.16506133333333334,0.008416,0.141872,0.2539413333333333,0.000624,0.0005866666666666667,0.0011573333333333331,0.00032,0.21396266666666666,0.007914666666666667
5528464336,0.8698666666666666,0.05687999999999999,0.002341333333333333,0.016885333333333332,0.047685333333333337,0.0,0.0,0.0,0.0,0.00632,2.133333333333333e-05
5528465620,0.9023946666666666,0.002490666666666666,0.009669333333333332,0.03512533333333333,0.03949866666666666,9.066666666666667e-05,5.333333333333334e-06,1.0666666666666667e-05,9.066666666666667e-05,0.009349333333333331,0.0012746666666666664
5528472292,0.41669333333333336,0.2705173333333333,0.00013866666666666666,0.21,0.038992,0.0,5.8666666666666665e-05,0.000432,0.0,0.063168,0.0
5528474866,0.628656,0.07957333333333333,0.012208,0.025216,0.1924,0.00010133333333333332,0.00018666666666666666,0.00014933333333333332,9.6e-05,0.05184,0.009573333333333331
5528479218,0.6769813333333333,0.09353066666666665,0.03037866666666667,0.019290666666666668,0.062341333333333325,0.00042666666666666667,0.0004426666666666666,1.6e-05,1.0666666666666667e-05,0.11433066666666665,0.002250666666666667
5625149301,0.29320284697508897,0.19422064056939506,0.2079857651245552,0.03824199288256228,0.09896085409252668,0.004320284697508897,0.024064056939501775,0.002298932384341637,0.004548042704626334,0.057807829181494665,0.07434875444839857
5625154361,0.36836298932384337,0.16108185053380786,0.04696797153024911,0.07932384341637011,0.15620640569395014,0.00019217081850533808,0.01301067615658363,0.033558718861209966,0.0002918149466192171,0.12484697508896796,0.016156583629893237
5625162585,0.083744,0.092464,0.0063893333333333345,0.11184,0.5817333333333333,3.733333333333333e-05,0.001632,0.002928,0.0,0.10408,0.015152
5625167345,0.2348540925266904,0.4854092526690392,0.018626334519572955,0.0979644128113879,0.1373594306049822,0.0,0.007871886120996442,0.0038718861209964405,5.6939501779359435e-05,0.012128113879003559,0.001857651245551601
5625187055,0.28380782918149466,0.07222775800711742,0.05055516014234875,0.059209964412811386,0.43720284697508893,0.0006120996441281139,0.005416370106761566,0.0041779359430604976,0.0002633451957295373,0.07630604982206406,0.01022064056939502
5625192265,0.04784341637010677,0.0014590747330960854,0.0700355871886121,0.01994306049822064,0.6973594306049822,0.0015231316725978648,0.0038861209964412813,0.0015373665480427044,0.0006120996441281139,0.033437722419928824,0.12236298932384343
5625194905,0.07835587188612099,0.005722419928825623,0.0299644128113879,0.027537366548042702,0.7413594306049822,0.0006263345195729538,0.0013451957295373665,0.0018149466192170817,0.00017081850533807828,0.02037010676156584,0.09273309608540924
5625741248,0.03912455516014234,0.028327402135231317,0.018825622775800712,0.02493238434163701,0.7300427046263344,0.013380782918149469,0.010277580071174377,0.025373665480427045,0.0019145907473309609,0.04224199288256228,0.06555871886120997
5625749044,0.1888256227758007,0.01913879003558719,0.016711743772241994,0.07558718861209965,0.44861921708185054,2.8469750889679717e-05,0.002405693950177936,0.002476868327402135,2.8469750889679717e-05,0.23426334519572956,0.01191459074733096
5625754642,0.1407900355871886,0.03486832740213523,0.016434163701067615,0.09678291814946623,0.5807829181494661,2.8469750889679717e-05,0.0031601423487544484,0.005451957295373665,3.558718861209965e-05,0.09708896797153024,0.024576512455516016
5625766310,0.10261209964412812,0.0016797153024911034,0.13358718861209964,0.09559430604982207,0.5598647686832741,0.0031387900355871893,0.0061352313167259784,0.0003772241992882562,0.00011387900355871887,0.02085409252669039,0.07604270462633451
5625768712,0.09349466192170819,0.117644128113879,0.11244128113879004,0.08071886120996441,0.2255729537366548,0.0038220640569395017,0.09243416370106762,0.003451957295373665,0.0057508896797153035,0.10471886120996443,0.15995017793594307
5625771160,0.1642135231316726,0.4879430604982206,0.10451245551601424,0.08883274021352314,0.08609252669039145,0.00010676156583629892,0.04515302491103203,0.004064056939501779,0.000199288256227758,0.013793594306049822,0.005088967971530249
5625773610,0.10365836298932384,0.024782918149466197,0.021665480427046264,0.1028612099644128,0.6058362989323843,9.964412811387901e-05,0.0007259786476868326,0.002690391459074733,2.8469750889679717e-05,0.11172241992882563,0.0259288256227758
5625778544,0.09182918149466192,0.02923131672597865,0.15416370106761565,0.049167259786476875,0.4880711743772242,0.01601423487544484,0.031537366548042706,0.002697508896797153,0.0009039145907473308,0.08384341637010675,0.05254092526690392
5633677437,0.09400533333333333,0.017008,0.02916266666666667,0.039781333333333335,0.704224,0.0019199999999999998,0.0002506666666666667,0.000704,0.0026933333333333327,0.06310933333333334,0.04714133333333333
5633727625,0.10332266666666666,0.057354666666666665,0.006832,0.04269866666666666,0.6894453333333334,5.333333333333333e-05,0.00023466666666666666,9.066666666666667e-05,1.0666666666666667e-05,0.087008,0.012949333333333334
5633814709,0.005498666666666666,0.001466666666666667,0.07811733333333333,0.2432053333333333,0.40135466666666664,0.0002666666666666667,0.001184,8.533333333333334e-05,3.733333333333333e-05,0.13033066666666668,0.13845333333333334
5633827485,0.22058666666666665,0.017008,0.031381333333333324,0.12263466666666667,0.4787306666666666,5.333333333333333e-05,0.00728,0.023610666666666662,0.000128,0.08157866666666666,0.017008
5634382418,0.11489066666666667,0.11470933333333333,0.010864,0.14074133333333333,0.5225653333333333,0.0002453333333333333,0.0007733333333333333,0.0012906666666666667,0.00010133333333333332,0.083744,0.01007466666666667
5636302173,0.07335466666666665,0.014645333333333331,0.055909333333333325,0.11115733333333333,0.5014133333333334,7.466666666666666e-05,0.024656,0.0005546666666666666,3.2e-05,0.20542399999999997,0.012778666666666669
5636314461,0.136608,0.051509333333333324,0.379904,0.20038933333333334,0.09511466666666665,0.0,0.0012426666666666669,0.001808,0.00010666666666666668,0.12896,0.004357333333333334
5636614113,0.24593066666666666,0.10962133333333332,0.138592,0.092336,0.2464213333333333,0.0,0.002784,0.0013386666666666664,0.00019733333333333327,0.154512,0.008266666666666667
5636639517,0.199152,0.04570133333333333,0.07104533333333334,0.102736,0.39135466666666663,5.333333333333334e-06,0.006154666666666666,0.0013546666666666663,0.00021866666666666668,0.17479466666666665,0.007482666666666667
5636720927,0.5358613333333333,0.171584,0.001904,0.09008,0.07864,0.0,2.133333333333333e-05,0.0008,0.0,0.12109866666666665,1.0666666666666667e-05
5636821257,0.41228266666666663,0.13018133333333334,0.010768000000000002,0.179424,0.041216,0.0,0.0,0.000128,0.0,0.226,0.0
5636855594,0.08445866666666665,0.007962666666666665,0.2346186666666667,0.4060693333333333,0.145136,4.266666666666666e-05,0.048517333333333336,0.0006453333333333334,5.333333333333334e-06,0.061504,0.01104
