1148678179,0.09392,0.5053493333333333,0.09587733333333331,0.15405333333333332,0.051744,0.00013866666666666666,0.004544,0.0072,0.001296,0.08386133333333333,0.002016
1185018782,0.17904533333333333,0.5603893333333333,0.02376,0.13698133333333334,0.03532266666666667,0.0,3.2e-05,0.0005813333333333333,0.0,0.063888,0.0
1185024608,0.028437333333333325,0.10352,0.20002666666666666,0.5342133333333333,0.011514666666666666,1.6e-05,0.01176533333333333,0.006741333333333334,0.00011200000000000001,0.10329066666666667,0.00036266666666666663
1185030120,0.08370133333333332,0.6182346666666667,0.04293866666666666,0.199408,0.024288,1.6e-05,0.008714666666666667,0.007695999999999999,5.333333333333334e-06,0.01464,0.0003573333333333333
1250315709,0.18698666666666666,0.122608,0.06656,0.18443733333333331,0.08926399999999998,4.8e-05,0.000528,0.002896,0.003984,0.3425813333333333,0.00010666666666666668
1250317555,0.18036266666666667,0.16222933333333334,0.06076266666666666,0.17963733333333334,0.098656,5.8666666666666665e-05,0.00014933333333333332,0.000704,0.000736,0.31664,6.4e-05
1251192664,0.15331199999999998,0.224208,0.03831466666666666,0.3730346666666666,0.11819733333333332,0.0004053333333333333,0.0022613333333333326,0.00041066666666666666,0.0009493333333333332,0.08353066666666667,0.005376
1345399308,0.283072,0.154032,0.06344533333333334,0.3309013333333333,0.069184,0.0,0.0003253333333333333,4.8e-05,6.4e-05,0.09888,4.8e-05
158849802,0.03658666666666667,0.5227306666666666,0.12447466666666665,0.07963199999999998,0.11128533333333332,0.0,0.003776,9.066666666666667e-05,0.0,0.07070933333333332,0.050714666666666665
158849998,0.038048,0.5150293333333333,0.130768,0.0852,0.10842666666666667,0.0,0.0038293333333333335,6.933333333333333e-05,0.0,0.06972266666666667,0.04890666666666666
158850235,0.09033066666666667,0.5430666666666667,0.11192533333333334,0.136784,0.06154133333333334,0.0,0.002469333333333333,0.000512,5.333333333333334e-06,0.037973333333333324,0.015392
158850431,0.030949333333333325,0.5848053333333333,0.10408,0.007045333333333333,0.13223466666666667,0.0,3.2e-05,0.0,0.0,0.0007253333333333333,0.140128
158866424,0.04458133333333333,0.6518453333333334,0.020442666666666668,0.08439466666666667,0.19492266666666666,0.0,0.0,5.333333333333334e-06,0.0,0.000592,0.003216
158866615,0.03550933333333333,0.6013066666666665,0.03834666666666666,0.04162666666666666,0.2701653333333333,0.0,0.0,1.6e-05,0.0,0.0003253333333333333,0.012704
158867236,0.08534933333333332,0.29957866666666666,0.04607466666666666,0.330512,0.09690133333333333,0.0010613333333333334,0.004570666666666666,0.003226666666666667,0.0026986666666666665,0.126176,0.0038506666666666663
2131411135,0.1571219512195122,0.02346341463414634,0.04835365853658537,0.02585365853658536,0.3804634146341464,0.00021341463414634144,0.0005792682926829268,0.0009390243902439023,0.0009390243902439023,0.349969512195122,0.012103658536585366
2131411401,0.008506024096385543,0.0019036144578313246,0.2466987951807229,0.011638554216867469,0.3503734939759036,0.0018734939759036144,3.614457831325301e-05,2.4096385542168674e-05,0.0013795180722891564,0.2765060240963855,0.10106024096385542
2131413503,0.16628228228228228,0.25032432432432433,0.0026666666666666666,0.00039639639639639637,0.34966366366366364,8.408408408408409e-05,0.0012612612612612614,0.0005765765765765766,0.004486486486486487,0.223987987987988,0.0002702702702702703
2132188900,0.0414380664652568,0.0041268882175226574,0.17529305135951662,0.0041450151057401815,0.4703867069486405,0.016217522658610272,0.000513595166163142,0.0001933534743202417,0.01595166163141994,0.013867069486404834,0.2578670694864048
2199742801,0.105664,0.0,0.6748746666666666,0.0016426666666666664,0.12916266666666668,0.0,5.333333333333334e-06,4.266666666666666e-05,0.0,0.0022666666666666673,0.08634133333333335
223913594,0.05980800000000001,0.274384,0.36613866666666667,0.195264,0.049845333333333325,4.8e-05,0.0010453333333333332,0.0016586666666666664,0.0007839999999999998,0.01805333333333333,0.03297066666666667
223913777,0.10082133333333332,0.492496,0.134016,0.12803733333333334,0.14002133333333333,0.0,0.0,1.0666666666666667e-05,0.0,0.0004426666666666666,0.004154666666666667
223914037,0.02794666666666667,0.2799093333333333,0.5303786666666666,0.020634666666666662,0.04226666666666666,1.0666666666666667e-05,4.266666666666666e-05,9.066666666666667e-05,0.0,0.012298666666666666,0.08642133333333332
2476294126,0.098704,0.01767466666666667,0.17477866666666667,0.3135573333333333,0.20029866666666668,0.005930666666666666,0.06191466666666666,0.0041333333333333335,0.018794666666666668,0.055738666666666666,0.048474666666666666
2610057761,0.24624,0.14036266666666666,0.20949866666666667,0.08494933333333332,0.024053333333333333,0.004437333333333333,0.015472,0.010293333333333331,0.091504,0.09468266666666665,0.07850666666666667
2612186959,0.14293333333333333,0.02788266666666667,0.093504,0.210736,0.028154666666666668,0.01581866666666667,0.10253333333333334,0.086912,0.19568,0.06930133333333334,0.026544
2615740385,0.006666666666666667,0.0,0.6767573333333333,0.1032,0.156224,0.024490666666666668,0.00208,1.0666666666666667e-05,8.533333333333334e-05,0.01974933333333333,0.010736
2615746347,0.11237333333333334,0.000912,0.4124533333333333,0.26376,0.07054933333333334,5.333333333333334e-06,0.005333333333333333,0.0011573333333333331,0.0009333333333333332,0.12701866666666667,0.005504
2616562156,0.05885333333333333,0.002096,0.5441653333333333,0.12826666666666667,0.15366400000000002,0.000368,0.008543999999999998,0.003589333333333333,0.0005493333333333333,0.098768,0.001136
2616583918,0.08952533333333333,6.4e-05,0.5682933333333333,0.100832,0.11040533333333333,0.011445333333333332,0.035765333333333336,3.733333333333333e-05,9.066666666666667e-05,0.049562666666666665,0.033978666666666664
2703105035,0.16528533333333334,0.07492266666666665,0.010672,0.3114133333333333,0.11272533333333333,0.00046399999999999995,0.0022186666666666665,0.0013546666666666663,8.533333333333334e-05,0.3157653333333333,0.0050933333333333325
2703127043,0.20112,0.3108373333333333,0.22537066666666666,0.15168533333333334,0.07797866666666665,2.133333333333333e-05,0.0004853333333333333,0.0038506666666666663,0.00592,0.022197333333333333,0.0005333333333333334
2732223867,0.2706846846846847,0.31562762762762764,0.0007087087087087087,0.2331771771771772,0.0023723723723723727,0.0,0.0005285285285285286,0.00027627627627627627,0.0,0.1765225225225225,0.0001021021021021021
2732224763,0.3731651651651652,0.27822822822822824,0.01078078078078078,0.12694894894894895,0.028168168168168167,3.003003003003003e-05,0.0007627627627627627,0.0018138138138138137,0.002936936936936937,0.17707507507507508,9.009009009009008e-05
2732237239,0.07332732732732733,0.2341981981981982,0.16258258258258254,0.18126126126126127,0.09341741741741742,0.0,0.00048048048048048047,0.001099099099099099,1.8018018018018016e-05,0.25064864864864866,0.002966966966966967
2732239407,0.26966966966966965,0.05945945945945945,0.14190390390390387,0.0609069069069069,0.11453453453453455,1.2012012012012014e-05,0.00015615615615615616,0.0016756756756756755,0.002504504504504505,0.348972972972973,0.0002042042042042042
2733053522,0.4524504504504505,0.23564564564564566,0.04320720720720721,0.06768768768768768,0.018564564564564564,1.8018018018018016e-05,0.0007207207207207206,0.004972972972972973,0.00554954954954955,0.17106906906906907,0.00011411411411411411
2733062198,0.08979579579579582,0.3021861861861862,0.3320720720720721,0.10006006006006006,0.0689009009009009,0.0007627627627627627,0.0016096096096096097,0.0024804804804804807,0.006546546546546546,0.09443243243243245,0.0011531531531531532
2733066880,0.3625105105105105,0.025489489489489488,0.10690690690690692,0.1313093093093093,0.25823423423423425,2.4024024024024028e-05,0.011261261261261259,0.005513513513513513,0.0007987987987987989,0.0929009009009009,0.0050510510510510505
2733069084,0.2826006006006006,0.2477957957957958,0.026912912912912916,0.12463063063063065,0.059831831831831835,0.0,0.0002642642642642643,0.0010630630630630632,0.0,0.2569009009009009,0.0
2744424763,0.4266366366366367,1.2012012012012014e-05,0.395975975975976,9.009009009009008e-05,0.0023483483483483485,0.15252252252252252,0.00025225225225225225,0.0001381381381381381,0.0023243243243243248,0.00045645645645645645,0.01924324324324324
2744426511,0.6183783783783784,0.0004024024024024024,0.1662102102102102,0.00041441441441441434,0.006216216216216216,0.12594594594594594,0.0003783783783783784,0.0006186186186186186,0.003783783783783784,0.001831831831831832,0.07581981981981982
2745260276,0.5459279279279279,6.606606606606607e-05,0.18129729729729727,0.0004504504504504505,0.005243243243243243,0.14801201201201197,0.00024624624624624625,9.609609609609608e-05,0.005333333333333333,0.001777777777777778,0.11154954954954956
2745260940,0.5136816816816817,7.807807807807808e-05,0.23004204204204204,0.0002882882882882883,0.0016756756756756755,0.2376156156156156,0.0007627627627627627,0.00024624624624624625,0.00327927927927928,0.0011771771771771774,0.011153153153153152
2745262194,0.5153333333333333,7.807807807807808e-05,0.16811411411411412,9.609609609609608e-05,0.0015855855855855855,0.14905105105105104,0.0008648648648648649,0.00034834834834834833,0.005945945945945946,0.004132132132132132,0.15445045045045044
2763075841,0.15909248554913294,0.23620231213872836,0.3330520231213873,0.14608670520231215,0.02800578034682081,0.0016531791907514453,0.0016184971098265894,0.0010346820809248557,0.00012716763005780348,0.025231213872832368,0.06789595375722543
2765054479,0.18339333333333327,0.13723333333333335,0.22046,0.17933333333333334,0.02608,0.00016666666666666666,0.0003933333333333333,0.00036,8e-05,0.17920666666666665,0.07329333333333332
2765059913,0.19541040462427745,0.024566473988439308,0.42168208092485543,0.2735838150289017,0.013398843930635838,0.0003815028901734104,0.0022832369942196533,0.0022485549132947977,8.670520231213873e-05,0.02058381502890173,0.045774566473988434
2784052177,0.2191951951951952,0.27232432432432435,0.002510510510510511,0.09551951951951952,0.2849249249249249,7.207207207207206e-05,0.0011171171171171172,0.004180180180180179,0.00412012012012012,0.11589189189189188,0.00014414414414414415
2784053119,0.052288288288288284,0.3796456456456456,0.032078078078078075,0.05860660660660661,0.3925465465465465,0.0002702702702702703,0.0052612612612612615,0.004876876876876877,0.0007747747747747747,0.041675675675675684,0.03197597597597598
2806871738,0.28641642228739,0.2794134897360704,0.13824046920821115,0.2192375366568915,0.03533137829912023,0.0002873900293255132,0.000997067448680352,0.001120234604105572,0.0030733137829912025,0.019102639296187683,0.01678005865102639
2824813143,0.21621828908554566,0.01449557522123894,0.3072861356932153,0.3177227138643068,0.011333333333333334,0.0022949852507374627,0.011333333333333334,0.0020589970501474924,0.0001533923303834808,0.07663126843657816,0.040471976401179936
2852785492,0.14130555555555555,0.0017986111111111113,0.21529166666666666,0.4528402777777778,0.03325,6.25e-05,0.0006111111111111111,0.00020833333333333332,0.00021527777777777775,0.09788194444444445,0.05653472222222222
288817385,0.6053973333333333,0.0,0.28396266666666664,0.0005386666666666666,0.012293333333333331,0.05273066666666666,0.000208,0.002528,0.037093333333333325,0.001584,0.003664
288817407,0.7173813333333333,0.000176,0.12092266666666665,0.0002453333333333333,0.008064,0.101008,0.0002933333333333333,0.0010293333333333333,0.03465066666666667,0.003082666666666667,0.013146666666666666
288817416,0.7057066666666667,4.266666666666666e-05,0.10813866666666666,0.000352,0.003946666666666666,0.10610133333333334,0.00039466666666666665,0.0014986666666666664,0.05842666666666666,0.003168,0.012223999999999999
288817420,0.6415345454545455,7.272727272727274e-05,0.12457454545454545,0.00016,0.003672727272727273,0.16264,0.00056,0.00043636363636363637,0.04245818181818182,0.0053454545454545465,0.018545454545454542
288836087,0.490208,0.0004746666666666666,0.29052266666666665,0.02561066666666667,0.058256,0.005109333333333333,0.0061973333333333325,0.0053866666666666655,0.0014186666666666664,0.012448,0.104368
288842723,0.495456,0.0012266666666666667,0.295792,0.03198933333333333,0.046229333333333324,0.004437333333333333,0.007056,0.007930666666666667,0.001424,0.013168,0.09529066666666665
288842732,0.516128,0.0017493333333333336,0.2974346666666667,0.030197333333333333,0.031322666666666665,0.005408,0.009178666666666665,0.011946666666666666,0.0020373333333333333,0.014261333333333334,0.080336
2961652711,0.3323642857142857,0.41077142857142857,0.08315714285714286,0.08949285714285715,0.025878571428571428,0.0006714285714285714,0.000607142857142857,0.0013714285714285714,0.0010857142857142858,0.04814285714285714,0.0064571428571428575
2961653657,0.18840714285714288,0.36997142857142856,0.17586428571428572,0.12968571428571427,0.04933571428571429,0.0014071428571428572,0.0010357142857142856,0.0004428571428571429,0.0004785714285714285,0.06706428571428573,0.016307142857142857
2961654667,0.1419,0.35684285714285713,0.29464285714285715,0.07601428571428571,0.05878571428571429,0.0030571428571428572,0.002342857142857143,0.0007571428571428572,0.0022214285714285712,0.015514285714285715,0.047921428571428566
2961655365,0.12438571428571428,0.4155142857142857,0.2880428571428572,0.04963571428571428,0.05249285714285714,0.0037142857142857134,0.002807142857142857,0.0008,0.00185,0.0146,0.046157142857142855
2961657847,0.10744285714285716,0.3140571428571429,0.3667357142857143,0.042371428571428574,0.05604285714285714,0.00455,0.002257142857142857,0.0009285714285714286,0.002542857142857143,0.013335714285714286,0.08973571428571428
2961702363,0.25185714285714284,0.009464285714285715,0.2591428571428571,0.09309285714285714,0.031164285714285717,0.005142857142857143,0.0053,0.0005928571428571429,0.0029142857142857143,0.3312071428571429,0.010121428571428571
2962495956,0.38297857142857145,0.4389928571428571,0.06832857142857143,0.041671428571428575,0.023857142857142855,0.0011214285714285714,0.0005928571428571429,0.0017428571428571428,0.0021857142857142856,0.03421428571428571,0.004314285714285713
2962497360,0.16415714285714286,0.8050857142857144,0.0013285714285714285,0.0016071428571428573,0.026392857142857145,0.0,7.142857142857144e-06,7.142857142857144e-06,0.0,0.0011571428571428572,0.00025714285714285715
2962504910,0.09276428571428573,0.32245714285714283,0.40382857142857137,0.031657142857142856,0.051142857142857136,0.0039642857142857145,0.00175,0.0006428571428571428,0.0020714285714285713,0.00925,0.08047142857142857
2962505958,0.08592857142857142,0.3167357142857143,0.4156071428571429,0.03182142857142857,0.05155,0.003807142857142857,0.0012857142857142856,0.0006357142857142857,0.00155,0.006507142857142857,0.08457142857142858
2962506932,0.10652857142857143,0.2957142857142857,0.4473142857142857,0.034792857142857146,0.04829285714285714,0.0023857142857142857,0.0013428571428571428,0.0006785714285714286,0.0008428571428571427,0.0067857142857142855,0.05532142857142857
2962509486,0.15442857142857142,0.4740428571428572,0.25257142857142856,0.03256428571428571,0.04575,0.0019,0.0006285714285714285,0.0003928571428571429,0.0011785714285714286,0.00465,0.03189285714285714
3247826633,0.12344781144781145,0.16926599326599326,0.2850976430976431,0.09737373737373736,0.020377104377104376,0.0002626262626262626,0.0003636363636363636,3.367003367003367e-05,0.0,0.20043097643097646,0.10334680134680137
3560383506,0.16371733333333333,0.0014826666666666664,0.240384,0.28419733333333336,0.18396266666666666,0.00023466666666666666,0.044970666666666666,0.00104,0.0009173333333333332,0.054997333333333336,0.024096
3567985611,0.2304853333333333,0.10382933333333333,0.2661653333333333,0.058256,0.07406933333333332,1.0666666666666667e-05,0.00041066666666666666,0.0035146666666666672,0.0010613333333333334,0.26194666666666666,0.0002506666666666667
3568120787,0.2751573333333333,0.460352,0.03052266666666667,0.15903466666666666,0.054272,5.333333333333333e-05,0.001184,0.010794666666666666,0.0009493333333333332,0.007541333333333333,0.00013866666666666666
3568140825,0.12179733333333333,0.31068266666666666,0.025695999999999997,0.307328,0.20829333333333333,0.0,0.0023893333333333327,0.0037973333333333336,3.733333333333333e-05,0.019824,0.00015466666666666667
3568155965,0.224848,0.321024,0.04466666666666666,0.21703466666666665,0.0844,7.466666666666666e-05,0.0006613333333333333,0.010512,0.002762666666666667,0.09367466666666667,0.0003413333333333333
3568159209,0.11700266666666667,0.2580693333333333,0.03628266666666666,0.376064,0.05863466666666666,0.0006773333333333333,0.0010453333333333332,0.01088,0.010437333333333331,0.12895466666666666,0.001952
3568382785,0.40705066666666667,0.23349866666666666,0.16411733333333334,0.028127999999999997,0.003077333333333333,0.057765333333333335,0.0016853333333333336,0.059376,0.013637333333333331,0.00029866666666666664,0.03136533333333333
3568387187,0.13472,0.42205866666666664,0.116624,0.07730133333333332,0.007226666666666666,0.076112,0.016064,0.05955733333333332,0.006133333333333334,0.005285333333333335,0.07891733333333335
3568400411,0.693664,0.0008426666666666667,0.08587733333333332,0.020842666666666662,0.01936,0.07065066666666667,0.0029866666666666665,0.003541333333333333,0.0009226666666666668,0.005504,0.095808
3568956904,0.10826133333333332,0.08736533333333332,0.01428266666666667,0.17376,0.06282666666666667,0.0,1.6e-05,0.00010133333333333332,0.0,0.55336,2.666666666666667e-05
3568962714,0.17353066666666667,0.25593066666666664,0.043658666666666665,0.248192,0.10801066666666667,4.8e-05,0.0002933333333333333,0.010304,0.003328,0.15658133333333332,0.00012266666666666668
3569202366,0.15056533333333333,0.40857066666666664,0.11906133333333335,0.07027733333333333,0.006810666666666665,0.07950933333333332,0.017274666666666667,0.06299733333333334,0.005941333333333333,0.004848,0.074144
3569205874,0.13893333333333333,0.4146773333333333,0.11306666666666665,0.079584,0.007856,0.07640533333333335,0.016405333333333334,0.058597333333333335,0.005429333333333335,0.005541333333333333,0.08350399999999998
3570535404,0.6661493333333334,0.00023466666666666666,0.17653333333333332,0.003008,0.025722666666666668,0.0008106666666666666,0.00037866666666666664,0.0004586666666666666,0.00041066666666666666,0.006608,0.11968533333333335
3570653642,0.3088586666666667,0.068544,0.04008533333333333,0.12347733333333333,0.18,0.0,0.021002666666666663,0.003216,1.0666666666666667e-05,0.2548,5.333333333333334e-06
3570671126,0.08867733333333333,0.630768,4.8e-05,0.025370666666666663,0.25105066666666664,0.0,5.333333333333333e-05,0.003589333333333333,1.0666666666666667e-05,0.0004053333333333333,2.666666666666667e-05
3638189331,0.24553753753753754,0.03964564564564565,0.10735135135135136,0.31097897897897897,0.16930330330330332,4.204204204204204e-05,0.006528528528528529,0.007189189189189189,0.014966966966966968,0.08902102102102102,0.009435435435435437
3638198319,0.22491891891891888,0.01706906906906907,0.2835975975975976,0.16646246246246246,0.06927327327327328,0.007483483483483482,0.010114114114114114,0.006852852852852853,0.02543543543543544,0.17290090090090093,0.015891891891891892
3638203355,0.2343783783783784,0.04114714714714715,0.22176576576576576,0.1438078078078078,0.06362762762762761,1.2012012012012014e-05,0.0021621621621621626,0.005285285285285286,0.0003003003003003003,0.2856816816816817,0.001831831831831832
3638206801,0.2391891891891892,0.0436036036036036,0.21264264264264265,0.14387387387387388,0.06604804804804805,1.8018018018018016e-05,0.001963963963963964,0.0036516516516516525,0.00029429429429429435,0.2871231231231231,0.0015915915915915913
3638208265,0.16036036036036036,0.03830030030030031,0.024900900900900903,0.2628528528528529,0.30443843843843843,0.0,0.0005645645645645644,0.0016096096096096097,0.0,0.2063723723723724,0.0006006006006006006
3638251767,0.3363063063063063,0.016534534534534538,0.22115315315315315,0.08898498498498497,0.10269669669669668,0.008198198198198198,0.0573993993993994,0.0007807807807807806,0.002510510510510511,0.15124924924924926,0.014186186186186188
3638264271,0.2898798798798799,0.07226426426426424,0.20468468468468468,0.20649249249249246,0.05048048048048048,0.0001381381381381381,0.0044744744744744745,0.002864864864864865,0.021537537537537538,0.05595195195195196,0.09123123123123121
3638273175,0.3223303303303303,0.014372372372372372,0.0312972972972973,0.16145345345345347,0.22978978978978976,0.0001021021021021021,0.008810810810810811,0.0011111111111111113,0.009483483483483485,0.21968168168168167,0.0015675675675675676
3638276555,0.33145345345345345,0.0010210210210210213,0.02314114114114114,0.07072672672672672,0.19099099099099096,1.8018018018018016e-05,0.013603603603603605,0.0025585585585585586,0.0009429429429429428,0.36372372372372375,0.00181981981981982
3638999268,0.17111711711711713,0.008846846846846845,0.17325525525525526,0.4421141141141141,0.042,0.0,0.0010270270270270273,0.0007207207207207206,0.00012012012012012012,0.1607867867867868,1.2012012012012014e-05
3639016808,0.2382822822822823,0.04010810810810811,0.21583783783783786,0.1567087087087087,0.06435435435435435,6.006006006006007e-06,0.0022942942942942943,0.004804804804804805,0.0003783783783783784,0.27564564564564564,0.0015795795795795794
3639023392,0.24696696696696696,0.020168168168168167,0.2593933933933934,0.21129729729729727,0.05483483483483483,0.008150150150150148,0.0065405405405405395,0.0025165165165165165,0.005873873873873874,0.18148348348348348,0.002774774774774775
3639024980,0.3355675675675676,0.011363363363363363,0.018192192192192192,0.1992072072072072,0.03646246246246247,0.0,0.03407807807807808,0.001099099099099099,0.00010810810810810812,0.3633273273273273,0.0005945945945945945
3639071774,0.27625225225225225,0.0566966966966967,0.1616156156156156,0.28133933933933936,0.035813813813813815,1.8018018018018016e-05,0.008288288288288287,0.004672672672672673,0.010066066066066066,0.10756756756756757,0.057669669669669674
3639085712,0.2172132132132132,0.018774774774774773,0.18168168168168167,0.19852852852852854,0.17374774774774776,0.00025225225225225225,0.0095015015015015,0.00581981981981982,0.025741741741741743,0.16034834834834835,0.008390390390390391
3668229904,0.09002846975088967,0.009679715302491105,0.17693238434163702,0.06736654804270463,0.061444839857651236,0.003209964412811388,0.07360142348754449,0.028106761565836295,0.0279288256227758,0.4566903914590748,0.00501067615658363
3668230420,0.05761066666666665,0.013098666666666666,0.19307733333333327,0.085936,0.07586666666666665,0.007738666666666665,0.023434666666666663,0.05769066666666666,0.013178666666666668,0.467856,0.004512
3668233676,0.190288,0.33332266666666666,0.11876266666666667,0.028389333333333325,0.12486933333333332,0.02819733333333333,0.00656,0.014330666666666669,0.034245333333333336,0.04792,0.07311466666666665
3676039021,0.605531914893617,0.0006879432624113475,0.2618723404255319,0.0488936170212766,0.03493617021276596,2.127659574468085e-05,0.000801418439716312,0.00016312056737588653,0.0008510638297872339,0.00774468085106383,0.038496453900709215
3676764306,0.3267163120567376,0.0047375886524822705,0.024482269503546098,0.34731205673758864,0.03309929078014184,0.00019858156028368796,0.0027659574468085106,0.0013546099290780145,0.0014042553191489359,0.2576312056737589,0.0002978723404255319
3676857188,0.11729787234042552,0.0,0.5244468085106383,0.007163120567375886,0.166822695035461,0.0,7.092198581560285e-06,0.0008085106382978724,7.092198581560285e-06,0.0006312056737588652,0.18281560283687945
3710370971,0.6090942408376964,0.0,0.19550261780104713,0.00017801047120418847,0.0047329842931937175,0.11061256544502618,0.00013612565445026177,0.0018900523560209427,0.07295811518324606,0.00030890052356020943,0.004586387434554974
3710372933,0.386688,0.0,0.166288,2.666666666666667e-05,0.0014613333333333336,0.3486293333333333,5.8666666666666665e-05,0.000176,0.06977066666666665,0.0003093333333333333,0.026592
3710376347,0.6550933333333333,0.000576,0.08266133333333332,0.001312,0.0022826666666666672,0.15469866666666668,0.0002613333333333333,0.0018933333333333328,0.08437333333333331,0.0004693333333333333,0.016378666666666666
3710380793,0.35153066666666666,0.00096,0.2433013333333333,0.001056,0.002901333333333333,0.13471466666666668,0.0009706666666666666,0.03793066666666666,0.02176,0.015125333333333331,0.18974933333333333
3710382699,0.8215626666666666,0.0007466666666666666,0.10258666666666667,0.000336,0.013786666666666666,0.034090666666666665,0.0003733333333333333,0.001744,0.016554666666666662,0.0013173333333333331,0.006901333333333333
3710486377,0.8858506666666666,0.06266666666666665,0.02373866666666667,5.333333333333334e-06,0.0014026666666666664,0.003648,0.0,0.012688,0.008890666666666665,0.0002293333333333333,0.00088
3711183180,0.4264041450777202,0.000155440414507772,0.018072538860103626,6.217616580310883e-05,0.0020932642487046637,0.4329119170984456,0.0,0.0016269430051813474,0.00566839378238342,0.002797927461139896,0.11020725388601037
3711187764,0.660448,6.933333333333333e-05,0.092496,0.00024,0.002965333333333333,0.16112,0.0003573333333333333,0.000736,0.06312,0.0003573333333333333,0.018090666666666668
3754586709,0.2447942857142857,0.29496,0.3888,0.024405714285714284,0.0017371428571428572,0.014605714285714288,0.0012057142857142857,0.009931428571428572,5.7142857142857145e-06,0.018525714285714284,0.0010285714285714286
3755384142,0.4269810126582279,0.0003481012658227848,0.3285,0.012575949367088607,0.009841772151898732,0.14177215189873418,0.015468354430379748,0.0013037974683544305,0.00841139240506329,0.0011582278481012658,0.05363924050632912
3767041448,0.6978005698005698,0.0,0.0,0.18138461538461534,0.0,0.0,0.0,0.0,0.0,0.12081481481481482,0.0
39767184,0.243952,0.360464,0.11608533333333332,0.14592533333333332,0.08469333333333333,0.000672,0.001312,0.0016213333333333336,0.000624,0.016784,0.027866666666666668
4074848725,0.8093173333333333,0.039984,0.08508799999999998,0.014991999999999998,0.007605333333333333,0.007727999999999999,0.0006826666666666667,0.013850666666666669,0.002117333333333333,0.012821333333333334,0.005813333333333334
4075754559,0.752752,0.010058666666666669,0.08177066666666667,0.019349333333333333,0.113008,0.001002666666666667,0.0004853333333333333,0.002096,0.0021813333333333333,0.006986666666666667,0.010309333333333334
4075754675,0.8752426666666666,0.01072,0.050997333333333325,0.011728,0.029626666666666662,0.0005973333333333333,0.000352,0.0048533333333333345,0.0006666666666666666,0.004650666666666666,0.010565333333333331
4075754797,0.8948853333333333,0.009797333333333332,0.04066133333333333,0.013701333333333331,0.02469333333333333,0.000448,0.000208,0.0022346666666666665,0.00034666666666666667,0.004064,0.00896
4075755249,0.5278346666666666,0.018362666666666663,0.092688,0.02934933333333333,0.261056,0.002954666666666666,0.0010453333333333332,0.0021653333333333333,0.001546666666666667,0.018298666666666668,0.04469866666666666
4075755389,0.36784533333333336,0.010874666666666666,0.386768,0.07905066666666667,0.02357333333333333,0.04682666666666666,0.011333333333333334,0.045850666666666665,0.005770666666666667,0.017648,0.0044586666666666655
4075755931,0.8340959999999998,0.013989333333333331,0.10355733333333332,0.018064,0.008,0.006085333333333333,0.0009866666666666667,0.0013226666666666669,0.0025226666666666665,0.0053866666666666655,0.005989333333333334
4076508626,0.6873226666666666,0.020794666666666663,0.13653333333333334,0.015098666666666666,0.01990933333333333,0.01298133333333333,0.005722666666666666,0.02039466666666666,0.007024,0.010506666666666666,0.06371200000000002
4076508876,0.712416,0.008506666666666666,0.10837866666666666,0.018992,0.036645333333333335,0.04530666666666666,0.008432,0.012218666666666666,0.007642666666666666,0.01085866666666667,0.03060266666666667
4076509332,0.380064,0.00910933333333333,0.40055466666666667,0.063344,0.03686933333333333,0.0010506666666666668,0.005088,0.035168,0.031872,0.021205333333333333,0.01567466666666667
4076509470,0.7135306666666666,0.03444266666666667,0.09976533333333332,0.01936,0.047504,0.0053546666666666656,0.004661333333333332,0.028144,0.020474666666666662,0.006538666666666666,0.020224
4076509600,0.843728,0.008368,0.070416,0.020016,0.027850666666666662,0.0038986666666666666,0.003221333333333333,0.006757333333333333,0.0011626666666666669,0.004410666666666666,0.010170666666666666
4076509824,0.734656,0.025376,0.11593066666666668,0.042304,0.012517333333333332,0.003984,0.005258666666666666,0.018832,0.005109333333333333,0.024768,0.011264
4077970907,0.2972106666666667,0.354416,0.17330666666666664,0.05674666666666666,0.047861333333333325,0.00017066666666666668,0.0008319999999999998,0.005930666666666666,0.010021333333333332,0.0028,0.050704
4078431597,0.2451573333333333,0.7074933333333333,0.025418666666666662,0.0036533333333333335,0.010885333333333334,9.6e-05,4.8e-05,0.00041066666666666666,0.0002773333333333333,0.0036373333333333327,0.002922666666666667
4078725092,0.3907674418604651,0.14885116279069768,0.19908372093023252,0.11749767441860465,0.01808372093023256,4.186046511627907e-05,0.0016232558139534885,0.08577674418604651,0.0108,0.02376744186046512,0.003706976744186047
4078726116,0.05346551724137931,0.551948275862069,0.029080459770114944,0.11039655172413793,0.0038218390804597704,0.0,0.006706896551724138,0.03549425287356322,0.0014195402298850573,0.2055057471264368,0.002160919540229885
4079189370,0.622704,0.024234666666666668,0.056373333333333324,0.06949333333333334,0.113568,0.000192,5.333333333333333e-05,0.000432,0.000608,0.07326933333333335,0.039072
4092170995,0.2636607594936709,0.0930987341772152,0.03547848101265823,0.20811139240506327,0.0009569620253164556,0.007944303797468355,0.01319493670886076,0.008663291139240506,0.056096202531645566,0.310693670886076,0.00210126582278481
4495148807,0.33464864864864863,0.2502762762762763,0.19900900900900897,0.013051051051051052,0.0029969969969969967,0.07562762762762763,0.042900900900900894,0.05282282282282282,0.0005705705705705706,0.010084084084084084,0.01801201201201201
5009408424,0.387392,2.666666666666667e-05,0.5529546666666667,0.0006933333333333333,0.010026666666666666,1.0666666666666667e-05,1.0666666666666667e-05,0.0,2.666666666666667e-05,0.000736,0.04812266666666666
5009412652,0.44770666666666653,0.0,0.3930186666666666,0.0016426666666666664,0.014250666666666668,3.2e-05,5.333333333333334e-06,5.333333333333334e-06,0.0,0.006149333333333333,0.13718933333333333
5011625981,0.181936,0.34959466666666666,0.35913066666666665,0.007285333333333335,0.002128,0.05697066666666666,0.002144,0.009781333333333331,0.0012586666666666664,0.020650666666666668,0.00912
5011631731,0.136976,0.5644746666666666,0.280336,0.0015893333333333337,0.006752,0.0041653333333333325,0.0,0.002624,0.0005226666666666666,3.2e-05,0.002528
5012252114,0.3284533333333333,0.3658773333333333,0.061504,0.11033599999999999,0.001648,0.00018666666666666666,0.004570666666666666,0.000592,0.000128,0.12663466666666667,6.933333333333333e-05
5012620118,0.024938666666666668,0.55664,0.2351893333333333,0.056986666666666665,0.02610666666666667,1.0666666666666667e-05,0.02984,3.733333333333333e-05,1.0666666666666667e-05,0.06767466666666665,0.0025653333333333327
5012623182,0.12647466666666668,0.38598933333333335,0.30136,0.10090133333333333,0.039904,0.0002506666666666667,0.02608,0.0004906666666666667,0.0005973333333333333,0.01728,0.000672
5012626500,0.045557333333333325,0.5483946666666667,0.213952,0.080544,0.03017066666666666,0.0,0.044512,2.133333333333333e-05,5.333333333333334e-06,0.03506666666666667,0.0017760000000000002
5012629886,0.044773333333333325,0.7120106666666666,0.141968,0.051328,0.030688,2.133333333333333e-05,0.013744,5.333333333333333e-05,5.333333333333334e-06,0.0047093333333333345,0.0006986666666666666
5022944133,0.10741866666666666,0.42268266666666665,0.3473013333333333,0.011381333333333334,0.0043146666666666654,0.059701333333333335,0.004981333333333332,0.004512,0.0009813333333333334,0.03402666666666666,0.0026986666666666665
5082873721,0.43338666666666653,0.057722666666666665,0.004122666666666666,0.031034666666666662,0.02517333333333333,0.0,1.6e-05,6.933333333333333e-05,0.0,0.44847466666666663,0.0
5082875009,0.19,0.005696,0.062736,0.4273333333333333,0.04544,6.933333333333333e-05,0.000384,0.001072,0.00152,0.2656906666666667,5.8666666666666665e-05
5082878325,0.245408,0.006704,0.07389866666666665,0.247056,0.107392,0.0,1.6e-05,9.066666666666667e-05,0.0,0.31943466666666664,0.0
5082879357,0.270032,0.0061653333333333326,0.019290666666666668,0.11353599999999998,0.07283733333333332,0.0,2.133333333333333e-05,8e-05,0.0,0.5180373333333333,0.0
5082881231,0.33410666666666666,0.3105226666666667,0.019376,0.099856,0.053936,0.00016,3.733333333333333e-05,0.0006613333333333333,0.0017760000000000002,0.17956266666666668,5.333333333333334e-06
5082884383,0.12966933333333333,0.011834666666666669,0.052394666666666666,0.3219626666666667,0.07592,0.0,2.666666666666667e-05,4.8e-05,0.0,0.40813866666666665,5.333333333333334e-06
5082887495,0.5233066666666667,0.220736,0.013429333333333331,0.056101333333333336,0.06712533333333333,2.133333333333333e-05,1.6e-05,0.00023466666666666666,0.00012266666666666668,0.11890666666666665,0.0
5082888891,0.059488,9.066666666666667e-05,0.19199466666666667,0.6885173333333333,0.05116266666666666,5.333333333333334e-06,8e-05,3.733333333333333e-05,1.6e-05,0.008607999999999998,0.0
5083471958,0.2578613333333333,0.004026666666666665,0.07110933333333333,0.396064,0.08642133333333332,0.0,1.0666666666666667e-05,8e-05,0.0,0.18442666666666666,0.0
5083475972,0.191472,0.08868266666666667,0.08487999999999998,0.3276906666666667,0.126464,0.0,1.0666666666666667e-05,0.0005493333333333333,0.0,0.18025066666666667,0.0
5083477916,0.3552693333333333,0.24108800000000002,0.02912,0.09908266666666665,0.074752,0.0,2.133333333333333e-05,3.733333333333333e-05,0.0,0.20062933333333333,0.0
5083478858,0.38453866666666653,0.286944,0.016816,0.098624,0.06774933333333333,0.0,5.333333333333334e-06,0.00010666666666666668,0.00010133333333333332,0.14511466666666667,0.0
5083480634,0.2559146666666667,0.20708266666666664,0.03857066666666667,0.14078933333333332,0.06733333333333333,0.0,5.8666666666666665e-05,2.133333333333333e-05,0.0,0.2902293333333333,0.0
5083481624,0.352944,0.37677333333333335,0.009562666666666669,0.07037866666666667,0.04263466666666666,8.533333333333334e-05,1.6e-05,0.0002826666666666667,0.0004853333333333333,0.14683733333333332,0.0
5083485500,0.138,0.010021333333333332,0.097744,0.5980426666666666,0.04736,0.0,8e-05,0.000352,7.466666666666666e-05,0.10832,5.333333333333334e-06
5398391453,0.2966453333333333,0.17024,0.029509333333333325,0.35020266666666666,0.04652266666666666,0.0,3.733333333333333e-05,0.00041066666666666666,0.00021866666666666668,0.10613866666666667,7.466666666666666e-05
5398393015,0.19365866666666667,0.00034666666666666667,0.2600373333333333,0.04024,0.12352533333333332,0.00042133333333333335,0.0017920000000000002,0.0002773333333333333,0.00014933333333333332,0.373312,0.00624
5398421135,0.04524266666666666,0.08672533333333332,0.007712,0.7109866666666665,0.032128,0.0,6.933333333333333e-05,0.0004053333333333333,0.0,0.11673066666666665,0.0
5398424083,0.2622453333333333,0.010005333333333331,0.008122666666666667,0.2497493333333333,0.034677333333333324,1.6e-05,0.00021866666666666668,0.0009706666666666666,0.0007573333333333334,0.432704,0.0005333333333333334
5398427797,0.19175466666666666,0.2307306666666667,0.04692266666666666,0.3999413333333333,0.019632,0.0,1.6e-05,0.0007413333333333333,0.000416,0.10941333333333332,0.000432
5398432423,0.05328,0.059509333333333324,0.11427733333333333,0.7035093333333333,0.015728,0.0005066666666666666,0.001808,0.000592,5.333333333333334e-06,0.039749333333333324,0.011034666666666668
5398442151,0.17178666666666667,0.14877333333333334,0.22326933333333326,0.253664,0.02545066666666667,0.004437333333333333,0.00042133333333333335,0.002096,0.00014933333333333332,0.16900266666666666,0.0009493333333333332
5399033834,0.208688,0.2726293333333333,0.034661333333333336,0.31283733333333336,0.025706666666666662,5.333333333333334e-06,4.8e-05,0.0004906666666666667,0.00031466666666666665,0.14409066666666667,0.000528
5399044198,0.10232,0.140704,0.18997866666666666,0.304464,0.041552,0.0009226666666666668,0.00176,0.0007093333333333332,0.00014933333333333332,0.213344,0.004096
5454161895,0.15049066666666666,0.05093866666666666,0.07080533333333333,0.5384053333333333,0.05476266666666666,0.0005226666666666666,0.006959999999999999,0.005728,0.027296,0.08726933333333335,0.006821333333333335
5454163697,0.3229493333333333,0.240144,0.02299733333333333,0.06630933333333333,0.091936,0.0,0.0,7.466666666666666e-05,0.0,0.2555733333333333,1.6e-05
5454165339,0.14055466666666666,0.3066453333333333,0.029834666666666662,0.4611413333333334,0.01992533333333333,0.00048,0.002208,0.0010986666666666666,0.003008,0.028965333333333333,0.0061386666666666655
5454241513,0.09017066666666665,0.478928,0.10206933333333333,0.020336,0.001477333333333333,0.041589333333333325,0.002432,0.00336,0.001616,0.2555786666666667,0.002442666666666667
5454244535,0.3731946666666667,0.331008,0.18864533333333333,0.060517333333333326,0.020490666666666667,0.0,1.0666666666666667e-05,0.0016693333333333336,0.0,0.0004853333333333333,0.023978666666666662
5454767960,0.272336,0.07546666666666665,0.00528,0.397744,0.004944,2.666666666666667e-05,7.466666666666666e-05,0.0012906666666666667,0.004848,0.23708266666666666,0.0009066666666666666
5454769656,0.041957333333333326,0.0012533333333333333,0.060208,0.4138933333333333,0.11186666666666667,0.04606933333333333,0.027114666666666662,0.002144,0.11666133333333335,0.11989333333333335,0.05893866666666666
5454773902,0.2497706666666667,0.02968,0.097712,0.23784,0.012010666666666666,0.0002613333333333333,0.003429333333333333,0.00029866666666666664,0.00020266666666666667,0.365824,0.0029706666666666666
5547438701,0.04987387387387388,0.4943603603603604,0.2663303303303303,0.11204204204204203,0.061783783783783776,0.0,0.00025225225225225225,0.00023423423423423422,0.0003003003003003003,0.014816816816816816,6.006006006006007e-06
5550440633,0.14694011976047905,0.007652694610778444,0.3649221556886227,0.13966467065868265,0.14544311377245508,0.00355688622754491,0.0015269461077844313,0.0006107784431137723,0.007377245508982035,0.16296407185628742,0.01934131736526946
5550442083,0.37495522388059693,0.00888955223880597,0.12296119402985076,0.046107462686567166,0.03965970149253732,0.0010268656716417913,0.00746268656716418,0.0018805970149253727,0.0022686567164179106,0.386710447761194,0.008077611940298506
5550450641,0.05981981981981981,0.5044744744744745,0.357003003003003,0.004282282282282281,0.05404804804804805,0.005483483483483483,1.2012012012012014e-05,5.4054054054054054e-05,0.00013213213213213214,0.009105105105105104,0.005585585585585586
5550458351,0.09583384615384617,0.4376,0.2691630769230769,0.13038769230769232,0.020369230769230768,0.0014461538461538461,0.005267692307692307,0.0014338461538461536,0.0011138461538461536,0.034953846153846155,0.0024307692307692307
5550461819,0.19128528528528527,0.0987867867867868,0.3453573573573573,0.1912012012012012,0.07167567567567568,0.011861861861861864,0.011189189189189187,0.002774774774774775,0.004396396396396396,0.03412012012012012,0.03735135135135135
5550473443,0.17244923076923074,0.07937846153846154,0.05022153846153846,0.2956,0.02633230769230769,0.003310769230769231,0.05801230769230769,0.020412307692307688,0.08699076923076923,0.20630153846153845,0.0009907692307692306
5551028654,0.17043809523809525,0.16326984126984126,0.023257142857142855,0.5000825396825397,0.014850793650793653,0.0008825396825396827,0.015873015873015872,0.011682539682539685,0.0032698412698412694,0.08746666666666665,0.008926984126984127
5551030150,0.08953753753753754,0.0012072072072072072,0.27435435435435435,0.005507507507507507,0.10442642642642642,9.609609609609608e-05,9.009009009009008e-05,0.00016216216216216215,0.00012612612612612612,0.4946666666666666,0.029825825825825825
5551031994,0.04524923076923077,0.15714461538461538,0.4934215384615385,0.09463384615384617,0.03214769230769231,0.019723076923076927,0.0007261538461538462,0.00028923076923076916,0.0024861538461538463,0.10816,0.046018461538461536
