1148678179,0.13848423183350025,0.09945950019918816,0.0435414580574308,0.03081494880325592,0.03627916491704082,0.013453276914629024,0.05233803848100176,0.03181627313543719,0.01571971532241567,0.05151975192997191,0.00896885127641935,0.038615588358797116,0.01728091992635421,0.06716948221841791,0.07312897703414192,0.281409821591998
1185018782,0.1387480215769243,0.08005749539713815,0.05064763073742692,0.02857542771622684,0.027617171097257663,0.010756161374721405,0.056924749938090165,0.03548241222261701,0.015978121601688253,0.03991838668346308,0.007827556876298759,0.029894376433347324,0.016516468016839474,0.06229744716129936,0.07750573338932136,0.3212528397773399
1185024608,0.16199920324730555,0.10155905121827792,0.03589155549813194,0.02165767628153364,0.030292752780559238,0.013437126522174488,0.04753598845785286,0.023310399776047888,0.02100089365504915,0.039923770147614585,0.011983591201266193,0.033205206886527346,0.023385768274169064,0.047541371922004375,0.13179796935732205,0.2554776747741637
1185030120,0.1297414860514444,0.0869967806884374,0.0452587831217632,0.029985895323923036,0.02981362447107465,0.015547444469567278,0.04940943398257911,0.0370651506831616,0.0233588509534115,0.04510804612552085,0.01200512505787224,0.03377585408658764,0.022039902236291008,0.06646963187872132,0.1034432636713072,0.2699807271983376
1250315709,0.131986390602625,0.09207338738331342,0.05320477620939522,0.0292645111276204,0.03555239725658667,0.011192221970993895,0.06535525479935829,0.03334517695446666,0.013458660378780535,0.0578237884513927,0.008592008785813494,0.03604229249437428,0.014373849284537615,0.07420028640029286,0.06924749938090162,0.27428749851954737
1250317555,0.12613994853408272,0.09140045436437438,0.05071761577139657,0.027950945874651426,0.035746201966041107,0.00994325828784306,0.06961357494320446,0.03162785189013426,0.011412944001205896,0.056537140519181274,0.006993119932814367,0.03620379641891965,0.0132648556693261,0.0749701217739591,0.07286518729071782,0.2846129827621478
1251192664,0.13264317322910946,0.08564014772225632,0.04409595486503656,0.025501469685713363,0.03146634796558889,0.011854388061629898,0.06173218342539056,0.02904917256155991,0.01657568612250611,0.055885741356848304,0.008920400099055741,0.03588078856982892,0.01824994347362641,0.07816789947995736,0.08467112417498412,0.27966557920690804
1345399308,0.12019660411081325,0.08035896938962284,0.033399011595981784,0.0261797861688039,0.03285528171667905,0.01407775875620444,0.04287929196679479,0.034475704426284226,0.01817457497550524,0.04559255789915695,0.010120912604842965,0.03566006653961691,0.019062846560504755,0.07115324569053695,0.0652691193729341,0.3505442682257179
158849802,0.160206509684852,0.07790949320068476,0.03405041075831476,0.029172992237044695,0.02887690170871152,0.012769576967386974,0.042922359680006884,0.03545011143770794,0.021393886538109544,0.03884169385316063,0.010223198423721696,0.03188087470525534,0.022589015579745256,0.056004177568181567,0.07681664997792778,0.3208921476791886
158849998,0.1613478040849726,0.07657439409110976,0.03462105795837506,0.02932372923328704,0.028898435565317567,0.01239811794093263,0.043724495838582206,0.03640836805667711,0.021706127458897245,0.0390893332041302,0.01023396535202472,0.031853957384497776,0.022793587217502718,0.05593419253421191,0.07484091863432281,0.3202515154451587
158850235,0.12668367841338546,0.07397956437008087,0.03855637025313048,0.02184609752683657,0.042389396729007184,0.011003800725690968,0.05542276343981825,0.02988899296919582,0.016193460167748742,0.043078480140400735,0.009754837042540132,0.04444049657073334,0.020430246454988855,0.06451005092757088,0.08512871862786266,0.3166930456410091
158850431,0.12770115313802125,0.07881391517813884,0.03604229249437428,0.027423366387803225,0.031735521173164506,0.013722450122204636,0.047955898661670805,0.03547702875846549,0.01943430558695909,0.04214175737803762,0.010675409412448723,0.035708517716980526,0.02031181024365559,0.06495687845214639,0.08327142349559094,0.3246282718003381
158866424,0.10425616675818557,0.07021652292817382,0.040139108713675084,0.02712189239531854,0.028893052101166057,0.013383291880659369,0.05091142048085102,0.038917062351281805,0.018847507994444263,0.04216867469879518,0.010363168491661016,0.032661477007224604,0.01891210956426241,0.06990428200738613,0.08707753265071007,0.3462267299762051
158866615,0.10850371997372868,0.07046954574329489,0.04221712587615879,0.026696598727349075,0.02915684184459016,0.013577096590113807,0.05027078824682106,0.03818491122667614,0.019628110296413537,0.04222250934031031,0.010949966084175844,0.03281221400346695,0.018879808779353337,0.07098097483768856,0.08847723333010325,0.3369725550997556
158867236,0.14216652131313454,0.09714999407818944,0.04422515800467285,0.026039816100864584,0.04654004758982311,0.012575772257932534,0.05829214983257426,0.02790249469728781,0.015951204280930692,0.06403092261808628,0.008290534793328811,0.04738525146161052,0.01632266330738504,0.07547616740420125,0.06611432324472151,0.25153697901525673
2131411135,0.17060881563062066,0.07717988518491142,0.051007711828910736,0.030163599182004088,0.042920146845048905,0.02018503461699559,0.04863010323502599,0.03924902062236677,0.028605218419691037,0.044207504866090125,0.018152364057456818,0.04551950131815606,0.02553157414935817,0.05637888979229803,0.07441422130238745,0.2272464089486781
2131411401,0.17802726055738105,0.06771936229767556,0.05122915906048437,0.032420591456736036,0.04154801022270903,0.02506997687720579,0.04336132408421565,0.044097602531337474,0.03703298040647438,0.04593525617622003,0.022179627601314346,0.04885603018133138,0.02889740781307046,0.05646829743215285,0.060819033710599976,0.21633807959109164
2131413503,0.1625899367864206,0.08561132748516725,0.055187517441366685,0.02907703320836215,0.03878959948555551,0.016664846697970127,0.057844671738312765,0.03279583591162232,0.021044904694305925,0.05260922845460391,0.013291838047052258,0.04548708428881689,0.023659593054999453,0.06604666399737924,0.07429718875502006,0.2250027299530448
2132188900,0.18373799147959616,0.08304952332124851,0.056157761746072433,0.029394172434418525,0.03250692740567132,0.020922596159714847,0.046697428009911994,0.038030541619365,0.03471637309114879,0.04506780923084435,0.019549321907691555,0.03397175327449616,0.028002587859034925,0.05855641410627312,0.08239035168027732,0.20724844667423487
2199742801,0.12603227925105245,0.0736942407700507,0.048779568676852174,0.0238433627270476,0.036586022373677016,0.01412082646941654,0.06715871529011487,0.03145558103728587,0.020048020500231488,0.050055449680760575,0.011622899103114872,0.038362565543676036,0.017727747450929726,0.07715042475532155,0.06792855066378113,0.2954337457066873
223913594,0.12504710531132573,0.08213551255962187,0.03894936313619088,0.02323503127792672,0.039665363868342,0.0108422968011456,0.05365698719812225,0.030120481927710843,0.0174962584924147,0.050082367001518135,0.008064429298965298,0.039816100864584335,0.018416830862323288,0.07623523584956446,0.07134705039999137,0.3148895851502525
223913777,0.09562647372331147,0.07233222433971812,0.0368874963661617,0.023902580832714238,0.023584956447775016,0.01113300386532726,0.04891953874479149,0.03712436878882824,0.014594571314749616,0.04006374021555391,0.00816671511784403,0.027622554561409177,0.014605338243052641,0.06732021921466025,0.07664976258923091,0.4014664556348719
223914037,0.1081053436265168,0.06753555778072073,0.04265856993658279,0.02158230778341247,0.04326151792155216,0.011014567653993992,0.0716592913207791,0.03037350474283192,0.020613284236140277,0.05422225093403103,0.008290534793328811,0.04194256920443167,0.02145848810792769,0.08770739795643699,0.06482767531251009,0.3047471386888035
2476294126,0.16757108864412074,0.054814431990697375,0.06757324202978132,0.0256952743951678,0.05275794868481971,0.018056138764171968,0.06503763041441907,0.03273684550534578,0.029183759165347718,0.06227052984054179,0.01742627345844504,0.05516974062469718,0.0250331083045318,0.07779644045350302,0.05199888023945649,0.1968786674849532
2610057761,0.14585957772107194,0.08302378414462137,0.05633795234557532,0.02412330286292624,0.03879324267579703,0.01681255854517265,0.06498379577290395,0.033242891135587926,0.026890403436803517,0.0733389321360509,0.014766842167598004,0.04206638887991645,0.02094705901353403,0.07380191005308095,0.07144933621887012,0.2135620228904896
2612186959,0.16854549565554444,0.07693508618926105,0.06270659043681429,0.02600751531595551,0.039713815045705605,0.016403415269657717,0.06002024182520969,0.03303831949783046,0.029253744199317373,0.06289501168211721,0.014675323277022296,0.04067207166467479,0.02425250600256253,0.07288133768317237,0.07018422214326475,0.20181530411188991
2615740385,0.17332062835793574,0.07119092993959754,0.0564563885569086,0.024247122538411017,0.042593968366764635,0.02052714880971608,0.05831368368918032,0.034960216199920326,0.029635970154074744,0.045824046857671975,0.020796322017291688,0.04767595852579218,0.025269980727198337,0.059713384368573486,0.07745189874780624,0.21202235214315707
2615746347,0.1679586980630296,0.07904002067250233,0.04475273749152105,0.029345263089893086,0.03274761243364881,0.018712921390656456,0.04302464549888562,0.03862097182294863,0.03142866371652831,0.03729663964167663,0.018023837979262897,0.03400734304510266,0.025899846032925267,0.05355470137924352,0.07968603637068382,0.2659000613714913
2616562156,0.16447021329284967,0.0813602937218041,0.04605015235203549,0.023929498153471798,0.03837333247197907,0.01623652788096084,0.050120051250578716,0.03308138721104256,0.029081473346468982,0.041065064547735175,0.015326722439355275,0.037199737286949405,0.024828536666774332,0.05809834512311982,0.08465497378252956,0.2561236904723451
2616583918,0.15524295573715774,0.0730320746794147,0.05401229583212205,0.022012984915533447,0.04866113246551891,0.016058873563960938,0.06412244150866199,0.02929142844837796,0.0254314846517437,0.048833403318367295,0.01574663264317323,0.04747677035218623,0.02443016031956243,0.06227052984054179,0.0840035746201966,0.2293732571034809
2703105035,0.15294421654446202,0.11607825403490638,0.03952539380040268,0.02522152954983473,0.03394274147528452,0.013641698159931956,0.044149789506551684,0.028446224576590545,0.01978423075680739,0.04272855497055245,0.011154537721933307,0.03472334377725378,0.018949793813323,0.05275256522066819,0.08569936582792295,0.2802577602635744
2703127043,0.12812644680599072,0.06471462256532834,0.036209179883071166,0.02032257717195861,0.045420287046308565,0.0108422968011456,0.04719683021630759,0.024489378425229063,0.017453190779202602,0.03982686779288737,0.009377994551934278,0.04080665826846258,0.018825974137838212,0.06492996113138882,0.06723946725238757,0.3642182671705589
2732223867,0.13646125286645067,0.09260607384219657,0.05191157378759752,0.02609228454603914,0.02747546075540834,0.01130807216782538,0.062224729734648564,0.03061187347577622,0.01629478639634065,0.05149298098739368,0.008705516931775438,0.0291316322692583,0.018284618837889326,0.06952280420776763,0.08815928366032104,0.2797170555333115
2732224763,0.13734090440311092,0.08768609179922104,0.05787500454992175,0.027414795132190396,0.031109331586163382,0.012145257768233051,0.07006272825440736,0.03061187347577622,0.01607639015275604,0.05464152683240514,0.00906344410876133,0.031618922821194134,0.0181996869653842,0.07523750591489825,0.08135866729758914,0.2595578689379876
2732237239,0.1172484499933268,0.11419696914546405,0.03263203872893386,0.026432012036059646,0.023738458365182784,0.010713549060289495,0.04416457370266565,0.02906490008371856,0.013358570232592,0.05963430762324221,0.006230359504483189,0.025734357369053253,0.014402018951940694,0.07990269234035843,0.07146410415074195,0.3310826387119475
2732239407,0.12546257537703684,0.07347820284157777,0.0439886433953336,0.019776993169050825,0.042405270629345175,0.009724699401836958,0.05774760674116405,0.023538261808563558,0.013492034603671484,0.04926048605297322,0.008493187250512624,0.03853480386804014,0.015657797352552204,0.0715187032116381,0.07867724675135587,0.32824348754534755
2733053522,0.13049782210412647,0.08659411058129798,0.05398633810165132,0.02560695956029556,0.03104259940062364,0.012023926521797158,0.0646998871619408,0.029896019121804437,0.01683471044298038,0.05763234205704995,0.009864230335238235,0.03125492908188646,0.01831495164949829,0.07836785207294433,0.0753103046627598,0.2780730171441051
2733062198,0.14241861706645312,0.10470886567417707,0.05128671786845266,0.02656547640713913,0.03998471226294908,0.010197891262936944,0.0643722927965639,0.02669287421589682,0.013825695531370192,0.05908831701428069,0.007103944478821631,0.040118176634028564,0.016410051080454745,0.06880088329147405,0.07525570560186365,0.2531697788131377
2733066880,0.15235564614955288,0.047980441403074524,0.058760722648903765,0.02143316468290079,0.05141411567721035,0.01631905264562783,0.06215799754910883,0.03405161431223383,0.026225748917118624,0.04793797546682197,0.019455465365995704,0.04796830827843095,0.024163117727708416,0.07099091228964195,0.05612783460124486,0.2626578822844247
2733069084,0.10532765503100014,0.08763755930064669,0.027669590749705767,0.02211868622526359,0.016992441063347043,0.008141326635848531,0.04021524163117728,0.027851587619359613,0.011047209987988207,0.04078549848942598,0.005672235770878074,0.019400866305099556,0.012788313374343295,0.06216406411143063,0.08252344726337375,0.4296642764411119
2744424763,0.11811596840534345,0.056679891772528176,0.044419369320181035,0.02029871752872517,0.04105849379390674,0.010125092515075408,0.05497518776010386,0.025983086424246838,0.012509251507540738,0.0522877006515488,0.006497288246642158,0.04450430119268616,0.012848978997561242,0.07538916997294313,0.048623497009184766,0.3756840049017823
2744426511,0.10768754777417827,0.0696744682658125,0.0428299299918708,0.02111770344216746,0.03398488212669409,0.008887513801429282,0.0567708902073551,0.027790921996141662,0.010513352503670272,0.049393950424052716,0.005799633579635763,0.03580485082323251,0.013868161467622757,0.07164610102039579,0.05984663730450504,0.384383455271236
2745260276,0.12182263798396,0.0698867979470753,0.04370351496620925,0.02038971596355209,0.0423749378177362,0.010155425326684382,0.053549545614482094,0.02614688360693529,0.012054259333406132,0.04924835292832963,0.007188876351326756,0.04324245622975285,0.013401036168844565,0.06700518084422281,0.061794003809801136,0.3580363751076815
2745260940,0.13394969606522766,0.0705844526140817,0.04543855179024254,0.02389618898554945,0.04739805142018224,0.012970310243997136,0.05505405307028719,0.029374294762130087,0.015087540494303497,0.04973974447639501,0.008535653186765187,0.05154151348596804,0.01797522415947779,0.07282908067314575,0.06121768038923064,0.3044079641830161
2745262194,0.12412186510392023,0.07051772042854196,0.040063577573132406,0.022998337761923827,0.035313459275167124,0.009639767529331829,0.0538892731045026,0.029186231330154456,0.012794379936665087,0.05321588468678338,0.005799633579635763,0.04082189786335675,0.014274621143183003,0.0645967556024703,0.05413193559737439,0.3686346594838569
2763075841,0.1370190062575885,0.062319043616325766,0.04800014009526477,0.019315634631549453,0.04720626692817783,0.012421780143831138,0.06822639394788456,0.028375128420659382,0.022993135332025776,0.06583893714392454,0.010886569533949751,0.04809937424115065,0.01963084897730457,0.07901372933594845,0.06690716353787242,0.26374684785654245
2765054479,0.16221934718740735,0.10548907037546157,0.052835503086170174,0.023031724212285384,0.037546157785504436,0.011542815557532142,0.05452009379801084,0.021427993854613085,0.015666693620118056,0.06123150319398399,0.008355569930729629,0.03646128136707905,0.015147839680871137,0.06445244063502331,0.08557720816150508,0.2444947575537048
2765059913,0.12376249182777622,0.06964485850378258,0.04938358083496777,0.017932193891846457,0.03642476884281312,0.010431259923414588,0.07957994769776781,0.027166806761931447,0.02045390865788736,0.08449495657046792,0.009129541421499951,0.036938451480339966,0.015894975249836556,0.08553399645091996,0.07527201830578126,0.257956243578967
2784052177,0.15353862580230287,0.10099006297091688,0.034864533663354326,0.025977019861925042,0.023471529623023814,0.014092624273529163,0.03871073417537218,0.032225579053373615,0.024357247722005846,0.03555005520571713,0.012770113687377913,0.027948652616508328,0.02225215059634308,0.04490469430592461,0.09387398536745167,0.3144723910748735
2784053119,0.15572258823814894,0.09381938630655552,0.037248692655819655,0.03136412720367876,0.029841420060908286,0.015827661097562454,0.04266006624686056,0.037200160157245296,0.02916196508086728,0.04234460500612723,0.013388903044200972,0.03359055557577743,0.02419345053931739,0.04919982042975528,0.07557723340491876,0.28885936495225617
2806871738,0.13011337384937982,0.06673300873108955,0.033739678477923495,0.02060158036274893,0.035842484984184526,0.009690680124628306,0.05400954851855801,0.02656644276219924,0.02153747734300032,0.05665730769686416,0.008778476738813662,0.036209735697954055,0.023255262939664262,0.07018635012024499,0.08025020435725201,0.3258283872954947
2824813143,0.14883867815475552,0.06099174144649816,0.05629044367380501,0.023464778997294815,0.04358085159629616,0.014199230155041532,0.059525937578206,0.029590170772109205,0.027468926149702668,0.04398007460107492,0.01347228677320558,0.04359872725322656,0.025347681527296127,0.055527748978108284,0.06784407660314849,0.2862786457402309
2852785492,0.1740809391411801,0.12453309742466367,0.05857696520347123,0.023225770213722026,0.02965006880669532,0.011577779650068806,0.06849074620158957,0.02236217597663381,0.016204678855281266,0.05083972252646952,0.008895722751144438,0.03028196702895498,0.016752323981239645,0.05085376470918639,0.10856011458421096,0.20511416294548826
288817385,0.15401552591061296,0.06864455139593224,0.0468038373332472,0.03125639286367992,0.035175554765980804,0.01856218439441412,0.04950633633730633,0.0423517124799466,0.033043702961981974,0.04860729782400379,0.018002304122656847,0.04149574167985615,0.03156325032031612,0.059643399334603824,0.07681126651377629,0.2445169417616848
288817407,0.15343411178224964,0.0693228678790228,0.049151027703306524,0.02971133865219592,0.03689287983031321,0.017776198628293334,0.051325947220517455,0.03779730180776726,0.027552569527439518,0.052192684948910925,0.016241911345112353,0.043003111642279566,0.027891727768984787,0.06435931393132853,0.07134166693583988,0.2520053403964383
288817416,0.1543385337597037,0.07169697556983969,0.046098603529399096,0.029011488312499323,0.039966837860826686,0.017953852945293242,0.04964630640524565,0.03687134597370716,0.02568989093101629,0.050787600805366234,0.015256737405385615,0.04501652723494514,0.026222853882016,0.06307266599911711,0.07112094490562787,0.2572488344800112
288817420,0.14495344013416306,0.06648572311222914,0.04911219971460935,0.029568824749547636,0.040543124880474284,0.01671153478382394,0.05575415213969431,0.03476175765332392,0.023434396928372837,0.05840210659487768,0.012813157391470644,0.04638333553996205,0.024618621004163174,0.06826573694043574,0.06717713344219367,0.2610147549906586
288836087,0.17369747084854162,0.06750325699581168,0.05580498939457562,0.026599696372621856,0.04393983440464269,0.019875749647383097,0.05480366506239434,0.034669509135738664,0.029108390667226543,0.053592385628304096,0.018465282039686896,0.050787600805366234,0.0250331083045318,0.06210364245184492,0.0668572412976302,0.21715817694369974
288842723,0.17335292914284486,0.06614124056547907,0.05736081053436265,0.025576838183834532,0.04456969971036962,0.02036564488517071,0.05640793737954499,0.0342442154677692,0.028736931640772206,0.05361930294906166,0.01856218439441412,0.05102447322803277,0.025049258696986338,0.0637671328746622,0.06516683355405536,0.21605456679263974
288842732,0.1719693788559062,0.0702542071772344,0.05610646338706031,0.02588369564047073,0.043304585634764255,0.01858371825102017,0.056660960194666064,0.033765087158284614,0.027880960840681764,0.05387232576418274,0.01781388287735392,0.04964630640524565,0.0252538303347438,0.06336337306329877,0.06707257986369068,0.21856864455139596
2961652711,0.10971945335298026,0.05181878593510734,0.040984080205714944,0.016663777411805497,0.04094074138279738,0.00956343359047702,0.06789748923752564,0.025649360030048248,0.016223166045476873,0.038874924157059884,0.00967178064777094,0.039770593164023,0.01736442171563954,0.04722487070584496,0.09070093322932016,0.3769321891884083
2961653657,0.0977434919534252,0.05115425731703794,0.043071566842911205,0.01708271936667534,0.046805928750975126,0.007981566553985728,0.07668804715263935,0.0257143682644246,0.014301811562797957,0.04052902256508047,0.008479963017537779,0.04056513825084511,0.015789777816301174,0.04783883736384386,0.08433012626043743,0.38192337696108175
2961654667,0.13033428678743753,0.06331802028256912,0.03602900811880616,0.01746554563578053,0.04582358209817688,0.009939036722429285,0.04846725029614862,0.023381294964028774,0.015515298604489903,0.04084684059980931,0.009397301435959666,0.04301378174568779,0.0165626534916645,0.05018635693854554,0.07811822830891912,0.3716015139695473
2961655365,0.12170986102684117,0.053494553754586685,0.03324087717777585,0.016093149576724163,0.04559966484643611,0.008602756349137557,0.05011412556701627,0.021886105573372627,0.014655745283291437,0.038809915922683534,0.00800323596544451,0.043750541735286474,0.015912571147900956,0.04780272167807922,0.07491115541301897,0.4054130189824045
2961657847,0.13515211926844067,0.047549911877726725,0.04154748490364335,0.018816272283378118,0.05171043887781341,0.009809020253676576,0.052216058478518394,0.02465256710294415,0.018028950333708937,0.04277541821964116,0.009570656727629944,0.049102886365606314,0.018223975036838,0.05558926352893589,0.06456762301002572,0.3606873537314727
2961702363,0.13275403773366848,0.09023865245153274,0.03748085868654474,0.022861229089017943,0.03308196816041143,0.012524919823177605,0.04625697032735258,0.027549045101268384,0.016237612319782727,0.042219236658865684,0.009404524573112595,0.03571119008407732,0.016678223686111354,0.06196007049781861,0.0743333044407847,0.3407081563664731
2962495956,0.10541446360983504,0.05051862124758025,0.037264164571956894,0.017003264857993125,0.038123717893155364,0.009390078298806736,0.0635419375343099,0.025309872583860624,0.017537777007309813,0.03925052728901216,0.009332293201583313,0.036007338707347375,0.018216751899685076,0.047412672271821096,0.09287509751235155,0.3928014215133917
2962497360,0.06094160815925573,0.04775938285516165,0.024255294559533097,0.019906965993470284,0.01871514836323712,0.007418161856057322,0.04624974719019965,0.033876513247233536,0.010386871225910838,0.025237641212331338,0.006717517552223282,0.02018144520528156,0.011759267284967206,0.049651844789228856,0.06994886018895727,0.5469937303169513
2962504910,0.13304296321978562,0.041850856664066335,0.04243593077345353,0.019379676981306517,0.05446245413307908,0.009534541041865305,0.054686371384819854,0.026299442373811797,0.01776169425905059,0.04515905348010748,0.009895697899511715,0.05054029065903903,0.01787726445349744,0.0589913611279651,0.0609849469821733,0.3570974545664673
2962505958,0.13357747536910233,0.040659039033833166,0.04261650920227674,0.020376469908410626,0.05348733061743376,0.01021351593424056,0.05426742942995002,0.027310681575221752,0.019220767963942096,0.04354107075785155,0.009650111236312157,0.050171910664239684,0.019365230707000664,0.05796567565224928,0.05952587327728179,0.3580509086706538
2962506932,0.12935194013463927,0.050323596544451184,0.04777382912946751,0.016577099765970358,0.06165669873739563,0.011434226113085436,0.05132038947155529,0.025425442778307474,0.018982404437895468,0.044797896622461066,0.010892490826615815,0.0577417584005085,0.016743231920487708,0.06557163907428275,0.05550980902025368,0.3358975470226229
2962509486,0.109444974141169,0.04800496951836122,0.03290861286874115,0.015096356649620063,0.04956516714339372,0.008443847331773136,0.04529629308601312,0.02106266793793881,0.0129077460922828,0.032901389731588224,0.009014475166854469,0.04475455779954349,0.01481465430065586,0.05173933142642512,0.06304354107075785,0.441001415734882
3247826633,0.16903546388945612,0.11287182628820365,0.06185419644680416,0.02277584915934926,0.03404805663331291,0.00961813355115377,0.05928799945544892,0.020257300387992647,0.012429378531073449,0.06891293989517393,0.007113198556939623,0.03560002722755429,0.014689265536723162,0.07192839153223061,0.08537880334898916,0.21419916955959434
3560383506,0.1880982374538368,0.08288381407668206,0.04683613811815626,0.02643280898392497,0.04188335109876503,0.020618667700291783,0.04323998406494611,0.03691979715107077,0.033291342312951534,0.03912163398903927,0.019418155194504558,0.04114043304585635,0.027143426251924587,0.053608536020758636,0.08002519461222908,0.21933847992506214
3567985611,0.15596433993346034,0.08264155818986402,0.04943635130333667,0.026093650742379702,0.04231941169503752,0.01809382301323256,0.05476598081333377,0.034039643830011734,0.023143512387351014,0.04857499703909472,0.015558211397870303,0.04430590996694553,0.021340051896594416,0.0643000958256619,0.07467941470977743,0.2447430472560483
3568120787,0.12428803686596253,0.10125219376164174,0.030395038599437967,0.023278098991138814,0.030018196108832114,0.013437126522174488,0.03982686779288737,0.02721879475004576,0.017178634107475478,0.05055611184685122,0.009975559072752134,0.033684335196011925,0.01849219936044446,0.06702412868632708,0.08059045834813786,0.33278421998987906
3568140825,0.16234912841715388,0.08505335012974148,0.050340773280790715,0.027617171097257663,0.03830334743800941,0.01580585074883986,0.060187129213906565,0.03153094953540704,0.024516295745986627,0.05591804214175738,0.01360401391087137,0.03835179861537302,0.022621316364654327,0.05686553183242352,0.08442886828816606,0.23250643323966105
3568155965,0.1342905132594722,0.09470590135340287,0.05411458165100078,0.023423452523229648,0.034513388675344814,0.010336251170903452,0.07160545667926398,0.026626613693379417,0.013620164303325905,0.05484673277560645,0.00787600805366237,0.03314598878086071,0.014971413805355473,0.07172927635474875,0.08883254196410305,0.2653617149563401
3568159209,0.15048397342722095,0.10576892018476047,0.04772979316730729,0.028925352886075124,0.027078824682106442,0.012575772257932534,0.056704027907878166,0.03370586905261797,0.019606576439807486,0.05229497076778965,0.009754837042540132,0.029582135512559626,0.01874522217556553,0.06048321974223974,0.0844880863938327,0.2620724183597661
3568382785,0.1304144190703834,0.08138721104256166,0.037549662456797694,0.022470579368411986,0.03302755256952744,0.011682117208781508,0.04430052650279402,0.028715397784166163,0.0170117467187786,0.045651776004823584,0.00758530098948071,0.033113687995951636,0.0160427231715064,0.06194752199145105,0.06295961325193536,0.3661401638726488
3568387187,0.138387329478773,0.08488646274104461,0.041312703898704735,0.02439785953465336,0.035864638177374376,0.01237120062017507,0.04722374753706515,0.03101413697686187,0.018050755300020455,0.051089074797850915,0.008010594657450174,0.03788882069834297,0.017905401767929627,0.06684109090517566,0.07070641816596143,0.31404976474261653
3568400411,0.08220549759359153,0.06215747709336004,0.031213325150467826,0.020478697632352463,0.023057376960926815,0.009340310302873692,0.04451586506885451,0.0313371448259526,0.011725184921993604,0.037974956124767166,0.006115615276117877,0.02508155948189541,0.01164443295972092,0.06570517996920658,0.05788300655705934,0.4795643700808596
3568956904,0.09734918225179537,0.07191769760005168,0.03906779934752414,0.02215833844762428,0.024925439021501555,0.010901514906812236,0.0534147313113042,0.03372201944507251,0.013189487171204928,0.04433282728770309,0.0075691505970261735,0.026701982191500585,0.013259472205174585,0.07305899200017225,0.0712178472603551,0.3972135189551773
3568962714,0.1391840821731968,0.10019703478794537,0.05252645972630468,0.023321166704350915,0.03527784058485955,0.010680792876600237,0.0673848207844784,0.02678273415377327,0.013022599782508049,0.05196119599039589,0.007978293872541104,0.03444340364137515,0.014831443737416154,0.07028650796214347,0.08528483908825651,0.2668367841338545
3569202366,0.14302787557737653,0.08533867372977164,0.044849639846248256,0.025076176017743895,0.03604229249437428,0.01156906446159975,0.04820353801264037,0.030820332267407432,0.01784618366226299,0.048591147431549256,0.008231316687662176,0.03723742153600999,0.017550093133929818,0.06866070178838679,0.06871453642990191,0.3082410069231349
3569205874,0.14062146710165058,0.08444501868062061,0.04162494481949245,0.024553979995047208,0.03723742153600999,0.012457336046599266,0.04718067982385305,0.031606318033528216,0.01843836471892933,0.05086296930348741,0.008177482046147055,0.039240070200372526,0.018400680469868754,0.06671188776553937,0.07041032763762825,0.3080310518212259
3570535404,0.1142855604724528,0.06960819147905294,0.031035670833467918,0.01900362845483812,0.029000721384196307,0.007294593925299051,0.04273932189885547,0.01922435048505012,0.009781754363297694,0.045845580714278016,0.004554410672179334,0.030147399248468407,0.012941847820235363,0.04343378877440055,0.04233556208749206,0.4787676173864358
3570653642,0.1760285108261464,0.10349709831282232,0.0393100552343422,0.033991192652648126,0.02971133865219592,0.021695360530594225,0.03545011143770794,0.03927237098528161,0.027961712802954446,0.04062362048731118,0.017480108099960163,0.03638145073591955,0.024306340644077648,0.04775132702391335,0.08206014406150068,0.24447925751262425
3570671126,0.14166047568289242,0.0792822765593204,0.038314114366312435,0.032613025829861,0.03560623189810179,0.01688254357914231,0.05098678897897218,0.03998298825328122,0.02240597779859384,0.04857499703909472,0.011412944001205896,0.03731279003413116,0.02240597779859384,0.0633795234557533,0.06411167458035896,0.2950676701443845
3638189331,0.1547519382666618,0.07873184581225201,0.06373530375277545,0.021342166248073863,0.05143231536417574,0.014286754267826591,0.06903141265970225,0.027784855433819877,0.02250694621385845,0.06090221914849731,0.013279704922408668,0.05054053070287192,0.02060204564481491,0.07993302515196739,0.0671265120906587,0.20401242431963504
3638198319,0.1264453584731676,0.09104696732549533,0.06794549800410099,0.02027445127943799,0.032425775609992845,0.010525485628313859,0.08527766655746855,0.021675827175772572,0.013140173989007391,0.07529817153811622,0.007298074473119063,0.033839284630971016,0.017301835741758576,0.09605794780329778,0.07503124279595726,0.22641623897402294
3638203355,0.14261881362307235,0.07281088098618035,0.07212535944381757,0.02302260401121101,0.041471020031788784,0.01700457418799064,0.052821558135866725,0.03195865031121465,0.02364745993035586,0.048453633264174525,0.014408085514262488,0.04292092842669773,0.018642546014875208,0.08276610975624554,0.05984663730450504,0.2554811390577416
3638206801,0.13212972736868925,0.08087940887416736,0.07402419345053932,0.022773874956017424,0.03644183986702095,0.014359553015688132,0.06158167412853832,0.027754522622210898,0.01856368070469188,0.05544231305888205,0.011071476237275384,0.037618752957449125,0.016149188900617575,0.08718863368883388,0.063808102500637,0.2602130576687415
3638208265,0.13113481114791492,0.1052366565961732,0.05889418701998325,0.023447263373736642,0.03133379439206979,0.011471869350513838,0.05960397481163324,0.026468411409990414,0.014456618012836844,0.0607990875890268,0.007431538844198545,0.033481357453985124,0.013995559276380446,0.07399386063893033,0.07283514723546755,0.2754158628471591
3638251767,0.15055387713997986,0.07571069777599827,0.0675936373894369,0.025570560186364798,0.03289290090877104,0.012964243681675341,0.07987842609107124,0.030017350368240325,0.02004998847353159,0.0674905058299664,0.009858163772916437,0.035465123333212,0.018945874130964945,0.07095451291571118,0.06513061308678825,0.23692352491537144
3638264271,0.13501741103386355,0.058281464225481985,0.06387483468617673,0.020978172508766185,0.052445431271915456,0.013947026777806088,0.07510404154381879,0.02978682100001213,0.022513012776180247,0.06516094589839722,0.012011793397153568,0.04670646331549764,0.018691078513449567,0.08369429379148012,0.059506909814484525,0.2422802994455162
3638273175,0.17369174583530494,0.09379512005726835,0.05648576177823075,0.026905203897159637,0.032753369975369755,0.01438381926497531,0.05275482595032698,0.03095766752811852,0.026280347978014776,0.05011587134034628,0.0135890996008202,0.035920115507346605,0.023756658052148168,0.059567575437702476,0.09230881228842863,0.21673400550843855
3638276555,0.13248765454567515,0.12292675232652665,0.0580388017326102,0.022549412150111015,0.02160909499023284,0.008547786311408779,0.06842475642752278,0.02496997051650712,0.013940960215484294,0.06198206724177676,0.006460888872711389,0.022925539014062288,0.014468751137480437,0.06960166951795096,0.09846637304505028,0.25259952195488905
3638999268,0.1531624989383516,0.09659787184993752,0.0446741649376964,0.023780924301435347,0.04078549848942598,0.01607639015275604,0.04822310389594632,0.02888896977638651,0.022786008080661013,0.04818670452201555,0.013291838047052258,0.039869447578834975,0.019018672878826484,0.06324997876703187,0.08272364381999296,0.2586842839636492
3639016808,0.1430192067363108,0.07487957873791236,0.07143983790145476,0.02417525085235201,0.04189567939431442,0.01688324294155474,0.05316735218820903,0.03130952814278261,0.022513012776180247,0.04738591829553865,0.014590082383916332,0.042787464055618236,0.018587946953979056,0.08063674638129556,0.060750555090452435,0.2559785971681287
3639023392,0.14747206348050815,0.06072628884116527,0.08330603380288526,0.02259794464868537,0.049175554180468095,0.01529380361324452,0.07581989589779056,0.02801538480204807,0.019776993169050825,0.06315898033220495,0.013146240551329184,0.04671252987781944,0.017332168553367548,0.09250900884504787,0.053561678739125686,0.21139543066525926
3639024980,0.11181887671532048,0.07085138135624067,0.0633409772018588,0.019121804438297,0.02915589851854548,0.011829796527499726,0.1069716934202065,0.023835523362331502,0.015342336111818875,0.08491973938048265,0.00883291474053313,0.030854535968648008,0.014681080818743253,0.13237845642388285,0.06189106880694985,0.2141739162086412
3639071774,0.14446911513121974,0.057881071112243526,0.0598891032407576,0.022288549970273845,0.05352527936519492,0.015688130164161176,0.07119110884626118,0.030824203157039032,0.02374452492750458,0.06018029823220375,0.014025892087989421,0.051456581613462914,0.02131183343646489,0.07187056382630219,0.0603440954148922,0.24130964947402905
3639085712,0.13600019412999428,0.06186680255766268,0.058766789211225565,0.020589912520171318,0.052876157196762884,0.015506133294507337,0.06611946274524078,0.02863417415887113,0.0248789720816802,0.05922178138536016,0.012776180249699705,0.04925441949065143,0.01924313568473289,0.07834965238597896,0.05353741248983851,0.26237882041762217
3668229904,0.1007038908321458,0.06731585841574182,0.03346720214190094,0.017503706582602814,0.026176390148407246,0.009608325776223172,0.04401117012854285,0.024254724993162613,0.015956298311525674,0.047523427041499325,0.008003339522966418,0.028378747966777505,0.013854701961969742,0.05135236285644369,0.05620330785507622,0.4556865454650142
3668230420,0.10654952248672976,0.08031590167641074,0.03510018626785964,0.01774389784338426,0.019655027617171097,0.008177482046147055,0.04244861483467382,0.02257824865144223,0.011477545571024044,0.04005297328725088,0.00646554044596617,0.02286895571562389,0.01239273447678112,0.05158973696394156,0.07178311099626387,0.4508005211193298
3668233676,0.16653208006287887,0.07316127781905102,0.05184275977906263,0.025776026357440487,0.04171646371006815,0.015585128718627862,0.05157358657148702,0.03469104299234471,0.028866134780408493,0.043595292698945916,0.016834092401778696,0.04303541242718865,0.026701982191500585,0.05694628379469621,0.08501028241652937,0.2381321532779913
3676039021,0.15431726907630522,0.0610083189902467,0.05889271371199083,0.025717154331612164,0.04514486517498566,0.019312966150315546,0.059925415949512326,0.0360728628800918,0.02688611589213999,0.05827596098680436,0.0186675272518646,0.05055938037865749,0.023881239242685027,0.06719736087205967,0.061890418818129664,0.23225043029259895
3676764306,0.14239816408491107,0.092276247848537,0.041559093516924835,0.027122776821572003,0.02699368904188181,0.01377653471026965,0.046156052782558805,0.03437320711417097,0.022023809523809525,0.04662220309810671,0.01153184165232358,0.03170539300057372,0.022568846815834768,0.05945926563396443,0.07666379804934023,0.3047690763052209
3676857188,0.13468875502008032,0.04335915088927137,0.0682013769363167,0.023802352266207687,0.05316982214572576,0.017398164084911072,0.08898450946643718,0.03562822719449225,0.025602409638554216,0.08238668961560526,0.014092082616179002,0.056504589787722326,0.02082616179001721,0.0865748709122203,0.04632099827882961,0.20245983935742973
3710370971,0.1634432466708941,0.06389769604734727,0.04713062777425491,0.03144155569647009,0.04213696892834496,0.02041851616994293,0.04925491439441978,0.040821179454660746,0.03264109067850349,0.04590995561192137,0.01926125554850983,0.046369689283449596,0.030152187698161064,0.05728704290847601,0.0712428662016487,0.23859120693299515
3710372933,0.1574340256468232,0.07179926138871841,0.049102576525942916,0.02691193729340956,0.04253475026109802,0.019100530809565336,0.05280101639803181,0.034917148486708224,0.025915996425379804,0.051837376314911116,0.01569818146580962,0.04742831917482262,0.024457077640319992,0.06260968808208706,0.07306437546432379,0.2443877386220485
3710376347,0.1587045231865801,0.06402553915393476,0.049371749733518516,0.029183759165347718,0.04494115873682397,0.019870366183231587,0.04940943398257911,0.03835179861537302,0.028559277323772305,0.049452501695791205,0.01735090496032387,0.05101370629972975,0.027687156131227318,0.06176448421029964,0.06420857693508619,0.2461050636863809
3710380793,0.16556843997975818,0.08099960162365279,0.046335475952065636,0.027170343572682148,0.03490099809425369,0.01817457497550524,0.047433702638974125,0.03458875717346598,0.02721879475004576,0.046809220797398715,0.017781582092444848,0.041694929853462105,0.02658354598016732,0.056294884632363235,0.08375593526922703,0.2446892126145332
3710382699,0.15484457938994586,0.061823702315966275,0.0421309904497346,0.032101596735467336,0.04158187710628034,0.020979359798443103,0.04347685648761265,0.04227096051767392,0.031390979467467724,0.04299234471397655,0.019568892190746902,0.048639598608912864,0.030782648018346844,0.054486040677455126,0.06780473098829637,0.2651248425336736
3710486377,0.1517760048235839,0.06717486568256942,0.04299772817812806,0.033232124207284906,0.03723742153600999,0.020704803126715975,0.04422515800467285,0.04326690138570368,0.030142015784316894,0.04378909740840035,0.018432981254777825,0.04384831551406698,0.029905143361650358,0.05745771288908987,0.06839152858081118,0.2674181982622178
3711183180,0.17260665699447006,0.09674299291406464,0.04305178830505268,0.027397548308416914,0.031066675077272437,0.017504573266889548,0.042757417102966835,0.034020900355348084,0.028827351289976662,0.047814293824512716,0.017073529720978153,0.03639689648646944,0.02492693286233941,0.05179881830988877,0.09145482453373703,0.23655880064761664
3711187764,0.15801543977518653,0.06686262476178173,0.049086426133488376,0.030082797678650255,0.042604735295067676,0.01988113311153461,0.04903797495612477,0.03726972232091906,0.02857542771622684,0.04905950881273082,0.016871776650839283,0.04901644109951872,0.02761178763310615,0.06097849844417885,0.0675140239241147,0.24753168168653164
3754586709,0.1378906430318977,0.06916170428841804,0.05679615011771224,0.02669297881179892,0.029387665604948526,0.016318146147809628,0.06523796334764345,0.038423810183261776,0.030507085814522456,0.06509947837326316,0.014437058579144162,0.03228430965240271,0.02445413839265106,0.07294119004754651,0.07160250196187047,0.2487651756451092
