185127156,0.18807132013307926,0.1063880185621844,0.052111932986638236,0.029280661520074937,0.021937616417412275,0.015525910612961227,0.043896766691430604,0.03801802383797926,0.03136406214671016,0.04016064257028112,0.015332105903506787,0.0245916642441078,0.02638435780656137,0.05193427866963834,0.09451209664394845,0.2204905412534858
185127297,0.17316989136169342,0.09950795137655177,0.05878742853451339,0.03143943064483134,0.025539153934773948,0.016225760952657816,0.054093047794394736,0.03862635528710014,0.0335389816639211,0.05281178332633483,0.01531057204690074,0.028392389935075424,0.02687963650850049,0.0587497442854528,0.09087287487752621,0.19605499746977184
185127397,0.12497712027735608,0.08030513474810771,0.04010142446461449,0.025662973610258728,0.02012338899835266,0.010756161374721405,0.05077683387706322,0.03562776575470784,0.01978423075680739,0.03675829322652541,0.00952873154817662,0.02294970767789657,0.020559449594625148,0.05425993518309162,0.09114204808510179,0.3566868008225933
185127488,0.13178181896486751,0.0856778319713169,0.03365203441110286,0.02687963650850049,0.021474638500382226,0.012215080159781216,0.04413363911409714,0.03651603733970736,0.02085015665880681,0.03798033958891868,0.0099163409670855,0.02344498637983569,0.02152308967774584,0.05737157746266568,0.090786739451102,0.3457960528440841
185127557,0.12425573608105345,0.0795945174801081,0.035735435037738086,0.027864810448227226,0.02243827858350291,0.011978207737114678,0.04625472398979296,0.03628454838119233,0.01917589930768651,0.038927829279584825,0.00860815917826803,0.02518922876492565,0.021345435360745933,0.061183070081936325,0.08772354834889155,0.35344057193923145
185127601,0.11668120201987575,0.08018669853677443,0.031654769210891824,0.02643819244807649,0.021253916470170227,0.011595981782357313,0.04531261776327832,0.034540305996102375,0.01713018293011187,0.04200717077424981,0.008225933223510664,0.025743725572531413,0.019235117413353143,0.06594205239187312,0.0778287412384121,0.3762233922284312
185127675,0.14540736673234492,0.10889132939263756,0.044311293431097035,0.030841866124013483,0.03340439506013329,0.015606662575233913,0.05237033926591083,0.03714590264543429,0.027924028553893858,0.059573414300634175,0.012204313231478192,0.037538895528494674,0.02381106194213853,0.06088697955360315,0.0750562572003833,0.2350258944625688
185127710,0.11055481981545487,0.1015429008258234,0.03201546130904314,0.027870193912378737,0.023568806055320482,0.01074001098226687,0.04713222864648944,0.03387275644131486,0.018136890726444654,0.04716991289555003,0.006745480581844807,0.026922704221712588,0.020381795277625247,0.06213594323675399,0.08003057807638057,0.35117951699559635
185127750,0.15431161643894614,0.12511170688114387,0.02712189239531854,0.03282836439592149,0.020446396847443392,0.014971413805355473,0.032661477007224604,0.036053059422677294,0.021313134575836855,0.04216867469879518,0.009878656718024915,0.02682580186698537,0.02196453373816984,0.04996393079018487,0.08442886828816606,0.2999504721298061
185127832,0.12996220808165634,0.052413406979122924,0.041522659000613714,0.025512236614016387,0.028666946606802544,0.01535902322426435,0.04757905617106496,0.03632223263025292,0.026540478266955218,0.039600762298523856,0.013431743058022977,0.03277452975440637,0.021878398311745643,0.05579960593042411,0.057285442036241474,0.37535127103588617
185127889,0.11415097386866499,0.07998212689901697,0.0314232802523768,0.029619819761620206,0.026465109768834046,0.015326722439355275,0.0431484651743704,0.03927237098528161,0.01855141746611109,0.04636777673697471,0.01001862678596423,0.03311907146010315,0.01844374818308085,0.0675140239241147,0.05730697589284753,0.36928949040128334
185127930,0.10979036790594013,0.06580746578808533,0.03680136093973751,0.02138850307395803,0.022303691979715108,0.008527407215995349,0.052219602269668486,0.02705190736134888,0.012925697427780828,0.04088741023073527,0.006702412868632708,0.02544225158004673,0.015434391722385518,0.05866360885902861,0.06790701680717508,0.4281469039697665
185128007,0.14806141455904046,0.07970218676313834,0.05135286454127502,0.030701896056074162,0.03386737297716334,0.018142274190596164,0.045221098872702606,0.04282007386112816,0.03538550986788979,0.0473314168200954,0.017033280575384648,0.038911678887130284,0.02896303713513572,0.066329661810782,0.0724560440152029,0.243720189067261
185128089,0.11565296036693692,0.060165595357300525,0.034378802071557,0.02543686811589521,0.02612595152728878,0.01346404384293205,0.050039299288306034,0.03770039945304005,0.023035843104320768,0.03932620562679672,0.011477545571024044,0.029194526093650745,0.021641525889079104,0.058367518330695436,0.08082733077080438,0.37316558459037213
185128133,0.11657353273684552,0.0932631329607976,0.02912454105968108,0.02805861515768166,0.02444631071201697,0.012591922650387073,0.04239478019315869,0.034201147754557105,0.017722363986778213,0.03850791907576688,0.008462805646177202,0.02778405848595454,0.019665794545474118,0.058103728587271336,0.07742498142704868,0.37167436502040335
2114666021,0.14406150069446688,0.0847949438504689,0.04949556940900331,0.02270206832692701,0.043078480140400735,0.012575772257932534,0.05681708065505992,0.028930736350226645,0.019337403232231883,0.04534491854818738,0.011838237669175359,0.04008527407215996,0.018842124530292752,0.06403092261808628,0.0758422429665041,0.2822227246788764
2114667185,0.10695328229809316,0.10640416895463893,0.029016871776650837,0.024995424055471213,0.02508155948189541,0.010637725163388135,0.04619550588412632,0.027552569527439518,0.013889337510901515,0.041027380298674594,0.007800639555541199,0.02880691667474186,0.020290276387049538,0.05358700216415258,0.10328175974676183,0.3544795805204733
2114667495,0.1206649654919948,0.08968312930004199,0.034093478471526856,0.026201320025409952,0.03346899662995144,0.014066991827901418,0.047121461718186416,0.030965685799498262,0.01837376314911119,0.04263165261582523,0.011709034529539069,0.03713513571713126,0.023132745459047987,0.05764075067024128,0.09193341731537408,0.32117747127921875
2114669011,0.16440022825888004,0.0615222283234816,0.05574038782475747,0.026949621542470145,0.03770578291719155,0.019918817360595198,0.042583201438461615,0.03377047062243613,0.03215004791283095,0.045549490185944855,0.01809382301323256,0.03889014503052424,0.024247122538411017,0.05615491456442392,0.055374312262454636,0.2869494062039041
2114676403,0.14865897907985834,0.12773883738708186,0.039073182811675655,0.026465109768834046,0.02397794933083541,0.01067002594829721,0.05477136427748528,0.027154193180227614,0.015138301194052347,0.04229787783843148,0.008199015902753102,0.02826318679543913,0.018540650537808068,0.04849962854097355,0.11080784263057593,0.26974385477567103
2114677653,0.13748290750131895,0.0910128449454655,0.03386737297716334,0.031234859007073876,0.029937444146559425,0.016780257760263574,0.038642505679554684,0.03652680426801038,0.02271283525523004,0.043326119491370316,0.013141035993841315,0.03546626183016247,0.02444092724786545,0.053764656481152494,0.07858242621962382,0.3130807411953444
2114679055,0.1567287918429751,0.1252947446622953,0.045366452404793436,0.027100358538712486,0.022298308515563598,0.01307643442402317,0.05207963220172917,0.02475855163280468,0.015800467284688355,0.06103233308569399,0.008683527676389203,0.028225502546378543,0.020715570055019,0.06801468609020532,0.0919764850285862,0.23884815401014245
2115443566,0.13328918892729094,0.09464129978358472,0.04908104266933686,0.0241502201836838,0.041840283385552936,0.01210202741259946,0.05872821042884675,0.03025506853149865,0.017781582092444848,0.050879119695941936,0.0106215747709336,0.040736673234492926,0.016268828665869914,0.06197443931220861,0.07615448388729179,0.2814959570184222
2115444862,0.12185471106947897,0.08049893945756215,0.03184319045619475,0.01974654650774681,0.0226966848627755,0.009604100046297793,0.032257717195861194,0.0247693185611077,0.0179807702660508,0.0300128126446806,0.008597392249965006,0.021883781775897157,0.017512408884869237,0.04348762341591567,0.08081118037834985,0.4364428222272468
2115446472,0.1690515412857866,0.06926364977335615,0.04508112880476329,0.030712662984377182,0.033673568267708905,0.017797732484899385,0.03981071740043283,0.03806647501534288,0.03634914995101048,0.04386446590652153,0.016101941277173036,0.03491176502255672,0.028688480463408595,0.04815508683527677,0.05917503795342228,0.28929659657396334
2115453076,0.1409014072375292,0.12731892718326387,0.032925266750648705,0.031229475542922363,0.02293355728544204,0.01305490056741712,0.04412287218579412,0.034012726509254174,0.018804440281232168,0.050082367001518135,0.008435888325419642,0.028936119814378155,0.01975731343604983,0.058469804149574166,0.08601699021286217,0.2829979435166941
2115455536,0.17931780742272038,0.08238853537474294,0.04045134963446279,0.03250535654683075,0.030185083497528995,0.02024182520968593,0.034572606781011435,0.04072052284203839,0.038470234826706286,0.038104159264403456,0.018459898575535386,0.032058529022255235,0.02981362447107465,0.04513496344627841,0.07287595421902085,0.2646995488657041
2115456364,0.12778728856444546,0.1061296122829118,0.03575158543019262,0.030782648018346844,0.026567395587712785,0.01518675237141596,0.04440819578582426,0.03422268161116316,0.018648319820838314,0.04876341828439765,0.0108853645143577,0.034012726509254174,0.0211085629380794,0.05864745846657408,0.07900233642344176,0.3080956533910441
2115456508,0.12597844460953733,0.11372029673654405,0.03628454838119233,0.0328768155732851,0.022545947866533158,0.01188668884653897,0.04782669552203452,0.03284451478837602,0.014314631178870982,0.05504053748506089,0.006589360121450952,0.028849984387953963,0.01762546163205099,0.06400938876148024,0.07654209330620068,0.31306459080288984
2115458866,0.13963090969777234,0.06519913433896443,0.04101661337037157,0.028225502546378543,0.0325268904034368,0.019525824477534804,0.03566006653961691,0.0373720081397978,0.028753082033226737,0.039223919807918,0.017900018303778114,0.03579465314340472,0.021916082560806228,0.05153051885827492,0.045549490185944855,0.36017528559277323
2205033827,0.08040015045074558,0.0575777429961538,0.029853553185551874,0.017586964170882926,0.03190405125031849,0.010483019692061295,0.044844028682706656,0.02693553670876861,0.01420182239532147,0.03993617976437472,0.007941130079229307,0.03163105594583773,0.01597325859328553,0.061727271624261386,0.06190926849391524,0.4670949659665854
2305645837,0.07241655443526371,0.08411895315400576,0.022968004950314855,0.021172302503063616,0.016579914825465003,0.008663050995522876,0.03174632062995183,0.02615295016925709,0.011951127773935621,0.04337592060083234,0.005059512976376806,0.021135903129132844,0.014232155206930441,0.07427898906805469,0.06571906963200233,0.4804292699498902
2306455338,0.07160363508414322,0.07170676664361372,0.025030636139725063,0.022324949344204613,0.018897341632390586,0.009384971911816448,0.03493733241121586,0.028264113857241657,0.013170506800616363,0.043867312148897705,0.005581237336051153,0.02282240745459178,0.014535483323020175,0.07551050121937902,0.06639852461204332,0.4759642800810493
2344153281,0.11606184497750766,0.06051231954846412,0.034190817323347444,0.026490345767454203,0.04078174560102271,0.013839140345164442,0.04666714907678763,0.03469131782384795,0.02207629316063051,0.04440585163476729,0.010998950757986905,0.04384504986914625,0.023897391367270884,0.0678148027545618,0.07590723253373856,0.3378197474583017
2344153405,0.14472366678510287,0.1147646887819374,0.048251989190003994,0.021867631383442616,0.017867717518869043,0.007978293872541104,0.061742950353693586,0.02241674472689686,0.012285065193750874,0.06278195893493545,0.004995854732603336,0.021130096794685443,0.014820676809113129,0.06755709163732679,0.09200878581349527,0.2848067874716022
2365850314,0.12088961908239015,0.08747718145308507,0.09662285505659,0.017445539734696362,0.018638189120116836,0.006650845807472314,0.11544967749787027,0.018382621394669587,0.011585736886941709,0.10173420956553486,0.006565656565656565,0.02023244493124011,0.012017768041864428,0.10645612754046488,0.08523183643665572,0.17461969088475113
2409099486,0.11932986638241976,0.11548068951408852,0.03914316784564532,0.02988899296919582,0.016661821548930304,0.008920400099055741,0.059218105666634366,0.029899759897498844,0.009970175608600623,0.06203904088202676,0.004080665826846259,0.022077586485351595,0.016306512914930498,0.0752231445890802,0.08965082851513292,0.3021092412545625
2535213665,0.16662420073041406,0.12626336160351376,0.04570548053240151,0.029374294762130087,0.027827321370072437,0.014881277375362476,0.04497142649146435,0.035416590834637635,0.024041786481272517,0.04662153144299251,0.012491051820575352,0.032177046554799256,0.02056564627088414,0.05154151348596804,0.08192892415583786,0.239568546087674
2536030014,0.101580585074884,0.060962348051724326,0.030481174025862163,0.02293355728544204,0.034066561150769295,0.014266180001507369,0.04626549091809597,0.03494944927161729,0.02017722363986778,0.03752274513604014,0.010933815691721308,0.03461029103007203,0.02223909040989696,0.06691107593914533,0.070291891426295,0.39180852094705904
2775772349,0.06080981148389592,0.04017770799913535,0.02045576071993356,0.017685472769264025,0.022844920759525357,0.009033300340170882,0.036337986506934254,0.02936960305812485,0.014818480721753869,0.03568381173418888,0.006166308292660728,0.0246367907892192,0.014374779571543966,0.06759616369159357,0.04892089604878437,0.5510882055132712
2776237149,0.15556174877445725,0.1122354185424974,0.037252211693750086,0.03287884634623905,0.029105746830739326,0.020008861067043974,0.034593891580557104,0.041061041318298096,0.029520216095699527,0.043962326173019484,0.014878017407709129,0.03365776272349183,0.023353199273964183,0.05438122597150166,0.05329503065643356,0.28425445554459833
2776625212,0.0695531370193766,0.05352527936519492,0.019752726919763645,0.01461434863320351,0.017186571057644474,0.007837998519758794,0.03103653283830185,0.02218541841080333,0.012557784006115095,0.02398718742037637,0.007067545104890862,0.018812409759885462,0.01288537837149201,0.04346691903565925,0.07295647848190344,0.5725742850556303
2777095216,0.0883481432290843,0.07919868450178667,0.030510493417238507,0.026267800862241616,0.027801494692681488,0.013265661069474749,0.04126743193245423,0.03748326639892905,0.0161696655387956,0.04892008980805111,0.0076157648968577735,0.031622553204945766,0.01373472894201478,0.06937988173165101,0.04155730533683289,0.4268570344369605
2798598488,0.13852056269771826,0.09971169594579435,0.036924233245832494,0.024483408494312447,0.026009064189719773,0.010404747481546295,0.04662785219088645,0.031578829283614905,0.019025823966256086,0.0365484283502726,0.008811783446635704,0.027175742074443024,0.019676471248120976,0.04713266473716093,0.09501133023714972,0.332357362410536
301664031,0.1811374183059315,0.06587206735790345,0.06754094124487225,0.028376239542620887,0.03775423409455517,0.019240500877504656,0.058798195462816415,0.041797215672340834,0.03649988694725282,0.04951710326560936,0.0226966848627755,0.040203710283493226,0.029038405633256888,0.06589360121450953,0.0647469233502374,0.19088687188432013
301669987,0.14915425778179744,0.06926903323750767,0.04996931425433637,0.029619819761620206,0.033894290297920904,0.020274125994595,0.04850501200512506,0.045587174435005436,0.039073182811675655,0.051223661401638726,0.019773463828504367,0.040209093747644725,0.031697836924103925,0.06696491058066044,0.07302130775111168,0.2317635151867524
302435170,0.1564111674580359,0.07235375819632417,0.04748753728048925,0.02603443263671307,0.03081494880325592,0.01707096482444524,0.04179183220818933,0.037118985324676716,0.029754406365408013,0.03674214283407087,0.016392648341354694,0.03243537151286109,0.025985981459349463,0.054959785522788206,0.08450962025043873,0.2901364169815993
302435189,0.14794297834770714,0.05101370629972975,0.05078221734121473,0.02797247973125747,0.04413363911409714,0.019891900039837637,0.045743294895399286,0.04006374021555391,0.027886344304833274,0.04164647867609849,0.0177169805226267,0.04549027208027822,0.024354791821441256,0.0715300881811428,0.059767219010088614,0.28406386941869355
302435192,0.11030179700033378,0.056537140519181274,0.03398042572434509,0.02420405482519892,0.0434553226310066,0.011822087276720824,0.05969723397611895,0.033948124939436025,0.017453190779202602,0.03615534524155604,0.01122990622005448,0.041393455860977424,0.02213142112686672,0.04911872691839745,0.09240177869655566,0.35616998826404817
303002826,0.14317322910946734,0.07037264338856768,0.047735176631458806,0.028532360003014737,0.035035584698041494,0.019025162311444167,0.052268053447032094,0.043202299815885525,0.03894936313619088,0.05358161870000108,0.018594485179323196,0.04033829688728103,0.031234859007073876,0.06485459263326765,0.07770492156292731,0.2353973534890231
3118586039,0.13069801866074574,0.04646986738494765,0.0626372559725306,0.02802145136436987,0.043624649656025916,0.018145087904488044,0.05872432327497301,0.041525619092684936,0.028397578228321136,0.04418277338963103,0.018503015081473933,0.0462939370776156,0.02715999951467501,0.07264101724117011,0.0625401909753819,0.2704352151809655
3197885473,0.1347211903915932,0.10521442337715473,0.029662887474832308,0.028688480463408595,0.02202375184383647,0.011369876287993798,0.0421309904497346,0.033765087158284614,0.01687716011499079,0.03863173875125166,0.008651226891480129,0.026055966493319118,0.019655027617171097,0.05150360153751736,0.08652841930725583,0.3445201718401757
3198731514,0.08998113666788365,0.06398320554947061,0.02848515273214068,0.018429779724960446,0.03041712303760496,0.010458500669344045,0.03916423268832908,0.02553395399780942,0.015623098454423756,0.05208713642448583,0.007499695752707801,0.03117774126810272,0.02030090057198491,0.09251399537544115,0.0584763295606669,0.415868017524644
3259411532,0.11178247734138973,0.07009306106601633,0.03469466991834407,0.024169184290030208,0.02769385699899295,0.01401375896334583,0.051747776604909056,0.03257743966803771,0.02202768779043667,0.05354347905216031,0.011611400283915116,0.030721071597568518,0.021342166248073863,0.07552263434402262,0.07583202902243415,0.3426273068103229
3259427928,0.11241946638517818,0.07493417779880851,0.03709096203545299,0.020614178769458497,0.034494473361724835,0.010792414370472828,0.04895109137456169,0.02848251010082627,0.016761911695118845,0.045572016161322025,0.008851114427498514,0.036860432667224795,0.017113772309782938,0.0643783593588857,0.09387398536745167,0.3488091338162317
3294062015,0.17471494557317746,0.08682989329974052,0.04908104266933686,0.03128331018443748,0.03146096450143738,0.017948469481141725,0.045571024042550895,0.03811492619270648,0.03524553979995047,0.05575653821721202,0.01535902322426435,0.03323750767143641,0.028247036402984593,0.06445621628605575,0.07737653024968505,0.2153170322038825
3294078901,0.17949546173972028,0.06424087771999526,0.06250740226320833,0.03047579056171065,0.03879324267579703,0.018476048967989926,0.05696243418715075,0.03850253561161536,0.03396965879604208,0.05589112482099982,0.018578334786868652,0.042470148691279866,0.03106258815422548,0.06608740592396395,0.06520451780311595,0.19728242729631665
3294079777,0.14225265673955878,0.08745975860546745,0.028284720652045174,0.02748258449346986,0.021926849489109248,0.015251353941234103,0.03321059035067885,0.03621994681137418,0.02839777339922693,0.035638532683010864,0.012581155722084049,0.02587292871216771,0.024909288629047014,0.05368928798303132,0.08389052187301485,0.3429320499154796
3294091857,0.13473734078404773,0.08466574071083262,0.030928001550437675,0.026675064870743025,0.019498907156777243,0.013286389525932148,0.04030599610237196,0.03712975225297975,0.021490788892836763,0.027089591610409462,0.011391410144599849,0.021501555821139787,0.019353553624686413,0.04418747375561226,0.0963855421686747,0.37137289102791865
3294093039,0.16789409649321144,0.09247176373052532,0.04274470536300698,0.029684421331438355,0.02643819244807649,0.01907899695295929,0.03725895539261604,0.040187559891038685,0.031407129859922264,0.03773808370210063,0.01674257351120299,0.029259127663468887,0.025043875232834825,0.05264489593763795,0.08061199220474391,0.2707936302852159
3294094001,0.18960022395210874,0.10794383970197144,0.0436329769480065,0.03202622823734617,0.02515692798001658,0.019412771730353048,0.03361435016204227,0.039218536343766486,0.03345822970164842,0.03528860751316257,0.01743165692259655,0.027913261625590838,0.02775175770104547,0.043126931317764364,0.10052004263703608,0.22390365752554453
3294095057,0.16263983548133554,0.08870333882446675,0.03796418919646414,0.02735876481798508,0.023638791089290137,0.015493609828052157,0.03720512075110092,0.034303433573435835,0.029103007203075036,0.03435726821495096,0.014190811503386197,0.026012898780107024,0.0256952743951678,0.04901644109951872,0.09844202547455234,0.29587518976711136
3294097959,0.12862172550792986,0.08805732312628531,0.07865779471774499,0.024893138236592484,0.01658645305080914,0.008543557608449886,0.09134123625870776,0.027229561678348783,0.011822087276720824,0.07665514605338243,0.006583976657299439,0.022944324213745062,0.014809909880810103,0.08787966880928538,0.07547616740420125,0.2398979295196873
3294122373,0.1621445567793964,0.06491381073893429,0.06676033894290298,0.02720802782174274,0.0390893332041302,0.0182014922962628,0.06742250503353898,0.039595378834372336,0.032898349429891144,0.057247757787180886,0.019132831594474414,0.04118350075906845,0.026292838915985658,0.06590975160696405,0.07092175673202193,0.20107776952313275
3294124405,0.17292225201072384,0.096525512236614,0.039401574124917904,0.02916760877289318,0.032521506939285294,0.018750605639717047,0.0399722213249782,0.03788343723419146,0.035616998826404817,0.0505076606694876,0.015342872831809812,0.035180938230132325,0.02781635927086361,0.05243494083572897,0.07862549393283588,0.237330017119416
3294891998,0.17761124928669103,0.0653175705502977,0.060434768564876125,0.030125865391862364,0.04130732043455323,0.020204140960625342,0.05519665794545474,0.041630328283643964,0.038852460781463656,0.057522314458908014,0.020058787428534515,0.043799864336703374,0.03049194095416518,0.06552214218805516,0.06168911571217847,0.19023547272198715
3294903108,0.13151264575729193,0.12793802556068778,0.059498045802513,0.022589015579745256,0.017609311239596456,0.009954025216146084,0.07265523218880886,0.023902580832714238,0.013657848552386487,0.09353230616837321,0.006400938876148024,0.020683269270109928,0.012748043110780923,0.08932782066604217,0.076902785404352,0.22108810577430368
3294926336,0.15032246950267558,0.07238067551708173,0.08208706138225826,0.02082862280220076,0.027913261625590838,0.013227171420265513,0.07256371329823315,0.02633590662919776,0.021539240070200368,0.07200921649062739,0.01336714148820483,0.03091723462213465,0.02058636691538271,0.09801673180658288,0.07198229916986984,0.20592288725949373
3294950812,0.16499779277969787,0.10259267633536827,0.04290082582340085,0.028273953723742157,0.02748258449346986,0.01427156346565888,0.046857671974762316,0.03435188475079944,0.02750411835007591,0.05460986035293991,0.01286109585796268,0.0304973244183167,0.024699333527138042,0.058561323040149875,0.09481357063643313,0.2347244204700841
3295824960,0.13860266804483348,0.08230239994831874,0.07330663135114182,0.027380298674591127,0.03077726455419533,0.012699591933417315,0.07801716248371503,0.03229540144492178,0.01819072536795977,0.06625967677681234,0.011827470740872335,0.03450262174704179,0.016058873563960938,0.07121246379620358,0.08074119534438019,0.2258255542276344
339503934,0.13942780184180834,0.07939916766764946,0.07106371103750349,0.02211868622526359,0.02722066513789296,0.01425642145621762,0.06377776968902801,0.03266843810286463,0.024284448974144314,0.06099928414564604,0.014784212378213762,0.029186231330154456,0.018976206942573917,0.09134422887926327,0.07021439231245223,0.24027833387932396
339508292,0.19573763331270705,0.14645894757276842,0.02914983195622368,0.026735340152149383,0.019030806003470072,0.013771096470474042,0.03069073878595955,0.031078998774554414,0.02759072543952244,0.03167352188209029,0.013607299287785585,0.02203982091508026,0.0257950229922712,0.032692704352151804,0.1344835535495456,0.2194639585532462
339509632,0.18714738106504566,0.09921862677295283,0.06362610563098314,0.02136036593503925,0.019121804438297,0.012794379936665087,0.05233016658780136,0.02919229789247625,0.02568582487047889,0.05062546257537704,0.014377752702653512,0.021851757483104625,0.0214210315582572,0.07301714410512139,0.0901491161018697,0.218080782343877
339510410,0.15234351302490934,0.09517222970431576,0.059500843252162726,0.02255547871243281,0.02271927589512127,0.0138196289690484,0.07165216758271756,0.03420934493260049,0.02893750227496087,0.08026061951734428,0.01438381926497531,0.0294774263216006,0.02336839806355331,0.0762263555733508,0.0957970856234606,0.17957631128744586
339513365,0.1562625122847887,0.13468375010616485,0.02379305742607894,0.022209684660090517,0.007619602276174183,0.007941130079229307,0.037636952644414516,0.025904221114063503,0.018594013516300845,0.02817311542241473,0.007285941348475473,0.009445637535034395,0.018351351023429063,0.04370351496620925,0.14013758963345826,0.31825792596367347
3415726561,0.16616062103642454,0.09068445363222324,0.045937099604853725,0.026938854614167125,0.04540413665385402,0.014966030341203956,0.06162451414236032,0.03325904152804247,0.03269916125628519,0.07193923145665773,0.01307643442402317,0.0483004403673676,0.025199995693228682,0.05228958730363815,0.07904540413665385,0.19247499380901625
3415734081,0.16920766174618046,0.12400271326593235,0.04144190703834103,0.03127254325613446,0.020042637036079974,0.013286389525932148,0.03820644508328219,0.03555778072073818,0.023321166704350915,0.03774346716625214,0.011391410144599849,0.021280833790927788,0.02136158575320047,0.04453739892546056,0.10474067853182166,0.26260538131076583
3415764411,0.18268785598156706,0.10928432227569797,0.04343917223855207,0.03236000301473992,0.02226600773065452,0.01593505388847616,0.03534782561882921,0.03835718207952452,0.033689718660163445,0.03678521054728297,0.014869127986476738,0.023084294281684375,0.028203968689772495,0.04779439473712545,0.0966493319120988,0.23924653035735435
3415766329,0.1963080202848929,0.11466240296305867,0.03773270023794911,0.028893052101166057,0.019590426047352946,0.015536677541264253,0.030825715731558945,0.03582695392831379,0.02984592525598372,0.031342528290104116,0.016037339707354888,0.021033194439958224,0.026454342840531025,0.040698988985432345,0.1118091669627572,0.24340256468232174
3415768375,0.15536139194849102,0.08661993819783154,0.053700054911334345,0.027886344304833274,0.034448787105526665,0.016661821548930304,0.0511267590469115,0.033571282448830175,0.02847852536149962,0.06299191403684443,0.013873187118446978,0.03805570808703985,0.023719543051562816,0.07093790712447645,0.0743564068606867,0.2282104288467543
3415804167,0.19741163043595286,0.11248209998169624,0.04297081085737049,0.03095491887119524,0.023143512387351014,0.01756624352638436,0.03180550620713417,0.037770384487009694,0.036300698773646875,0.032849898252527536,0.016683355405536355,0.022852805323169356,0.028322404901105762,0.04222250934031031,0.1067863949093963,0.2198768263402134
3416494592,0.16211763945863886,0.08826189476404275,0.05394769426230391,0.026938854614167125,0.033571282448830175,0.016182693239445718,0.052596444760274336,0.03375432022998159,0.030093564606953283,0.06224361251978424,0.014739924846840443,0.036946714471828325,0.02432249103653219,0.06954897337338631,0.07849629079319961,0.21623760457379115
3416526574,0.16334506928518366,0.09856046168588564,0.04716991289555003,0.029517533942741474,0.029878226040892793,0.016058873563960938,0.05267181325839551,0.035805420071707734,0.032063912486406755,0.056133380707817856,0.014621488635507175,0.03365203441110286,0.025474552364955803,0.05681708065505992,0.08908556477922412,0.21914467521560774
3416529914,0.1623222110963963,0.08174790314071298,0.052978670715031706,0.027434133316106248,0.04392368401218817,0.014869127986476738,0.07057721502632514,0.03609074367173789,0.03506250201879905,0.07305360853602076,0.014696857133628347,0.04501114377079363,0.025840627927258632,0.05912658677605865,0.07956221669519904,0.1777027681772667
3416539692,0.17052534462173016,0.06525018994898513,0.0579398675784218,0.030234451318788668,0.04064365570389668,0.02144795397807446,0.05076522305437968,0.04087159448605232,0.04009009009009009,0.05426571149462716,0.020731574948442414,0.04266796917399328,0.030608922175187236,0.062113318137414525,0.06849017692391185,0.20335395636600456
3416544132,0.18705243509248254,0.1238588155438656,0.034770066180213804,0.033395554047174605,0.020657276995305163,0.015097007749307088,0.035081169749420216,0.037632219016912716,0.036908196164941454,0.03956671757452344,0.013479269189433792,0.02173199841620001,0.030612591209910063,0.039051982578200126,0.11813450987046778,0.21297019062164146
3416580046,0.16314588111157768,0.058076811266513775,0.06383173444448033,0.030524241739074264,0.044849639846248256,0.02277743682504818,0.0596757001195129,0.041258869257189607,0.040381364600493116,0.060434768564876125,0.021221615685261156,0.04608783660109608,0.027407215995348688,0.06766476092035703,0.06365946359163194,0.18900265943129085
3416580960,0.17124261119545206,0.10394392583739784,0.04402058636691538,0.029894376433347324,0.028015547444469567,0.017614694703747966,0.04017140949858415,0.03624686413213175,0.02649202708959161,0.04177029835158328,0.014863744522325225,0.03152018260710402,0.023628024160987117,0.05307018960560742,0.08266309204647004,0.25484242600428525
3456989705,0.15034075696726298,0.1051356942923208,0.04109772423025435,0.030132651819398806,0.028465376658147745,0.01872337836193258,0.03545697943288305,0.037258123402701716,0.02842886698308385,0.03583424607520992,0.01579043446513326,0.03179992698064987,0.02160155774613606,0.04831447000121699,0.0649689667761957,0.3066508458074723
3456990257,0.13926400465911987,0.11725451655564854,0.02240988121670974,0.02577075674298402,0.01466894769409966,0.011368737791043328,0.02656547640713913,0.03344495808005436,0.02101457188269695,0.03078780378310826,0.008984578798577997,0.018357417585750855,0.01861221320326624,0.04509275773790024,0.09616714592509007,0.3702362319368107
3456991217,0.1354387245953511,0.1293659486430571,0.02386515760009736,0.02554460265303639,0.019100645004259464,0.014250943166605818,0.026603383229889255,0.03220761835219667,0.020986978215893883,0.031751247413898016,0.010551296093464769,0.02290373615674821,0.018942436412315928,0.041134233905318236,0.08853596202993794,0.3588170865279299
3456991395,0.11002190580503833,0.06335645612754047,0.029944018498235362,0.02726664232688329,0.03126445174637946,0.015267129122550809,0.040148472678593165,0.04093951563831082,0.02551417792381648,0.044602653036387975,0.010898138006571741,0.03516490203237191,0.02199707922599489,0.06912498478763539,0.05465498357064622,0.3798344894730437
3456991825,0.1735183156869904,0.12068273092369478,0.030728976512109037,0.037793598636972126,0.02551417792381648,0.02046367287331143,0.0276013143483023,0.04414019715224535,0.03840209322137033,0.03636363636363636,0.017366435438724594,0.030637702324449317,0.03163563344286236,0.03912011683096021,0.08396008275526348,0.24207131556529146
3456992275,0.07214920287209443,0.07053669222343921,0.02095046854082999,0.023305342582451014,0.019569185834246074,0.007058537179019106,0.03431909456005842,0.03271875380309115,0.012261165875623706,0.025319459656809054,0.005117439454788852,0.02055494706097116,0.015291468905926737,0.05292077400511135,0.07990750882317149,0.5080199586223682
3456993315,0.13606547401728125,0.16065474017281245,0.023810393087501526,0.02693805525130826,0.012510648655226969,0.011920408908360715,0.025617622003164173,0.031495679688450774,0.019709139588657658,0.029944018498235362,0.007752221005233053,0.013751977607399294,0.016423268832907387,0.037404162102957286,0.08633321163441646,0.3596689789460874
3456993895,0.12065230619447488,0.11105026165267128,0.026627723013265183,0.02628696604600219,0.019982962151636845,0.01389193136181088,0.02919557015942558,0.032268467810636484,0.02068881586953876,0.03396008275526348,0.009772423025435071,0.02261165875623707,0.017524644030668127,0.043769015455762436,0.07886089813800658,0.3928562735791651
3457809046,0.1490203237191189,0.10315200194718267,0.03285870755750274,0.028441036874771813,0.02504563709382987,0.016672751612510646,0.03233540221492029,0.034994523548740414,0.025209930631617375,0.03548131921625897,0.013928441036874772,0.028787878787878786,0.021437264208348544,0.04580138736765243,0.07770475842764998,0.32912863575514173
3457809436,0.1718267007423634,0.08318120968723379,0.05136302786905197,0.02882438846294268,0.04627601314348302,0.015394912985274432,0.05438116100766703,0.03637580625532433,0.031678228063770235,0.04847267859316052,0.01579043446513326,0.04564926372155288,0.02800900571984909,0.05450894487039065,0.08350371181696481,0.2047645125958379
3457810042,0.0934100036509675,0.05481319216258975,0.02849580138736765,0.02471705001825484,0.03023001095290252,0.0129731045393696,0.045399780941949616,0.03751977607399294,0.02154070828769624,0.043343069246683706,0.008975295119873434,0.032505780698551784,0.019964707314104903,0.06695265912133382,0.05922477789947669,0.41993428258488497
3457810590,0.14592917123037605,0.1011500547645126,0.03790921260800778,0.02947547766824875,0.02432152853839601,0.012565413167822807,0.04782767433369843,0.03607155896312522,0.02725447243519533,0.06176828526226116,0.010119264938542049,0.02720579286844347,0.02406596081294876,0.05946817573323598,0.09056833394182792,0.2642996227333577
3457810994,0.16335645612754046,0.1294572228307168,0.038274309358646716,0.031623463551174395,0.019666544967749788,0.01508458074723135,0.026469514421321647,0.03758671047827674,0.02551417792381648,0.032359741998296214,0.012553243276134845,0.02275769745649264,0.020110746014360473,0.047225264695144216,0.06384933674090301,0.31411098941219423
3457811362,0.1707374954362906,0.06355725934039187,0.0728672264816843,0.025629791894852136,0.04168187903127662,0.016551052695631008,0.0697639041012535,0.03246318607764391,0.03092977972496045,0.07093829864914203,0.01700742363392966,0.04539369599610563,0.026883290738712425,0.07831933795789217,0.057727881221857125,0.17954849701837652
3457812108,0.15289034927589146,0.07744919070220276,0.05557381039308751,0.03008397225264695,0.037282463186077634,0.012358525009127418,0.0631434830230011,0.03251186564439577,0.02720579286844347,0.063514664719484,0.011354508944870393,0.03852379213824997,0.02875745405865888,0.06710478276743337,0.08245710113179992,0.21978824388462945
3469474601,0.13184103707053416,0.0743079556833231,0.042098689664825516,0.029334496161590055,0.028866134780408493,0.0179807702660508,0.04024677799670532,0.039385423732463364,0.027234945142500296,0.04383754858576397,0.014734541382688931,0.030766497625892314,0.02194299988156379,0.06383711790863185,0.051918128277183805,0.34166693583987423
3469476213,0.16093866080945768,0.14238724334334654,0.03499790044898092,0.033765087158284614,0.019385854409595487,0.01625806173756689,0.03492791541501125,0.039886085898554,0.026239004274470536,0.04587249803503558,0.011800553420114776,0.022982008462805646,0.022319842372169645,0.05291406914521357,0.07769953809877582,0.25762567697061706
3469477957,0.15971123098291287,0.12551546669250727,0.038260279724797314,0.032962950999709285,0.025549920863076968,0.018072289156626502,0.03354974859222412,0.03901934817016053,0.026992689255682246,0.044510481604702994,0.013431743058022977,0.02929142844837796,0.021017044047503687,0.057996059304241086,0.05933115841381612,0.274788160685638
3469479001,0.1269690020134156,0.117671759423754,0.03932620562679672,0.03124024247122538,0.018072289156626502,0.013324073774992732,0.037398925460555364,0.03815799390591858,0.018023837979262897,0.04590479881994466,0.008613542642419543,0.022298308515563598,0.015854301926203473,0.06657191769760006,0.057328509749453575,0.3432442908362673
3469486063,0.13206175910074613,0.09415678800994864,0.04837042540133725,0.029038405633256888,0.029533684335196007,0.01786233405471753,0.04792898134091325,0.0375065947435856,0.021969917202321346,0.05837290179484695,0.013507111556144149,0.035746201966041107,0.01979499768511041,0.07990675840089581,0.06074162602151233,0.2735015127534266
3470294356,0.14487440378134522,0.09419447225900925,0.044763504419824074,0.03251612347513378,0.02658354598016732,0.017334754567869332,0.041032763762826094,0.04369219505367314,0.0263089893084402,0.04493577527267246,0.013302539918386685,0.030190466961680505,0.020134155926655684,0.06063395673848208,0.05846442068542265,0.30103793188841155
348579535,0.1250309549188712,0.05785070577215025,0.028553893859620788,0.02458628077995629,0.029910526825801868,0.01687716011499079,0.03198854398828558,0.03549856261507155,0.030529625203225767,0.035665450003768424,0.014066991827901418,0.03370586905261797,0.02301430924771472,0.04644314523509588,0.05396384465475845,0.41231413590016897
348579538,0.19355168663931868,0.08489722966934764,0.0434553226310066,0.03287143210913358,0.035837720856616816,0.022944324213745062,0.03525630672825349,0.0441174887216426,0.03972458197400863,0.03678521054728297,0.023396535202472087,0.0387394080342819,0.03147711489389192,0.04475273749152105,0.08153794803880401,0.21065495224867295
348579541,0.14551503601537516,0.06984506390171948,0.040332913423129516,0.026567395587712785,0.03374355330167857,0.019192049700141045,0.0402790787816144,0.03952001033625117,0.030933385014589188,0.03756042938510072,0.01870215446235344,0.036370683807616516,0.026745049904712683,0.05485749970390946,0.07414106829462623,0.30569462837946965
348579546,0.16723193040257545,0.1052897918752759,0.033452846237496905,0.02769253959537884,0.03365203441110286,0.018023837979262897,0.03392659108282998,0.03616611216985906,0.026255154666925073,0.03401810997340569,0.01575201610732474,0.03547164529431398,0.021937616417412275,0.048101252193761636,0.08803578926967925,0.27499273232339544
348579551,0.1558835879711877,0.10316332353542858,0.05263951247348644,0.03333979349031515,0.018379146613262703,0.011332192038933212,0.04788591362770115,0.03930467177019068,0.02914607491628713,0.056058012209696695,0.009539498476479644,0.023832595798744576,0.026987305791530733,0.06762169320714494,0.09073290480958687,0.23415377327002376
348591239,0.15087158284612984,0.06328262110102609,0.05346856595281932,0.026551245195258245,0.03746352703037351,0.01943968905111061,0.05251030933385015,0.039385423732463364,0.033275191920497,0.0490971930617914,0.019256651269959197,0.03877709228334249,0.02596444760274341,0.06739558771278142,0.07215457002271822,0.25110630188313576
3492543387,0.16282287326248696,0.13585171786341074,0.031310227505195035,0.025173078372471118,0.022056052628745545,0.01589736963941557,0.028936119814378155,0.03160093456937671,0.024263272930865557,0.027773291557651517,0.013932405224113613,0.023035843104320768,0.02054329920217061,0.03773808370210063,0.10161826932394458,0.2974471612993529
3492543897,0.1352595368067444,0.07306437546432379,0.03676906015482843,0.02802631437277259,0.03106258815422548,0.016925611292354405,0.04427360918203645,0.039035498562615074,0.025356116153622533,0.043121547853612836,0.014363082356234591,0.03464797527913262,0.024230972145956483,0.06112385197626969,0.06610893978057,0.3266309204647006
3492544847,0.1147216210687253,0.04339072106118845,0.0400583567514024,0.02415560364783531,0.03166553613919485,0.014621488635507175,0.051444383431850725,0.037867286841736916,0.02389181390441121,0.03149326528634646,0.015542061005415763,0.03226848412416422,0.02401563357989599,0.049974697718487886,0.0901730245378296,0.37471602226600775
3492547439,0.15483919592579434,0.08861720339804258,0.03504096816219301,0.028252419867136107,0.03013124885601387,0.01657568612250611,0.038513302539918394,0.03539627679619282,0.026222853882016,0.03768424906058551,0.014416916997749713,0.03150403221464948,0.023520354877956867,0.05212269991494126,0.08323373924653035,0.3039288521377736
