10497546425,0.15290163675851445,0.07892597580654945,0.047070457054805316,0.020426115337482863,0.05369514311020517,0.016300852958662446,0.06456035622853953,0.03141872626457492,0.022464480277605888,0.047859110156638636,0.014675014256421457,0.05064972882466422,0.0204928475230226,0.0717310328929009,0.06332277751489342,0.24350574503451874
10497577256,0.12891444933813806,0.059197515136072985,0.04102209441997598,0.0267232070275058,0.04204127689003749,0.017040973561921403,0.04924228636600784,0.04124655722588238,0.026043752047464785,0.04490469430592461,0.015312003300209903,0.04592387677598612,0.02509130176294301,0.06891008141326636,0.060016501049515274,0.308369429379148
10497699144,0.17023987187420375,0.08607238622162365,0.04631820332690278,0.023659593054999453,0.045559883036678434,0.01705310668656499,0.042447736565597735,0.03308703090306848,0.025564493624043,0.03709096203545299,0.016312986083306034,0.046803528312646364,0.024084252417525084,0.0555029786821,0.08206845508923914,0.2481345320860481
10497718194,0.07729407054198668,0.03496766522282484,0.05429573278006285,0.02125723437556874,0.046785328625680966,0.014250354893895825,0.04424950557517077,0.036108178939322236,0.011581067472306144,0.03091520159186595,0.007959329766194687,0.037624819519770925,0.014638614882490688,0.09495383346073112,0.041179825040342635,0.4319392373117849
10497728943,0.16231694148193984,0.06591926618862155,0.04278139749329645,0.030065882866814688,0.04196241157985416,0.02535823050510198,0.04224147344665672,0.051019789126293694,0.04337592060083234,0.038346740436064494,0.025983086424246838,0.048247370145233504,0.030472342542374936,0.048453633264174525,0.06812749487375484,0.23532801902473946
10497743996,0.14956502748152734,0.09115009888496585,0.033353959645227436,0.03741248983850811,0.026953736395733997,0.018084422281270097,0.03291110059573642,0.05191764034991932,0.04326065591671823,0.035592521141969695,0.01710163918513935,0.033190162462538975,0.03575631832465815,0.050455598830366793,0.08930586393914025,0.25398876472658005
10497766153,0.15566192261493106,0.05714095050898457,0.051171453184338564,0.028531042599400626,0.04315752435724772,0.02793651949186474,0.03672696829614531,0.04475303024787974,0.03560465426661328,0.03790994794889528,0.027796988558463458,0.04782271078270786,0.0285553088486878,0.06119341413994345,0.062048799427316524,0.25398876472658005
10497788255,0.07538916997294313,0.037618752957449125,0.0249881702034725,0.02366565961732125,0.043521518096555405,0.014189689270677878,0.045960276149916886,0.038753200111624746,0.017762894478214976,0.032559239981072324,0.012478918695931764,0.04063383443138111,0.02366565961732125,0.070014195755833,0.0618364697460537,0.43696235091423097
10497803483,0.09294580133221708,0.058342129848699936,0.03887453135806064,0.025813222679236584,0.02774238949756731,0.012521384632184326,0.05587303898372948,0.03863186886518885,0.01700457418799064,0.051062255062546254,0.008650917870879288,0.032268044989626175,0.01812082165520086,0.08131620136133659,0.060793021026705016,0.380039796648831
10498053933,0.16180735024690907,0.0713913054028804,0.04256906781203363,0.030096215678423664,0.04520195585969255,0.02273140901976486,0.03943265509166576,0.0428299299918708,0.03359055557577743,0.04458316650286948,0.018132954779844453,0.05080139288270909,0.026171149856222476,0.06295271721326393,0.05709848457273201,0.2506096895133404
10498077193,0.16475569953530134,0.09421977941979398,0.03415474587170434,0.032480374670889,0.036951431102051714,0.021669760613450783,0.03292323372038001,0.04105242723158495,0.030872735655613395,0.042696465620791324,0.014450551450515053,0.04551135053810408,0.0241813174146738,0.0562006333491064,0.07216175881774833,0.25571773498829153
10498114484,0.16198328055424113,0.04978827697496936,0.053452480617333376,0.026650408279644256,0.04227180625826569,0.02101457188269695,0.06065349009330372,0.04073089942852983,0.038358873560708086,0.05003093946784115,0.02065664470571106,0.04257513437435543,0.0251034348875866,0.06935900702507918,0.05056479695215909,0.2468059549375751
10498197763,0.1289811815236778,0.12986083306033802,0.01933413411955981,0.02171829311202514,0.02114196969145464,0.012685181814872784,0.025831422366201968,0.029817153811621106,0.01995292347638287,0.022367415280457176,0.012503184945218942,0.025400696441354544,0.01969812785886749,0.03716982734563632,0.10965311396643976,0.3638845411858916
10498230185,0.13180819956563414,0.07304141035440857,0.03542872395928124,0.02559482643565197,0.03796454700979143,0.017216903869253446,0.03781288295174656,0.03741855640082991,0.02403571991895073,0.04005144444848882,0.013959159902449678,0.04131935597374392,0.020438248462126447,0.06268578847110497,0.06284958565379342,0.33837464662274475
10498353623,0.1655868185733872,0.06387483468617673,0.04316965748189131,0.021518096555405916,0.045559883036678434,0.01563959766558682,0.045026025552360495,0.029240830391050607,0.02755432606559167,0.03537412489838508,0.01601572452953809,0.044892561181281015,0.02260401121100717,0.05265776095317827,0.058839587959087114,0.3124461592593941
11732230455,0.13700117691309044,0.07871971268760844,0.047519382666618135,0.025697957995122485,0.04530508741916306,0.012478918695931764,0.07511617466846236,0.03496159866050304,0.03020541380021597,0.0658646671277254,0.012224123078416384,0.040403305063152914,0.024296582098787902,0.07322947378638421,0.09101056795156456,0.20596585738725293
11732272425,0.15125153180698625,0.09405598223710553,0.04427983838677975,0.026389546099807086,0.03621131049879275,0.014559749572307356,0.04826556983219889,0.031770586879239004,0.025497761438503255,0.057826472051347375,0.010586151251531808,0.03971778352079011,0.02239168152974436,0.07609895776459312,0.0775124667855713,0.2435846103447021
11732322485,0.16216527742389494,0.07383613001856368,0.0525121634574552,0.02491537145561096,0.04612407333260535,0.015530399543794513,0.051899440662953926,0.031982916560501826,0.030557274414880063,0.05091059100450139,0.014596148946238126,0.0465244664458438,0.02444824615683277,0.07096664604035477,0.0698867979470753,0.2331440565888933
11732354385,0.1532656304978221,0.08794088741673643,0.04501389242771691,0.02691127045948143,0.03405161431223383,0.014359553015688132,0.04764678047537582,0.032565306543394124,0.02367779274196484,0.05003093946784115,0.012242322765381768,0.03679370048168505,0.02215508559919436,0.05468399276865772,0.08238391632997245,0.2762773146968539
11732393785,0.1489037721884517,0.06251592472609471,0.049302951989225775,0.02180929154685206,0.04954561448209757,0.01688324294155474,0.05903978451570632,0.03715769422099272,0.03326902777272231,0.06018029823220375,0.01675584513279705,0.04714325580266686,0.025327897693493005,0.10171805044953226,0.05971317293342555,0.2107341753721836
11732748375,0.1584282750336694,0.07206469382059962,0.06980186607457019,0.023477596185345614,0.0502068697751732,0.013856028342979169,0.062030599740351126,0.028470376976182675,0.02257974496171999,0.05226950096458341,0.012139191205911259,0.054568728084543605,0.01924313568473289,0.076220289011029,0.0679333648794574,0.2167097392591514
11732863965,0.13019449398803673,0.05267596064014365,0.05669202489717176,0.020244118467829017,0.05023113602446038,0.013188706487581749,0.0693226076511484,0.034427741176185106,0.027930452929542944,0.05018867008820781,0.013219039299190721,0.045553816474356634,0.020474647836057215,0.07304141035440857,0.05786287142527815,0.2847523022604011
11733012966,0.15136072992877855,0.08578119123017752,0.04833230201773863,0.0230286705735328,0.042381004380058,0.01710163918513935,0.05026753539839114,0.03588371613341584,0.031024399713658255,0.046839927686577125,0.017441366675159855,0.04066416724299009,0.023052936822819985,0.06465135466336645,0.08859000958516847,0.23359904876302795
11733036173,0.15352649267765928,0.04759218141447967,0.06099928414564604,0.017963091034834202,0.06888581516397918,0.017866026037685487,0.07074824979677016,0.034166878996347926,0.030023416930562125,0.061976000679454975,0.01792062509858164,0.06677465147599461,0.019018672878826484,0.07462478312039698,0.050546597265193706,0.20736723328358755
11733052316,0.13103167958844442,0.05836639609798711,0.03400308181365948,0.026334947038910927,0.037006030162947866,0.012569917130758685,0.04449823463036436,0.03630230893361967,0.02678993921304553,0.03585944988412866,0.011083609361918977,0.036642036423640174,0.02243414746599692,0.04922408667904245,0.058596925466215324,0.37925721010931945
11733102976,0.14488770793142358,0.0741576578216188,0.061078149455829366,0.02213688591222897,0.04711898955337968,0.01841808320896881,0.05290042344605006,0.031776653441560804,0.024533178029337896,0.055982237105521776,0.014784212378213762,0.048938958249918105,0.018885208507747,0.08678824057559542,0.0601074994843422,0.2375059148982637
11733134436,0.1453427001055582,0.09160509105910045,0.040403305063152914,0.02285274026620076,0.0381101445055145,0.012842912435239448,0.04545068491488613,0.02760285856416603,0.019989322850313643,0.04889649231366554,0.01041022094419976,0.04158628471590289,0.020353316589621324,0.05353741248983851,0.07265315036581371,0.30836336281682614
11733289864,0.15490966888702848,0.10355015227071428,0.04592994333830792,0.019977189725670048,0.03839527293463886,0.01392276052851891,0.061023550394933214,0.025776823305305816,0.022749608706730245,0.048672029507759125,0.012685181814872784,0.035543988643395336,0.021299700311821303,0.06457248935318312,0.10416894162753734,0.22682269864958324
11733493356,0.1519916524102452,0.0758926946456521,0.04953954791977578,0.02759679200184424,0.04381877965032335,0.01288537837149201,0.06502748152731773,0.034069813999199214,0.026195416105509645,0.04807143983790146,0.01085914655601257,0.03990584695276574,0.0241813174146738,0.06502748152731773,0.07609289120227132,0.2488443198776981
11733591956,0.16104902995668474,0.09603368155401058,0.03376648588310948,0.02584962205316735,0.031637122508159525,0.012242322765381768,0.04432230432303231,0.03200111624746721,0.024357247722005846,0.04987927540979629,0.0107074824979677,0.03312343027699924,0.02260401121100717,0.05586090585908589,0.08444654751938267,0.2821194142127422
11820120073,0.12827180033808155,0.053737739160394926,0.06035940006675496,0.018271477330232457,0.0654037059767219,0.014131593397719562,0.08964006158682988,0.028327788365257275,0.02233060930047267,0.05263951247348644,0.012338899835265996,0.04678230347664114,0.019461222907716656,0.09022685917934473,0.060790077198875934,0.2372869494062039
11820122953,0.15269657719349247,0.05542276343981825,0.04928023084294282,0.024247122538411017,0.05083605198272985,0.020952442477685542,0.05672556176448421,0.03729663964167663,0.02946369930122635,0.04866113246551891,0.020613284236140277,0.050017765431699994,0.024220205217653456,0.06124228818760296,0.05801759316084714,0.2603066421180701
11820125643,0.16870161611593829,0.07386112815874758,0.053549317915092,0.025603755504592096,0.04767595852579218,0.01569279800165811,0.06792855066378113,0.03458875717346598,0.030895700765528607,0.049430967839185165,0.015568978326173329,0.045549490185944855,0.02542071772344068,0.05797452544763505,0.07540618237023158,0.21215155528279336
11820603876,0.1412513324073775,0.08454192103534784,0.04187796763461352,0.023428835987381158,0.04626549091809597,0.012209696695629704,0.06340105731235936,0.03224156680340665,0.02594291374613736,0.04386446590652153,0.012430418725841705,0.03888476156637273,0.02475855163280468,0.05761383334948372,0.10144061500694466,0.2498465712716819
11820607006,0.16752263746675713,0.06637811298814561,0.05910505291945261,0.02270206832692701,0.05609569645875728,0.018465282039686896,0.05666634365881758,0.034378802071557,0.031735521173164506,0.050846818911032876,0.019095147345413826,0.0541630328283644,0.022637466757108864,0.06533910440690376,0.06693260979575136,0.2079363028521593
11820609696,0.16420104008527409,0.061866770029178376,0.0660174208899943,0.02464011542147141,0.052574910903668295,0.01851373321705051,0.06541985636917644,0.032575341580800415,0.026836568795288392,0.06340644077651086,0.01644648298286982,0.05762460027778675,0.021501555821139787,0.07504549027208028,0.05813602937218041,0.1951936432055299
12394260295,0.09997659349052652,0.0691477566708552,0.04484810407273265,0.02207603419814226,0.032270185034617,0.009910808879690541,0.06101091482494395,0.029633872914972777,0.012657993938945969,0.06272944538891763,0.005937861876955676,0.03264592110774386,0.013625052356665928,0.10061719269716904,0.05799270702441669,0.3449195555227043
12394503023,0.13408922699862896,0.06271612128271394,0.032268044989626175,0.018454482582899574,0.0446802315000182,0.009227241291449787,0.04416457370266565,0.01989832441548672,0.01707737293585217,0.0381101445055145,0.00823232507067545,0.044528567441973324,0.01843628289593419,0.04610587364563997,0.07821012145257766,0.3838010652883437
12394506145,0.14304953954791974,0.11115155485992308,0.05773547361652046,0.028264113857241657,0.02240988121670974,0.010470886567417707,0.05601863647945255,0.029356095075164707,0.017356434802654728,0.0598891032407576,0.00834758975478955,0.02513376769919557,0.01930986787027263,0.07691187711571361,0.08807435178781592,0.2465208265084507
12394604704,0.06567053713342798,0.05159611254686419,0.0698867979470753,0.017471699486768827,0.024217716788604567,0.005593370460694743,0.16598114512430387,0.023811257113044326,0.006339557626275495,0.1133233841711256,0.0025540227374755814,0.021694026862737963,0.008214125383710066,0.14381999296278772,0.04104636066926316,0.23877989298584065
12394625055,0.140058724323275,0.055606110241570514,0.045474951164173306,0.025376430192067364,0.04889042575134375,0.022670743396546917,0.04875696138026426,0.037952413885147834,0.028488576663148055,0.03784928232567733,0.02048071439837901,0.05041313289411422,0.02234314903117,0.0678181001953433,0.05462939370776156,0.2931908904500176
12394680724,0.09290621605920536,0.0542800131342982,0.054021115910181605,0.016954610896415853,0.027878810840847663,0.009793892551337424,0.10847793690485212,0.02956480008082645,0.014201459927761359,0.05958424894546741,0.008373115101917102,0.029792124472733706,0.012060821903968072,0.10437978328407972,0.07149352125483065,0.3062375287312773
12394687285,0.10822140525849623,0.10495759472937063,0.03580485082323251,0.02148776374379694,0.03639937393076839,0.0072556085368664985,0.06900714641041507,0.02569189143280069,0.013534500539924046,0.05262136157924751,0.005053446414055011,0.02713573326538784,0.016331185770271418,0.07814945582935974,0.07470364843058033,0.32364503330542715
12394691083,0.11761244373263445,0.12038486271369465,0.03053300816559288,0.025934553925672482,0.02409031897984688,0.010216090949902328,0.041477086594110577,0.032377243111418486,0.01902473944114828,0.03527705990123636,0.009196908479840813,0.02762712481345321,0.01702884043727781,0.05542411337191666,0.08516240187335444,0.34863320350889965
12394755404,0.11115762142224488,0.08885087176500564,0.040391171938509315,0.01925526880937648,0.04646380082262585,0.008177726009779299,0.08185005884565452,0.021105570317523872,0.00937283878717286,0.055114718693505135,0.004919982042975528,0.03514966209247868,0.013746830221186862,0.08208058821388273,0.0643783593588857,0.31798493065919264
12394813545,0.14491197418071075,0.051941906599206486,0.06461495528943569,0.02356859462017253,0.059725306058069125,0.018357417585750855,0.06351690750919084,0.04185321345806185,0.03447020711243766,0.051280651306130874,0.01960712942404057,0.04871449544401169,0.02103883813198413,0.07763986459432899,0.052870090634441085,0.22588844805202685
12394879335,0.14214924212980956,0.07636459817765687,0.04037116206762534,0.018768622878611217,0.04898626765125017,0.011060370514315326,0.05498877229347497,0.023907457788141816,0.016199205423845918,0.03700285011011789,0.01137345079241698,0.0473938765815952,0.020738869456319902,0.05789825970548861,0.07946301334369738,0.3133339810856329
12394892604,0.10722648903772188,0.08883267207804026,0.03245004185928002,0.027699923561314743,0.031024399713658255,0.011520401849088195,0.04815030514808479,0.03355415620184666,0.014753879566604787,0.052821558135866725,0.006994746357029326,0.03209211468229412,0.015918659532389374,0.07444885281306494,0.0619517344301678,0.3605600650335481
12394929383,0.09335832757009913,0.07814945582935974,0.0398451813295478,0.025540227374755826,0.02143316468290079,0.00842645506497288,0.05059512976376807,0.035313459275167124,0.017981290721799586,0.046633664567636096,0.006715684490226768,0.021681893738094368,0.016039990778825272,0.07208896006988678,0.06696271490797025,0.3992343998349895
2181224465,0.13932943570528766,0.08701293108089193,0.07724194364589726,0.022874339179775403,0.0225674817231392,0.011116853472872723,0.08666838937519515,0.025259213798895317,0.019536591405837828,0.0889025269980727,0.009851739397267354,0.0257383421083799,0.020591750379534226,0.09106129612282912,0.08744899167716441,0.1847981739289598
2181224473,0.12385735973384153,0.07825941837053307,0.09290244086264628,0.02014492285495871,0.01927818512656524,0.007208458498874856,0.1051605887356396,0.01834684582835363,0.012952614748538387,0.0934784715268581,0.0059379609591179725,0.021340051896594416,0.0176739128094146,0.10684561301506293,0.09147043939834404,0.18514271563465656
2219515207,0.15323904312903788,0.07394796577614807,0.04147604912403236,0.02643617950061114,0.04399045457191082,0.016809266049706072,0.046202200104766895,0.034154007333682554,0.026296490309062337,0.040428380187416325,0.01637273732611606,0.04419998835923404,0.026319771840987136,0.053890926022932314,0.07961701879983703,0.27661952156451897
2219517409,0.14622282232377787,0.06358191386234593,0.06456861930480544,0.02171328994137469,0.05508239855975626,0.015943082675529706,0.06452245764667867,0.03040899229100309,0.0232020034159627,0.0538937358629922,0.014967917647601903,0.05092207912108203,0.020195725430457463,0.07193717398328948,0.06147001800304666,0.2413677699302959
2219518847,0.16866977714780693,0.07311599338530593,0.05793763288447909,0.022585439798409324,0.05732242696275298,0.016167611622962437,0.05895641389085755,0.028225647688794393,0.02385522482085204,0.05141645011418222,0.015522875816993463,0.05476809197574612,0.020926844633435703,0.0664520828411686,0.0714524765729585,0.21262500984329474
2219519157,0.14421762115486073,0.06047783627808824,0.07659054448356428,0.018712921390656456,0.06224361251978424,0.010772311767175942,0.08905326399431507,0.024117919398774727,0.016182693239445718,0.06905369467144719,0.009561032333085692,0.054486040677455126,0.016521851480990987,0.07849629079319961,0.057463096353241386,0.21204926946391464
2219520501,0.16776987467944066,0.07137465524749602,0.0672860115159433,0.02719794842018677,0.03918323898001645,0.01812551410461121,0.05847486330865631,0.03539459040983211,0.029462428025354426,0.0552474960081289,0.017361010306285382,0.04087676005225722,0.025165723133497846,0.06845212173997194,0.06981177722939952,0.20881598683892194
2219521021,0.12814657322098852,0.05968098975422386,0.08658599539771286,0.01953784637460517,0.03992877829400391,0.012765659588244044,0.11525404450044185,0.025356327269863768,0.018466020946531225,0.07366721789117253,0.011046364105660114,0.03935130500214365,0.016829846619593844,0.10710379644941423,0.05600178491744757,0.19027744966795285
2219523233,0.14974643883846378,0.08250697158607621,0.04578636260861138,0.020990126726746126,0.05760844988533221,0.013404825737265416,0.057732269560816986,0.027773291557651517,0.024688566598835015,0.05525049258696986,0.01122990622005448,0.055062071341666935,0.022147571519321254,0.07158392282265792,0.08676529172992237,0.21772344067960853
2219523735,0.15230896777458358,0.10886441207188,0.038104159264403456,0.021205465292806612,0.03926160405697858,0.012387351012629607,0.05940652691193729,0.026938854614167125,0.01948814022847422,0.04738525146161052,0.01125144007666053,0.03640836805667711,0.01980576461341344,0.05848595454202871,0.09774217513485578,0.2509555648868934
2220309998,0.15545829430321825,0.08488107927689309,0.03647296962649526,0.022610549436351303,0.046933040472883485,0.013162569850447366,0.04841887657870088,0.02876923242568128,0.021765345564563887,0.04418747375561226,0.012301215586205413,0.04737448453330749,0.022556714794836185,0.050071600073215115,0.08982848283213281,0.2752080708894559
2220310654,0.15966935225564835,0.07185182447581738,0.06781112178776455,0.02460147337817528,0.04516840367605391,0.017727351122280532,0.06487914849582377,0.03379776775814916,0.02836499371720009,0.06003769679946781,0.01634759898489664,0.04399807820238008,0.02295685810727573,0.07223372015670042,0.06505777712075295,0.20549683396161333
2220311248,0.12329614022592834,0.06942548519199952,0.07515777395295467,0.02019902269175223,0.03179713929610066,0.013507230894019428,0.08899637960709834,0.02611925534650919,0.019081251112825687,0.0737284111816725,0.011588224820464123,0.03363701109858152,0.018759768136585756,0.1021425603893406,0.061981917819059484,0.2305824282351079
2220312166,0.15685459892307568,0.07967773731844212,0.05049406551153906,0.025086145800239497,0.041407007339703636,0.016263838314719326,0.051235367433221726,0.03146052770921414,0.02457293677753611,0.04516239399789829,0.014773088296390431,0.04286109957069658,0.025086145800239497,0.06330392564171493,0.08270404131739942,0.2490570802479696
2220312598,0.1388233900750455,0.05939575998363428,0.07867932857435102,0.023660324945896184,0.0485696135749432,0.01205357623523585,0.10001938047094544,0.029210676486105282,0.01644648298286982,0.06088697955360315,0.011283740861569604,0.045953249997308265,0.017808499413202408,0.07857704275547228,0.06355717777275322,0.21507477631706448
2220312874,0.15086227261989132,0.07428773919206236,0.056900543349870075,0.023879045594141272,0.03965509095204346,0.01546893456177652,0.06581620600047247,0.02987951807228916,0.02261752893928656,0.05897944720056698,0.013640444129459013,0.04383652256083157,0.022121426884006614,0.07442948263642807,0.06828726671391447,0.2393385305929601
2220313474,0.1311139755528665,0.07010575051296891,0.08609547359744656,0.019668192420336367,0.03966959541221656,0.012662001718665055,0.08777467950404236,0.026069342873678118,0.019212220059276402,0.07652882271443855,0.011368618579119971,0.040664842777222425,0.017467248908296942,0.11180091545220182,0.05927640693779485,0.19052191297942864
2299072420,0.1813081471615104,0.07810639543097012,0.06578575608968536,0.027310246009162282,0.03836955863655628,0.01966156081612884,0.05367197432947872,0.038788319105568,0.03296603499424835,0.050246210974551474,0.019424431393917373,0.04020100502512562,0.02638190954773869,0.06206231963027992,0.07000867792779156,0.19570745292728706
2454740571,0.16466940146645564,0.051514368465820394,0.0585720899684529,0.026895786900955027,0.04677153654833813,0.02243827858350291,0.04851039546927657,0.043358420276279376,0.03643528537743467,0.048930305673094525,0.022249857338199983,0.050421525243063404,0.02734261442553054,0.06673342162214542,0.050932954337457065,0.23422375830399345
2454740575,0.1602495773980641,0.060682407915845685,0.05944421116099787,0.028063998621833175,0.039363889875857316,0.021302367647533838,0.05550351540209094,0.03711360186052521,0.033689718660163445,0.05823293172690764,0.020656351949352367,0.04302464549888562,0.0278540435199242,0.07441024150220182,0.05966493319120988,0.22074356406860687
2454740579,0.1836461126005362,0.06274965815002638,0.056800930262605374,0.02854851039546928,0.04308924706870377,0.021555390462654908,0.0495386371222154,0.044968076057581526,0.03919700248716044,0.045743294895399286,0.024489378425229063,0.04824122226170096,0.03405041075831476,0.060617806346027536,0.05728005857208996,0.19948426413428516
2602690034,0.13720835082959182,0.06442391550114668,0.038599437966342576,0.020295659851201048,0.030308903173013768,0.015633579895991474,0.03680674440388902,0.028672330070954058,0.0269280876858641,0.03940695758906942,0.015488226363900643,0.032413837656255044,0.02015568978326173,0.04947403555239726,0.06103233308569399,0.38315191059142734
2747941419,0.13056224899598393,0.09053212851405623,0.056445783132530125,0.02574799196787149,0.030978915662650607,0.015727911646586344,0.06473895582329316,0.0355722891566265,0.024096385542168683,0.06400602409638555,0.012916666666666668,0.0341214859437751,0.021019076305220884,0.07423192771084337,0.07873995983935744,0.24056224899598394
2850161554,0.1070065385508978,0.05588746169250002,0.06318386493632934,0.0172701826590107,0.05462621837211104,0.014321749809153971,0.0813944483166827,0.025755916226891037,0.018780355582108048,0.05313817252480999,0.01239116244592696,0.04195293570978127,0.01723699204531625,0.09848761436932302,0.03954108444798478,0.2990253023111731
3516859062,0.14225210701962782,0.07127099949092143,0.040648509531082073,0.02498020250014141,0.04001923185700549,0.01764805701679959,0.045555461281746715,0.03234770066180214,0.02799932122857628,0.03854148990327508,0.017605633802816902,0.036123366706261664,0.026316533740596188,0.05190480230782284,0.05182702641552124,0.3349595565360032
3804449389,0.13623131579572728,0.051715738694422655,0.06400750932724984,0.022783441458140253,0.04671942206696609,0.01579097454908391,0.04731945533613745,0.03332263967111048,0.030245241320310826,0.04588175185950904,0.013836410731684134,0.04264394857536656,0.021458615527197543,0.07123167225113472,0.045655996768137634,0.3111558660678216
3804461369,0.1469487417124118,0.06570067251253535,0.04662436729165181,0.02217152634205461,0.048507640027565885,0.01628407119602671,0.06136379838882156,0.031593830945082106,0.027476770989282574,0.038158551365224204,0.015208764050283975,0.04143200019010955,0.0240429172310544,0.06581949098167819,0.0671027304484209,0.2815641263277964
3805261350,0.1304856889794829,0.08355476285807883,0.04440116963321565,0.022209684660090517,0.031691721569055684,0.01263058275397663,0.05208750409492957,0.02964729006661085,0.018818476322207255,0.04094322910979265,0.011150341547458715,0.031788786566204395,0.018132954779844453,0.05499945400939104,0.08664870964219416,0.3308096434074667
3805376786,0.06593565272325257,0.056680655205090025,0.04527774017417986,0.017232976851225126,0.024958260006317404,0.007355263751635756,0.06499706691936284,0.02271558142683092,0.009069987816434276,0.06451423672216958,0.004034113984025992,0.021009882225531337,0.012120391679075854,0.1330670998601146,0.0485582780560444,0.40247281259870943
3805518422,0.11297260046101565,0.0733288182315059,0.05403269884270811,0.02067441363085478,0.03294836149331052,0.010574843753713077,0.06588484113970676,0.029080820322710962,0.02144079275682612,0.05591003065516504,0.009018321807941827,0.03340581259951047,0.02146455645065469,0.07692901784653407,0.07651315320453411,0.3058209168033079
3809239067,0.1605712791996388,0.07028706542144911,0.049927520733822874,0.024375608944654358,0.04252513010622371,0.01772177467265512,0.04727786887193745,0.03438012404648178,0.03209286851548205,0.04277464889142368,0.016373185047883845,0.041200304175281005,0.02649057769539697,0.06475606568284974,0.07073857560419193,0.2585074023906276
3809245299,0.1271654666001283,0.08587604857299018,0.04663030821510896,0.02043677669256909,0.044158884056937804,0.010812480691998765,0.05714574273425061,0.02400727169031154,0.017103918633112333,0.052892041538936806,0.007764786958484826,0.03798626458496709,0.017044509398540908,0.0802737577529051,0.06504123000879257,0.3056605118699651
3809253607,0.1511073881324113,0.06542739003350681,0.058036881252821935,0.024197381240940088,0.04060027090610965,0.02032389914688339,0.04409353389890925,0.039085335424538396,0.03306123903899622,0.041580523276538106,0.018779259048026426,0.03935267698010978,0.022456690667997437,0.07167724151042038,0.06337183051733561,0.2668484589244552
3809258995,0.15461847389558234,0.08021434851833367,0.048757158812765856,0.02254580451985456,0.04361231909888073,0.014519616929255484,0.04945224685725149,0.029728380979539455,0.025492502554597087,0.04155081865925239,0.014786958484826881,0.03962595945913833,0.022735914070483115,0.06275397447779281,0.07743993726384829,0.2721655854185975
3809264233,0.1571077208241249,0.0836244385827333,0.048133361849765924,0.020104084978969133,0.05102659157339417,0.012630403269884271,0.054300040398279514,0.024939996673082863,0.02028825360614054,0.04727786887193745,0.012119483852570044,0.04338656400750932,0.01867826334925501,0.06300943418644994,0.07419619305624865,0.26917730091965497
3810062950,0.06558578527760896,0.07564978012941975,0.026467889361600702,0.022851048109351357,0.028446128728564106,0.010284461287285641,0.05016505189899062,0.035870484906987,0.011738348050957541,0.036412713167208885,0.006167101640985306,0.024888872999416063,0.012417623014312444,0.07448786242894424,0.050576192008389635,0.4679906569899777
3810082026,0.10780887902061416,0.06062922384401655,0.03596258144359917,0.017131971996748322,0.05586697242140769,0.010834880306725391,0.058220798602264034,0.02513983426151737,0.013006709617927905,0.03885026510877346,0.007856198206724178,0.04515948992343998,0.01538480204807144,0.0700202623181548,0.047076523617127115,0.3910506072628884
3810086228,0.119076874068512,0.06420583182588713,0.0299668930680228,0.021377293878061827,0.04123007611181269,0.013686473941090141,0.044722800550644495,0.031241111755805087,0.023931419729911144,0.03421049637644061,0.012998168310636313,0.039176536173020686,0.023914354301056918,0.05360251203112734,0.07553158810880918,0.3711275697691616
3899276739,0.15206671188776555,0.06333645574254121,0.05748463020984744,0.02413406979122926,0.05193966213378985,0.020295659851201048,0.05815217976463495,0.03766809866813097,0.033894290297920904,0.052574910903668295,0.018454515111383872,0.05492210127372762,0.02510847680265297,0.07384497776629305,0.058798195462816415,0.21732506433239665
3899277059,0.16735107633104768,0.07586616562713878,0.04541639225713142,0.028357804207182424,0.04263355673497849,0.019951187386200754,0.04814111752476143,0.03856583891837447,0.03325197897700125,0.045913557768049694,0.018659848396802646,0.04546804581670735,0.026562843011919055,0.05838789240563541,0.0727734087475303,0.2326992858895389
3899277679,0.13738600514659172,0.07661746180432184,0.05280101639803181,0.025097709874349942,0.03514863744522325,0.0148960453072343,0.05828676636842275,0.03213389752037641,0.0208017054814432,0.04644852869924739,0.012344283299417507,0.038088008871948915,0.021663059745685158,0.07153547164529431,0.07775875620444243,0.27899264618796904
3899277837,0.1517867717518869,0.09049064892276881,0.04605015235203549,0.025684507466864775,0.031143340116498164,0.015488226363900643,0.040332913423129516,0.03202084477319465,0.023439602915684185,0.04055901891749303,0.014250029609052832,0.03511095319616267,0.02063481809274632,0.061312273221572615,0.08092961658968313,0.29076628228732626
3899277945,0.1400292860449842,0.07551385165326184,0.05453987531897025,0.025076176017743895,0.03286604864498207,0.01336714148820483,0.0571616223607567,0.029856692184286743,0.018416830862323288,0.04690073968797442,0.01078846215963048,0.03475026109801135,0.020699419662564462,0.06776704673923577,0.08414354468813592,0.28812300138893376
3899278109,0.16721548573716086,0.10921499502834488,0.042310721987628974,0.025303787497255904,0.030624104133576108,0.015173233125427756,0.03985072121282558,0.02909386743113935,0.021539534343160426,0.03996694172187141,0.012842366249564172,0.032335128294528594,0.02029339221839125,0.05155025245677243,0.08675861000271182,0.2759268585596405
3899278965,0.15360638263509804,0.06309958331987467,0.05789915694951388,0.023757227300623403,0.04673385229927754,0.01567664760920357,0.0606877913799972,0.03178397235052812,0.026696598727349075,0.047600590027671,0.015854301926203473,0.047643657740883104,0.02325656513453277,0.06723408378823606,0.0647415398860859,0.25372804892492223
3899279153,0.17081731752748258,0.057786104202332114,0.06538755558426736,0.025286131119652874,0.05338781399054664,0.02048946456065549,0.058835879711877,0.03737739160394931,0.03153094953540704,0.04654543105397462,0.021829947134382032,0.05469061231521259,0.02552300354231941,0.0670779633278422,0.05928809070060403,0.2041463440894947
3900059440,0.16776489335357514,0.08193094092186438,0.05262874554518342,0.027326464033076002,0.037420459317161404,0.01720016796408153,0.05050227720533609,0.03524553979995047,0.032284634516618754,0.04598555078221734,0.015762783035627767,0.037081301075616135,0.0269280876858641,0.06231359755375389,0.0824154526955005,0.22720910451457305
3900059626,0.14947726563088815,0.09261173379846464,0.03894397967203937,0.02522691301398624,0.03268839432798217,0.013259472205174585,0.04426822571788495,0.02894150327852967,0.019283568590716758,0.04238401326485567,0.011563680997448237,0.03514863744522325,0.0215500069985034,0.055105139054879036,0.09123895043982902,0.2983085155635949
3900059744,0.10811611055481983,0.057796871130635134,0.03918085209470589,0.021937616417412275,0.03766271520397946,0.013857036725992441,0.05630026809651475,0.029835158327680692,0.018987478062383583,0.05440528871518245,0.011412944001205896,0.0390893332041302,0.023628024160987117,0.08038588671038038,0.07582609257404956,0.3315783240199404
3900060466,0.13959860891286324,0.10748086178494136,0.035051735090496035,0.02639512473486439,0.02661046330092488,0.012979532069295951,0.038324881294615455,0.02850544268225718,0.018782906424626118,0.040607470094856636,0.01033086770675194,0.029937444146559425,0.01921896702089861,0.05505668787751543,0.08789043573758841,0.3232285711209449
3900060618,0.13368218181035132,0.08628616342043778,0.03689826329446472,0.02087707397956437,0.0356546830754654,0.01315180292214434,0.039563078049463275,0.026378974342409853,0.01701713018293011,0.03999913864573576,0.010939199155872822,0.037038233362404034,0.0176739128094146,0.060725475629057786,0.0860277571411652,0.33808693217911867
3900060798,0.13798895313156107,0.1278034389569,0.03401810997340569,0.02824165293883308,0.025453018508349752,0.008155948189541004,0.050168502427942324,0.03341516198843632,0.02911915759552957,0.04221712587615879,0.008349752898995446,0.026373590878258343,0.026228237346167516,0.04566792639727812,0.1332299708216243,0.24356945207101866
3900060924,0.13507111556144147,0.09201955274179828,0.04114581651000786,0.02234675969292721,0.031853957384497776,0.010271649601085306,0.050437675635517945,0.02516231144416809,0.0184222143264748,0.04543105397461159,0.008522023751843837,0.033571282448830175,0.01915974891523197,0.05616029802857543,0.09733841532349236,0.3130861246594959
431812948,0.09896960496140057,0.0516974062469718,0.032887582501588124,0.020478697632352463,0.03101952044101338,0.011396793608751359,0.04974320875997287,0.030658828342862064,0.016521851480990987,0.035390893332041304,0.010212431495418672,0.03242998804870958,0.01981114807756495,0.061958288919754086,0.07631060434768563,0.42051315180292215
440820923,0.13400518965944205,0.09794674677261325,0.042690870721491865,0.0279401789463484,0.030018196108832114,0.012376584084326582,0.05105677401294185,0.03684981211710111,0.0151167673374463,0.04313231478191587,0.009194956770782864,0.03151479914295251,0.014955263412900934,0.06532295401444921,0.06883297264123518,0.3190456194752199
441445128,0.16783487838754482,0.05329629509997093,0.06176986767445115,0.025302281512107408,0.05657482476824186,0.020451780311594902,0.05999870796860364,0.03562238229055633,0.030987219656104313,0.051218277937487205,0.020672502341806905,0.05790454041366538,0.02583524446310712,0.06484382570496464,0.0567632460135448,0.21092412545624856
441446537,0.13450585182553274,0.0962078878516748,0.04360067616309743,0.02310044467413892,0.029447548908771812,0.011929756559751068,0.05295713685842566,0.02729954671231844,0.01606425702811245,0.04340687145364299,0.010777695231327454,0.03449723828289027,0.01787848444717207,0.05910505291945261,0.07348966913229325,0.3257318819513981
4720890011,0.17678757927150962,0.08386360455225729,0.05273103136406215,0.025119243730956,0.04042981577785674,0.017943086016990212,0.050932954337457065,0.03300063524876988,0.02896303713513572,0.04792359787676174,0.018939026885019968,0.04191565188367409,0.025980597995197946,0.05827599944011973,0.08146796300483433,0.2157261754793975
4720891855,0.1632374000021534,0.06423549425584375,0.061823702315966275,0.023897197368562724,0.04887108756742789,0.01843836471892933,0.0611723031536333,0.0331406053167092,0.028650796214348007,0.05842673643636208,0.018217642688717336,0.05122904486579024,0.024317107572380675,0.07248296133596047,0.06175910074614813,0.21010045544106726
4720894817,0.17202859696157285,0.06679802319196357,0.05899738363642236,0.026599696372621856,0.04408518793673352,0.019256651269959197,0.0575169309947565,0.03782421912852482,0.03239768726380051,0.052095782594183696,0.019208200092595586,0.04767595852579218,0.026045199565016098,0.06312111717648072,0.06634581220323656,0.21000355308633997
4720899343,0.16880928539896853,0.06194752199145105,0.06566211225599447,0.024650882349774438,0.04831659075982213,0.020844773194655296,0.060214046534664126,0.035320908298071635,0.031170257437255725,0.05892739860245271,0.019687328402080168,0.05088450316009346,0.023956415474229355,0.07325818017377822,0.05854517264769535,0.19780462331901333
4720906067,0.17248619141445135,0.08294841564650021,0.05251030933385015,0.025819094070652585,0.03964921347588746,0.01973577957944378,0.05155743617903248,0.0341096288639814,0.02915684184459016,0.05026540478266955,0.017760048235838797,0.04330996909891577,0.022852805323169356,0.058448270292968126,0.07511547530604994,0.2242751165519989
4720907573,0.16969217351981652,0.07658516101941276,0.056558674375787335,0.026292838915985658,0.04528570044252075,0.019450455979413632,0.05527202644357592,0.03239768726380051,0.026745049904712683,0.05734466014190812,0.016037339707354888,0.04751983806539832,0.022675151006169448,0.06653423344853947,0.07302130775111168,0.20858770201449228
4721555530,0.16747418628939353,0.05986412136481582,0.07182079524532446,0.027961712802954446,0.045221098872702606,0.018535267073656558,0.06344412502557145,0.04114581651000786,0.03047579056171065,0.04629779170300505,0.020220291353079883,0.045366452404793436,0.025576838183834532,0.059638015870452324,0.06470923910117682,0.21224845763752054
4721556302,0.17366517006363255,0.07696738697417012,0.05501362016430333,0.027697923059530345,0.041178117294916924,0.02113548025883696,0.05079298426951775,0.03672060897746482,0.03328057538464852,0.04783207898618602,0.020031870107776954,0.04141498971758348,0.026621230229227903,0.059686467047815925,0.07580994218159501,0.21215155528279336
4721557946,0.17406354641084446,0.08410586043907532,0.04963015601279111,0.02658892944431883,0.04647006255585344,0.01997265200211032,0.0489626064580036,0.03286066518083056,0.02782174273501513,0.04907565920518536,0.017146333322566404,0.05058841263176028,0.023671091874199208,0.0574254121041808,0.07275213454353606,0.21886473507972912
4721559334,0.17026282071987686,0.07416260215123227,0.04818738762018584,0.02751488527837893,0.04675000269173207,0.019918817360595198,0.0474660034238832,0.03445417056967817,0.027697923059530345,0.04533953508403588,0.0184222143264748,0.05172970703188087,0.02666429794244,0.05636486966633289,0.07480861784941376,0.2302561452243289
4721559848,0.17511335665241612,0.0801852571576629,0.04876927063091074,0.025463142894157274,0.042052079284881465,0.019361316232672628,0.05038217385671719,0.03333981085632854,0.026648529602280088,0.04516776784557585,0.018124109340588158,0.04577017748413007,0.025923047026816942,0.05773416245627672,0.07789221401735978,0.22807358466122554
4988731805,0.16400723537581965,0.060714708700754766,0.04931253162785189,0.031057204690073968,0.045350302012338896,0.02248134629671501,0.05126672911485083,0.04306771321209772,0.03433573435834491,0.05091142048085102,0.019385854409595487,0.05149821807336585,0.02774637423689396,0.060434768564876125,0.06138764171969379,0.22704221712587616
4988734979,0.13985069406756154,0.07157157157157157,0.07759566795711376,0.021515491395009467,0.03217072494180928,0.013332609718151887,0.08823281112437739,0.026128538176730946,0.019079320284139563,0.09064486172919907,0.011704475559897249,0.03492046263130601,0.01909138053716367,0.0912358141273804,0.0716077523306439,0.19131782384794432
