2212300301,0.1892018476048968,0.0808811654123195,0.04302464549888562,0.0307611141617408,0.03506788548295057,0.02271283525523004,0.037199737286949405,0.042480915619582886,0.03705976721901009,0.03637606727176804,0.022685917934472475,0.03833564822291848,0.029899759897498844,0.04758982309936798,0.07914230649138107,0.22758056354102735
2212302177,0.1808628616342044,0.0841381612239844,0.04483348945379372,0.030664211807013574,0.03304908642613349,0.021307751111685348,0.041205034615674485,0.03911625052488776,0.033582049377133195,0.04318614942343099,0.019402004802050024,0.03703284989825253,0.0283816230067724,0.05456140917557631,0.08027821742735015,0.22839885009205724
2212304635,0.17949546173972028,0.06502686348611604,0.060725475629057786,0.02802631437277259,0.048058184480549535,0.019418155194504558,0.05736081053436265,0.03722127114355545,0.03533167522637467,0.0554873650096364,0.01899286152653509,0.04733680028424691,0.027078824682106442,0.06187215349332989,0.0635141100595411,0.19505367313759056
2213092852,0.17842799770510614,0.07030870735690012,0.05264464451211439,0.02925989672977625,0.04259345072598085,0.02107330420583433,0.04731563617105786,0.037749900701707924,0.035239860541065364,0.04772386248289863,0.019914824131691603,0.04423187254512555,0.029441943598570105,0.05900525177633612,0.07190299660179178,0.213165850214043
2213093218,0.1413913024753168,0.09256866608525251,0.03514325398107174,0.02661046330092488,0.028526976538863224,0.01589198617526406,0.037641181347373404,0.035940006675495545,0.024677799670531998,0.04240554712146172,0.012979532069295951,0.03181627313543719,0.020683269270109928,0.056332568881423815,0.07291363846808144,0.3244775348040957
2214646871,0.18345230789108172,0.06661498541081215,0.057856089236301776,0.030588843308892406,0.04294389353661294,0.0222121730891394,0.051363631469578036,0.03862097182294863,0.03759811363416131,0.051051390548790335,0.020796322017291688,0.04353607459327928,0.02919990955780225,0.06025711424787623,0.0655759768295703,0.19833220280586156
2215439862,0.16293592600966866,0.07596606264198887,0.05281178332633483,0.026190553097106925,0.03576235235849565,0.01839529700571724,0.04961938908448808,0.03419038082625408,0.030104331535256306,0.05694628379469621,0.017442423850899582,0.03537474293958676,0.02544225158004673,0.06483844224081313,0.0709594409810825,0.2430203387275644
2216540933,0.1532779913218558,0.0616998826404815,0.04885493717497335,0.028462374969045082,0.037770384487009694,0.016780257760263574,0.05207963220172917,0.03603152556607125,0.03264532661477007,0.05291406914521357,0.015762783035627767,0.0390893332041302,0.026696598727349075,0.05621951613424206,0.06401477222563175,0.2777006147916061
2216544555,0.16652669659872735,0.07980985604616858,0.04841349311454935,0.028871518244560013,0.03273146204119426,0.017695446666020652,0.04748753728048925,0.03585925471322286,0.0302335346748926,0.04707301054082281,0.016155775918688157,0.034970983128223346,0.027132659323621564,0.05379695726606157,0.07700507122323072,0.2562367432195269
2217335676,0.19003807437542375,0.05372659469045011,0.0573254055181766,0.031210556511761325,0.038371668492150415,0.026547749439315704,0.03829864914202264,0.046247326970218536,0.04230428206331821,0.03829864914202264,0.02685547384342565,0.03989985917696761,0.030047462577583055,0.06306785583894016,0.05640744797371304,0.22135294424451046
2257547988,0.13663111661146096,0.07753066647253667,0.03912932697557602,0.02771812324828013,0.03593831519431199,0.017629430107135486,0.04452250087965154,0.03786748201264272,0.02492143801793276,0.05373154248413594,0.011805530278212548,0.04039723850083112,0.021044904694305925,0.06790909863017022,0.06292238440165496,0.300300901491161
2258160457,0.17186170957287594,0.062227462127329686,0.0635948620218138,0.03732355696243418,0.040903560623189804,0.02220678962498789,0.04938251666182155,0.050583029167608776,0.03700593257749497,0.047116078254034896,0.0193051024473228,0.04498422645003607,0.028866134780408493,0.06392863679920756,0.05336089666978908,0.20734950525964446
2258171683,0.16173003003972994,0.09388761480237304,0.04466660206509685,0.03600460824531369,0.03197777705998256,0.017679296273566115,0.049102576525942916,0.04893568913724604,0.04535568547649041,0.05606877913799972,0.017167867179172458,0.03534244215467769,0.0360961271358894,0.04885493717497335,0.08555401229583212,0.1915759552957137
2258177045,0.17612002971672214,0.12907931996080838,0.03798572305307018,0.03464797527913262,0.01739935613768748,0.012258147872993314,0.04027369531746288,0.03835718207952452,0.034432636713072125,0.04390215015558211,0.011014567653993992,0.019574275654898412,0.03222541641095212,0.04197486998934074,0.1226514637639028,0.20810319024085616
2258183835,0.17413891490896566,0.07880853171398731,0.04569484371803568,0.036300698773646875,0.03238153687134598,0.02127006686262476,0.044090571400885036,0.046292408238853534,0.04303541242718865,0.04906489227688233,0.019681944937928655,0.035326291762223155,0.034260365860223733,0.05025463785436653,0.07887851674795697,0.2105203656448852
2423863366,0.15363868342000714,0.06922596552429558,0.04103814722697762,0.028193201761469475,0.03557393111319272,0.01990266696814066,0.042174058162946684,0.039837634721190396,0.03192394241846744,0.03864788914370619,0.01950967408508027,0.03668292472840423,0.029905143361650358,0.05602571142478762,0.08101575201610732,0.27670467392357634
2423864888,0.13721911775789486,0.06229744716129936,0.03619302949061663,0.02831702143695425,0.039040882026766574,0.018293011186838508,0.04469890285000592,0.04080127480431108,0.0305403921315288,0.035665450003768424,0.01728091992635421,0.041048914155280634,0.029302195376680988,0.05415226590006137,0.0809188496613801,0.3042303261302583
2440618445,0.1605941191037609,0.06811697190908406,0.046674634193610905,0.02500619098377424,0.04837580886548876,0.02156615739095793,0.056058012209696695,0.036451435769889205,0.029070706418165962,0.04277162268376455,0.01971962918698924,0.0505076606694876,0.026448959376379512,0.05893278206660421,0.06852611518459899,0.24117919398774726
2440618667,0.16018497582824595,0.05207963220172917,0.07127706536602173,0.024688566598835015,0.05242417390742595,0.01999418585871637,0.0651829839465099,0.03452953906779935,0.02940986465971123,0.05802297662499865,0.01932663630392885,0.05339319745469815,0.024451694176168482,0.07599297996274641,0.055481981545484886,0.20355954649697988
2441447770,0.1454450509814055,0.06049937013469427,0.0644777501426618,0.02121084875695813,0.056800930262605374,0.0173186041754148,0.06561366107863087,0.03061576062964997,0.02512462719510751,0.05179430860169903,0.01536440668841586,0.053990761975516006,0.021113946402230903,0.07472248242298955,0.06820849079965977,0.22769899975236066
2441448298,0.17522099120341958,0.0665934515542061,0.05516435716054568,0.03143943064483134,0.038782475747494,0.022685917934472475,0.047315266427640855,0.04255628411770406,0.03801802383797926,0.0463623932728232,0.022314458908018128,0.041188884223219965,0.030884933837225573,0.05966493319120988,0.06877913799972006,0.21302905993948987
2441448480,0.17420351647878374,0.08852030104331535,0.0479074474843072,0.026319756236743215,0.03680136093973751,0.017049430967839185,0.047352950676701436,0.03277991321855788,0.02534534922531951,0.04197486998934074,0.01569818146580962,0.03888476156637273,0.02334270056095697,0.0526233620810319,0.09318776446267645,0.2380083336025065
2450161544,0.140373827750681,0.056122613779514836,0.038405633256888144,0.029070706418165962,0.03844870097010024,0.020371028349322223,0.04268010379318884,0.0416034109628864,0.03305985335443652,0.03387813990546637,0.01917589930768651,0.038217212011585205,0.029496000086135427,0.05572423743230294,0.07708582318550339,0.30628680943613595
2450162628,0.1351249502029566,0.08838571443952754,0.03133176136180109,0.024160987111986817,0.028957653670984206,0.014879894914779762,0.036860579045404136,0.033307492705406075,0.024268656395017067,0.034421869784769105,0.012764193503235462,0.031487881822194946,0.023213497421320672,0.0499316300052758,0.09578797764785683,0.3351152599674839
2450216244,0.1895948404879572,0.07515315955511052,0.04888185449573091,0.033215973814830366,0.03528322404901106,0.024031783972350527,0.037436609709615945,0.04221174241200728,0.04175414795912874,0.040381364600493116,0.02337500134586604,0.036069209815131835,0.031956243203376505,0.051821225922456575,0.07395803051347481,0.21487558814345856
2456918469,0.167038125693121,0.05025463785436653,0.05774303648912003,0.027579486848197082,0.06299729750099595,0.021679210138139688,0.05440528871518245,0.035966923996253106,0.031197174758013282,0.05019003628454838,0.02043562991914037,0.06114538583287574,0.02636820741410683,0.06721254993163,0.05363006987736468,0.21215693874694488
2456918629,0.15017173250643326,0.06553290911635819,0.04844041043530691,0.029092240274772006,0.035417810652798865,0.021808413277775985,0.0412965535062502,0.04054825198919,0.03523477287164745,0.04869881671457949,0.019062846560504755,0.03862635528710014,0.02799401358786352,0.07284365343411177,0.06858533329026562,0.25664588649504183
2457745660,0.16517006363254627,0.05683861451166596,0.04474197056321802,0.026815034938682345,0.049818577258094035,0.022249857338199983,0.04333688641967332,0.03808262540779741,0.033711252516769485,0.03754427899264618,0.022325225836321155,0.048321974223973635,0.027767908093500004,0.05282793371878937,0.07162160707171851,0.2588261894764043
2457745846,0.17790733981502418,0.06062318981017905,0.0612153708668454,0.027455667172712292,0.04559794136330846,0.022190639232533352,0.047449853031428665,0.03698439872088892,0.03249997308267924,0.04431667689524856,0.02196453373816984,0.043659894268764064,0.02643280898392497,0.06410090765205595,0.06441314857284365,0.22318765679339345
2457746116,0.18843201223123052,0.07608988231747364,0.05902430095717993,0.03286604864498207,0.03335056041861817,0.0174962584924147,0.052375722730062337,0.036634473551040624,0.0361822625623136,0.04939328359012457,0.01662413729986972,0.03174090463731602,0.029533684335196007,0.057543848315514075,0.0854086587637413,0.19730396115292267
2477058053,0.13551539491298528,0.060595716198125836,0.03457831325301205,0.02427041499330656,0.04082998661311914,0.0164524765729585,0.04261044176706828,0.03459170013386881,0.026706827309236948,0.035441767068273095,0.016244979919678715,0.038427041499330655,0.02663319946452477,0.056044176706827306,0.08155957161981257,0.3294979919678715
2477060887,0.11064803018721413,0.10182724857132458,0.06764216988801126,0.02432084834807508,0.02148776374379694,0.011065409674953593,0.08337883255074678,0.02698406920734297,0.013995559276380446,0.0712881738434099,0.006375957000206264,0.024787973646853274,0.012794379936665087,0.09616714592509007,0.07552263434402262,0.251713803855907
2477062839,0.19554062752137216,0.1163389449445638,0.03417734141985549,0.031253682903170245,0.02144469525959368,0.017133998748946118,0.028280163543564774,0.037604141169644716,0.03607658625472545,0.03085932896371037,0.015456861305266212,0.021739327513213124,0.029368036480005806,0.03549638735529023,0.12243103338863355,0.22679884322844426
2477871254,0.10105072859413483,0.07733046991591745,0.06474235309819336,0.021760759048277702,0.018484815394508546,0.009985561581674128,0.10495152816704886,0.02747546075540834,0.015530399543794513,0.06353510719615622,0.007704534148679309,0.0204928475230226,0.013231172423834313,0.10657736686928987,0.08453147939188779,0.2626154163481721
2477871906,0.14768800889342906,0.06902422658213904,0.06804775210567958,0.024647217298120163,0.04389127582649801,0.01530310769261585,0.08283508097226812,0.029769952628468987,0.02494266342176687,0.06787248745605864,0.014086270268104837,0.04349567847449649,0.02263417760818837,0.07971537020901562,0.06998067081292753,0.19606605975022284
2477873668,0.13554636957873334,0.12532977096671202,0.0467602628085564,0.02619683755944279,0.02110954277360488,0.013241249516896036,0.05363714271311186,0.031137100704071517,0.02127757893498681,0.059585622826032164,0.01042664381374872,0.024709717531212715,0.018639411201290517,0.07259582262102805,0.08477844432121792,0.25502848212935425
2478873975,0.1737217930016028,0.10546670988888288,0.047526428584292325,0.0279008410322906,0.02677976479910674,0.01381309993336575,0.05915590613575378,0.031034451708178007,0.027680227637005426,0.053910710104993965,0.013664523565112469,0.028738271471536368,0.026662704630179914,0.05221333765555496,0.10645721901057144,0.20527401084157254
2478874181,0.15529989996085425,0.10446116596349296,0.02653212126484276,0.028634393168341238,0.022081104200194282,0.017253128035608137,0.028830121931770408,0.03797138010525857,0.02583619677265017,0.032585214504226294,0.014230206022646543,0.026329143287953258,0.021885375436765112,0.04646745828077654,0.09195627274440724,0.31964681832021224
2478925841,0.18423234221288826,0.09525717549095465,0.0518449946575292,0.02870196381857706,0.029696768726281277,0.019177627942964518,0.04397406138314727,0.035964960760473084,0.03149294425408054,0.0443194797538779,0.017243285066872997,0.031635717180649205,0.02462602704395564,0.057643417707527365,0.08211746066836152,0.22207177333185954
2479686758,0.1234363435615574,0.07861051456581612,0.0251034348875866,0.025503828000825048,0.025054902389012243,0.013510234290636868,0.03609604581467865,0.03555612176803892,0.02248874652689307,0.03333575995826205,0.010264623448476687,0.02632888047658913,0.021178369065385408,0.05413800215969618,0.07143983790145476,0.3979543551850908
2479688606,0.09840973552156312,0.056168335313083316,0.03230224721824925,0.028722536019328827,0.03748595993632477,0.01456530346739069,0.050802808820796255,0.04218887622926312,0.01653697284106244,0.04039902062980291,0.008743222386528002,0.03788999054568374,0.018456118235517526,0.06966295766567275,0.05445524552940131,0.393210669640332
2479738318,0.14678494196566486,0.09363608279270927,0.04015622931285582,0.027622578224987863,0.029665916412904364,0.014122423760977975,0.043788340173882334,0.03407917383820998,0.02231342954234521,0.04561101549053356,0.012061432543360256,0.03223443223443224,0.02132927313650205,0.0577386468952734,0.08516704179354782,0.2936890418818129
2479738524,0.15346582705444134,0.1152586175517781,0.05922784794768196,0.023853723049296886,0.01988619129084313,0.012042126208762542,0.0678302333199869,0.02762712481345321,0.022737475582086653,0.06028342979167425,0.009506303158252344,0.0214149649959354,0.01925526880937648,0.08040621701306737,0.09622174498598624,0.2109829044273772
2479739062,0.1496448079422312,0.07438513176794771,0.04875462922248605,0.028469107573847706,0.027946335219222386,0.015306969972346809,0.050894575870391534,0.03632046433910826,0.025298273385512854,0.04667819697280606,0.013039994527990309,0.029822452828345013,0.023412384330509385,0.06295254008735672,0.07129246914665963,0.2957816668132384
2479739604,0.13812171763978992,0.08716404077849861,0.031116774791473588,0.02935588507877665,0.027919369786839662,0.015268767377201113,0.03644578313253012,0.04033055298115539,0.023455359901143037,0.03954278653073834,0.01259654000617856,0.03307846771702193,0.019145814025332098,0.05594686438059932,0.07122335495829472,0.3392879209144269
2598486281,0.12370123927344767,0.06534448787105526,0.04504344455570271,0.025404567330986144,0.030018196108832114,0.01373321705050766,0.05931500802136159,0.03632223263025292,0.023461136772290232,0.044052887151824455,0.012597306114538584,0.030793414946649875,0.021323901504139885,0.058125262443877376,0.08469804149574167,0.32606565672879184
2598688979,0.14109610648030188,0.13429549011756994,0.027378395758259625,0.024696975212026358,0.01892767444399956,0.012636649316298426,0.029889952559482645,0.0305148084786275,0.018029823220373945,0.03614457831325301,0.009287906914667734,0.022889139640131523,0.01639185139348936,0.045948143025273294,0.09743505745034518,0.3344374476759
2598690365,0.08667904245380313,0.0869277715089967,0.024314781785753286,0.02443611303218918,0.018072289156626502,0.009724699401836958,0.03989978039044395,0.03123066283259928,0.01378322959511763,0.03908079447700166,0.006697484803261385,0.021396765308970014,0.01657384826314321,0.054192601220592336,0.08894187019983256,0.4380482655698322
2598705467,0.13484148072653152,0.09489923439983497,0.038546936992683724,0.025892087989419915,0.024053919605916112,0.012278722139312538,0.041816814084131085,0.03360268870042102,0.02038971596355209,0.03963285164828498,0.009985561581674128,0.027748456059889102,0.01795095791019061,0.05528458243851538,0.08800761960227617,0.3350683701573666
2598708251,0.13687984566665454,0.10072920079107972,0.03743068952547349,0.02366565961732125,0.019182470061514943,0.011441536538904864,0.03445200742547228,0.03053300816559288,0.01999538941263544,0.03639937393076839,0.008887513801429282,0.022883073077809728,0.016058190465790656,0.04781664422038608,0.0860299202853711,0.3676154770137954
2598709673,0.11365097853650252,0.10657130030696806,0.02637741297516349,0.028415777915286523,0.02219755153544692,0.01199966027250998,0.035750251762336364,0.03402128150062485,0.016494982952959876,0.04389764496050668,0.007194942913648552,0.02745726106844296,0.015918659532389374,0.0590761838896371,0.07844671738312768,0.3725293924944491
2599306614,0.14358237238498228,0.07880853171398731,0.031837806992043235,0.028446224576590545,0.029732872508801963,0.017539326205626798,0.03752274513604014,0.03956846151361478,0.029334496161590055,0.027870193912378737,0.017722363986778213,0.03148249835804344,0.027590253776500102,0.04695457432948954,0.09460899899867567,0.3173982794448572
2599308690,0.14875049797043402,0.07385036123044457,0.03907856627582717,0.027579486848197082,0.0327906801468609,0.0193051024473228,0.0380341742304338,0.0382548962606458,0.028618495429438937,0.03226848412416422,0.018874425315201827,0.034540305996102375,0.026454342840531025,0.05207963220172917,0.08719058539789183,0.3023299632847745
2599310734,0.1487451145062825,0.07171312596229422,0.04000452210988728,0.028096299406742246,0.03336671081107271,0.019665794545474118,0.038917062351281805,0.039385423732463364,0.029280661520074937,0.03638683420007106,0.01801307105095987,0.03582695392831379,0.025840627927258632,0.05572962089645445,0.07817328294410886,0.3008548941072601
2599312272,0.16630059110436385,0.08322297231822734,0.055982643711575526,0.028790766282287324,0.037603497098312816,0.015983505065839766,0.05807142780236225,0.034211914682860126,0.02666429794244,0.05195042906209288,0.014066991827901418,0.03801802383797926,0.02594291374613736,0.05743079556833231,0.08615696028080147,0.21960226966848628
2599500042,0.14609495383346074,0.10694742717091933,0.024144918040743032,0.025200499884735317,0.0232652665040828,0.01119280748371128,0.03274730341304796,0.03201931593443259,0.020589912520171318,0.03057547410184545,0.009324306288598502,0.023331998689622536,0.022937672138705883,0.04417670682730924,0.1166478603234691,0.3308035768451449
2599504754,0.15509773231900412,0.0626493890971742,0.05080139288270909,0.028828304153168567,0.043096858734029776,0.019030806003470072,0.04722212111285019,0.03730329171671581,0.02916196508086728,0.04469236462466178,0.016725512321188074,0.04412817432873488,0.02526116550795326,0.06283745252914984,0.06465135466336645,0.26851211492495664
2599517698,0.17230856962593574,0.053852873730571835,0.06362003906866136,0.030969800652762107,0.04397651027069001,0.023204600880864845,0.052281634089227,0.0451473567987964,0.04324245622975285,0.05165071160776034,0.023877989298584062,0.04556594959900023,0.031066865649910826,0.0656523374464626,0.055496912119778204,0.1980853929312416
2599531978,0.11709678593528193,0.0584998604690666,0.03461580460816074,0.025352163942780184,0.04223540688433492,0.015894393283102198,0.04787730984360403,0.03759448670816196,0.024132784916099444,0.032753369975369755,0.01673157888350987,0.04225360657130031,0.02932576226355573,0.05328261687232313,0.08856574333588127,0.33378832550746795
2599535370,0.13112874458559312,0.09367378881083245,0.03803734575765297,0.026353146725876315,0.023052936822819985,0.012770113687377913,0.04249020250185031,0.03379681869471845,0.01921886943544571,0.03891699729431321,0.009748965651124132,0.027123600140744247,0.017459566362125242,0.0583906623472743,0.08554459529962752,0.3422936458826242
2849497539,0.12931619238347491,0.08262002433325795,0.03348514702240598,0.02712189239531854,0.02564143975365268,0.01356094619765927,0.040096041000462976,0.03414192964889048,0.022395210870290814,0.04750368767294378,0.010799229087933505,0.02790249469728781,0.02040332913423129,0.06237281565942052,0.06645886495041829,0.35618075519235115
2849497641,0.15215823077834126,0.09917956006330954,0.03668292472840423,0.029921293754104888,0.02452167921013814,0.014169277646780146,0.04299772817812806,0.03317828956576978,0.022976624998654133,0.04936636626936701,0.01081537948038804,0.028365472614317863,0.022890489572229937,0.0601117607157854,0.08947317419813301,0.28319174822614857
2849497777,0.15714870204679307,0.07702122161568527,0.04095201180055342,0.029205293021953762,0.03835718207952452,0.016360347556445626,0.0505076606694876,0.03516478783767779,0.02636282394995532,0.04593171614070222,0.013824735941083369,0.03905703241922112,0.023875663511956673,0.05367852105472829,0.08259849047665192,0.26995380987758
2849497989,0.15793468781291387,0.104008527407216,0.04093047794394737,0.0320423786298007,0.022906639964684474,0.013598630446719856,0.04682537118985325,0.03722127114355545,0.024096385542168683,0.041350388147765316,0.011068402295509112,0.025544537398925458,0.02262669982880584,0.04940943398257911,0.08864412071880012,0.2817920475467554
2849498069,0.14679091701928354,0.08543019262034734,0.04017140949858415,0.03161170149767973,0.02839777339922693,0.016861009722536256,0.04266933686488582,0.037931888411555065,0.024968506734713646,0.04785361284279208,0.013550179269356243,0.03202622823734617,0.024274039859168574,0.06362177934257136,0.07364578959268708,0.290195635087266
2849498245,0.15545291083906673,0.09093747644734433,0.03940695758906942,0.03136406214671016,0.0281609009765604,0.015612046039385425,0.04434897768015762,0.0381687608342216,0.027681772667075808,0.04704070975591373,0.012667291148508245,0.03185934084864929,0.023940265081774825,0.056881682224878063,0.08540327529958977,0.27107357042109453
2849498351,0.13496882974256275,0.08095653391044069,0.045678693325581145,0.03078803148249836,0.030443489776801575,0.015493609828052157,0.05270949750745609,0.03792112148325205,0.021280833790927788,0.05122904486579024,0.011741335314448141,0.032456905369467146,0.021663059745685158,0.06873607028650797,0.06656653423344853,0.29736640933708025
2849498613,0.16730729890069662,0.09744070114237108,0.047789011272973934,0.02459704770825931,0.0320854463430128,0.013910871367507564,0.052897918752759024,0.02679350108207629,0.020306426779504075,0.05358161870000108,0.012495020295659852,0.03459952410176901,0.021340051896594416,0.060822377983785016,0.09503967613079664,0.2389935075422333
2849498673,0.1629682267945778,0.09173961260591966,0.05669326097957514,0.028553893859620788,0.029162225308741668,0.012096643948447948,0.06489766034647976,0.030965685799498262,0.024031783972350527,0.06141455904045135,0.010626958235085112,0.028763848961529764,0.023197347028866132,0.06237281565942052,0.08513948555616567,0.2273759919032699
2849498731,0.13056515606662575,0.08863873725464862,0.03875017496258493,0.029356030018196113,0.027046523897197368,0.014250029609052832,0.051078307869547895,0.03489561463010218,0.02078555508898866,0.05036230713739677,0.010826146408691064,0.030707279520225682,0.02109779600977637,0.06420319347093467,0.08208167791810675,0.3053554701379244
2850329510,0.1402876923242568,0.09361844159479742,0.034303433573435835,0.03006664728619572,0.02513539412341053,0.01458380438644659,0.04083357558922015,0.03406117768661778,0.021759962100412374,0.04605015235203549,0.011380643216296824,0.027767908093500004,0.02141542039471559,0.0602032796063611,0.07880314824983581,0.319729319422462
2850329796,0.1363523800295014,0.11662736737836064,0.02780559234256059,0.029980511859771526,0.01970347879453471,0.012672674612659756,0.035616998826404817,0.03262917622231554,0.022196022696684862,0.051546669250729454,0.008258234008419737,0.02457013038750175,0.02174919517210935,0.06358947855766227,0.08055277409907728,0.31614931576170635
2850330306,0.14495515574361786,0.09506120998740268,0.037931888411555065,0.03198316052413407,0.025415334259289168,0.01502524844687059,0.04272855497055245,0.03668830819255575,0.024532446138441164,0.047083777469125836,0.011213755827599944,0.0297059551880444,0.02418252096859287,0.059530346587422074,0.08252312197853073,0.2914392153062653
2850330452,0.13748290750131895,0.10469222735445803,0.032063912486406755,0.03013124885601387,0.0231381289231995,0.013679382408992538,0.03925083712867556,0.03428189971682979,0.02192146602495774,0.04890877181648848,0.00977637089914618,0.026422042055621955,0.022497496689169547,0.059336541877967636,0.08966159544343594,0.3067551708173175
2850330508,0.14996177740452427,0.10095610323330856,0.03725895539261604,0.03211774712792188,0.02612056806313727,0.015482842899749131,0.041334237755310796,0.03928852137773615,0.0278109758067121,0.044311293431097035,0.011795169955963265,0.02956598512010508,0.02286895571562389,0.053958461190606925,0.08955930962455722,0.2776090959010304
2902582615,0.1028869576667325,0.06560668905128711,0.021594575021397062,0.017430377246691685,0.014895648166436237,0.011505036539601029,0.02612087695042465,0.023915333465007568,0.017776022121271974,0.01965238001185068,0.010566857594311672,0.016459279741918492,0.018171044835078014,0.027783264204358414,0.11016195931266047,0.4954736980709724
2902584245,0.09910727246334736,0.07187182464798955,0.030949097595200082,0.024870566603764452,0.021259737746165384,0.01116514249770165,0.04075337494556539,0.03264866695698457,0.017189238883243814,0.04195093627522137,0.00916315865873131,0.022493588813083658,0.01810857889388881,0.064123965742488,0.0790934823631877,0.4152513669134369
2902585749,0.11922388348575025,0.05793051724972177,0.03242488024386704,0.02453791067886002,0.024931049499201625,0.014606619248076644,0.039065902162868336,0.03563652199158078,0.024271785938936467,0.03290269511782068,0.01297962936081676,0.025052015290075967,0.021556103933807517,0.055910388542120285,0.070686359897421,0.4082837373590749
2902591727,0.13757439396138774,0.10133304301543523,0.07856123288334059,0.01876784245415396,0.014334446218609378,0.0061450621764165105,0.08747036338123577,0.01550781439009048,0.01284051870131127,0.09143199303237044,0.005788213093337205,0.016215464266705375,0.016523927033434943,0.10467774713311076,0.10218585184109934,0.19064208641796096
2902651005,0.1829002758020032,0.06240625151207239,0.05619465815067498,0.03206803116078773,0.03992475927807616,0.02307422460928049,0.04503556394251706,0.04415251366913437,0.04294285576039096,0.047714956210383706,0.024181061595780717,0.0427795519427106,0.034953065273140765,0.06104538636473605,0.05973895582329316,0.2008878889050177
2902685959,0.16552353994290414,0.07478710020806115,0.05656360381284173,0.028215270721439974,0.03684617990032419,0.02099966129578555,0.05019475492330769,0.03827357623264141,0.03555789422751246,0.04690448541152562,0.0206609570813374,0.038600183868002125,0.02768302124159288,0.06566627957613587,0.08058136159094206,0.21294212996564568
2903432858,0.1608542604151546,0.09199448395993612,0.06688198577442299,0.023727439880001932,0.022923017370687568,0.008933323656070065,0.08215391687230851,0.024634683311559488,0.02165892485605071,0.07291817873905258,0.010935307495040405,0.02432017225528621,0.02404195093627522,0.06738399380655151,0.11205666037644554,0.18458170029515653
2903435370,0.13499177432622053,0.09651255624909276,0.08223859292592055,0.018562200609667585,0.015489669521459332,0.0063386074418154545,0.08923646392800115,0.01597958097450041,0.01257439396138772,0.09397832293027532,0.005739826776987468,0.017056176513282045,0.016173126239899357,0.10854865244108966,0.09777060047418588,0.18880945468621474
2903470430,0.13730826922146416,0.06324091546910532,0.06725697972613345,0.02799753229786616,0.032503508007935354,0.01976581022886728,0.05608578893888808,0.04176948758890986,0.03382808341800938,0.05741036434896212,0.018144868631151112,0.03728165674747182,0.02849954032999468,0.09001064498959695,0.06981540620312576,0.21908114385251848
2903479300,0.14749358881308364,0.05583780906759568,0.054501137078434216,0.031172884308317605,0.04080176126191513,0.02100570958532927,0.05314027193109788,0.042035612328833405,0.03140876760052257,0.05072095611361107,0.019475492330768857,0.045180722891566265,0.028602361252237862,0.0714302995112982,0.06263608651473364,0.2445565394106547
2903521994,0.17794067837615524,0.0709282914791697,0.05913412686892147,0.030410799825809263,0.04123118981951904,0.02127788261479653,0.050430638215512656,0.03886026031838196,0.035727246334736534,0.05130764019935162,0.020050079837421974,0.04222310930468864,0.02851163690908211,0.06375502008032129,0.06567232786567959,0.2025390719504524
2903524322,0.18418856147481488,0.07508951468524701,0.05470073063337688,0.02884429283398655,0.04395292011419169,0.021465379590651763,0.044823873808486965,0.03830986596990371,0.03615667489234045,0.045217012628828566,0.021223448008903082,0.044539604199932255,0.027912856244254124,0.0580454347510524,0.07049281463202206,0.20503701553200754
2903526246,0.17196496830696278,0.06936178448734698,0.05566845696037161,0.02888663086079257,0.03870905307978904,0.02002588667924711,0.05081772874631054,0.038775584264769916,0.03577563265108627,0.05306164416702956,0.01917307785358301,0.03963444137997774,0.028033822035128463,0.06752915275560073,0.07123070595635554,0.2113514298156481
2903530486,0.17035007499879035,0.06451710456282964,0.05724706053128175,0.02855397493588813,0.039658634538152604,0.022269802099966127,0.050122175448783085,0.039737262302220924,0.03620506120869018,0.04664440896114578,0.021725456041031595,0.04125538297769391,0.028892679150336286,0.06611385300237092,0.07303914452992692,0.21366792471089174
2903532388,0.17553950742729954,0.06827914065902163,0.05984177674553636,0.026122562539313884,0.04894880727730198,0.018096482314801373,0.05673900420960953,0.033670827889872745,0.02831204335413945,0.05289229205980549,0.016947307301495136,0.05021289979193884,0.02465887646973436,0.0636159094208158,0.06657957129723714,0.20954299124207676
3118035379,0.17235698827481508,0.10174747246358086,0.04882801985421578,0.03017970003337748,0.026045199565016098,0.016118091669627573,0.040989696049614006,0.03785113644928238,0.02845160804074205,0.036979015256737406,0.01580585074883986,0.028871518244560013,0.023671091874199208,0.04949018594485179,0.09467898403264531,0.24793544149789504
3118036539,0.15562518169191514,0.11969055848057107,0.03775423409455517,0.027154193180227614,0.02165767628153364,0.014643022492113225,0.039988371717432726,0.03345822970164842,0.02537226654607707,0.040865876374129216,0.011709034529539069,0.024747784704501653,0.022427511655199888,0.047815928593731495,0.1018982094598232,0.2751919204970015
3118039171,0.16291439215306264,0.11141079061554528,0.03742584278131292,0.02718111050098517,0.024790852417713755,0.015768166499779274,0.038771708819190974,0.034136546184738964,0.02718111050098517,0.049479419016548766,0.014223112288295273,0.02914069145213562,0.023541888734562918,0.05863130807411954,0.08500489895237788,0.2603981610086458
3118040593,0.18142274190596164,0.07597682957029189,0.050017765431699994,0.031450197573134366,0.03521862247919292,0.023520354877956867,0.04404750368767294,0.04371372891027919,0.039552311121160234,0.0464108444501868,0.022185255768381842,0.03716205303788882,0.02906532295401445,0.052978670715031706,0.0794222466272597,0.20785555088988664
3118047559,0.16004500576030664,0.10641493588294196,0.05214961723569883,0.02734261442553054,0.02416637057613833,0.016898693971596844,0.04567330986142963,0.034696426456496225,0.026012898780107024,0.04241093058561323,0.014621488635507175,0.027665622274621274,0.02092552515692798,0.054809048526545855,0.09380147937594883,0.2523660324945896
3118869290,0.17448884007881393,0.09760758853106796,0.04382139819330943,0.029851308720135236,0.026831185331136882,0.017388589209384454,0.04093047794394737,0.03800725690967624,0.031197174758013282,0.03852945293237292,0.017345521496172356,0.029614436297468693,0.02671274911980361,0.04816585376357979,0.09458208167791811,0.2449260850371997
3118870690,0.14384077866425488,0.1057312359356999,0.038583287573888035,0.02864002928604498,0.024300957179926138,0.0148529775940222,0.04213637391388611,0.03541242718864735,0.022858188787320863,0.04265856993658279,0.012123561269205508,0.0276333214897122,0.0193051024473228,0.05205809834512312,0.07810329791013922,0.3117617924782239
3118872018,0.13680459101822842,0.09105052919452608,0.04144190703834103,0.026836568795288392,0.024236355610107996,0.013916254831659076,0.04736910106915598,0.03549317915092004,0.022583632115593742,0.0494040505184276,0.011138387329478774,0.027234945142500296,0.019838065398322512,0.06335798959914726,0.07913153956307804,0.31016290362522475
3118873464,0.14178429535837722,0.09379609591179731,0.03564929961131389,0.02638974127071288,0.024241739074259503,0.01307643442402317,0.0419102684195226,0.034066561150769295,0.022680534470320958,0.0450865122689148,0.010465454310539746,0.02691193729340956,0.020290276387049538,0.05432992021706128,0.08015439775186536,0.3291665320800629
369445762,0.15074815390594634,0.09500906853219328,0.03875178131882368,0.03173986267651249,0.03081141771386622,0.017829382044306258,0.042443969426091466,0.041035108174634016,0.02588310230167984,0.048414086453340235,0.013942868247182277,0.03578831454851665,0.021073541477738912,0.061525672582804336,0.06837025521440601,0.276633415381958
369446541,0.154294597745822,0.07839422204948827,0.05111305436800968,0.028895150494450926,0.04060327330828691,0.01976724100703891,0.050524679362611735,0.04032797858099063,0.029224424580040594,0.05452454981215183,0.017602668739474026,0.04475968389687784,0.02250399447251371,0.06600595932115559,0.06066200285011013,0.24079651941097724
369446910,0.18613702120309195,0.10630694822299952,0.0440039728807704,0.028441723884786455,0.02744310575635877,0.018806408429416596,0.03638208748974392,0.03833074232413525,0.031712872997365804,0.037073023275899286,0.016825365980049228,0.031216262901066636,0.024679362611737272,0.048430280260828254,0.09394567517381354,0.2302651466079371
369447268,0.14716932245109474,0.07023794101135726,0.0378233363561774,0.02989916655870795,0.03435246361791252,0.02027464697499676,0.04013365289113442,0.04155331001425055,0.030201450965150926,0.037369909746512935,0.017397547177959147,0.03708381914755798,0.026233968130586864,0.06060262555598739,0.07079392840177916,0.2988729109988341
369448297,0.1454743706006823,0.07921470829554779,0.03914583063436543,0.02790732823768191,0.032441594334326564,0.01918426393747031,0.040689640281556326,0.038341538195793924,0.02819341883663687,0.04158029969339725,0.01611823638640584,0.036484648270501366,0.02440946582027033,0.06559571619812583,0.06725288249773287,0.29796605777950513
369448727,0.16196506455931253,0.08800254782571144,0.047798721768795606,0.029936952109513318,0.03427149458047243,0.02011810683594593,0.045801485511940236,0.041116077212074095,0.0329759899814311,0.05844345122425185,0.016431316664507492,0.04001489830288898,0.02484669862244677,0.06664831368484693,0.0650775143585093,0.226551366757352
4257656589,0.12872638590616242,0.1037564153896553,0.036757301107754284,0.03218917967944285,0.021202635314672588,0.013692231160290709,0.04573581334401048,0.03806767856926194,0.015894393283102198,0.04856889794828863,0.00864485130855749,0.028433977602251907,0.015803394848275275,0.06446329123139082,0.0701415935645907,0.32792195974229243
4257657019,0.13936713621859034,0.10446620318130527,0.04130115628677854,0.02857957509797498,0.026729273589827587,0.012005726834831773,0.045038158677004086,0.03179485312852619,0.018278552275567527,0.047610381101445054,0.00957910190611388,0.030005217243596744,0.01924920224705469,0.05646149552894358,0.08345163129860833,0.30608233538383134
4257658009,0.17267256336524345,0.07008699450369453,0.05299748844319877,0.030660405974350574,0.03590191582038122,0.02262827746029435,0.04440116963321565,0.04251446875113748,0.04105242723158495,0.04570548053240151,0.02252514590082384,0.037394290151542726,0.03244397529695822,0.057917470486174315,0.07442458656377778,0.21667333988522064
4257658331,0.1667697982261372,0.1240248001067715,0.03853480386804014,0.031831252502456955,0.025036702702046856,0.01624625389776629,0.03507686334461714,0.03666023611060557,0.02759072543952244,0.04336985403851053,0.014238221769252237,0.02743906138147757,0.022986204637280242,0.05055873038983729,0.08105533918149942,0.2585811524041787
4257659425,0.1888581516397918,0.08432521627294676,0.04546281803952972,0.0329293002827018,0.03481600116477997,0.022221817784734102,0.0382375423142722,0.043042259673133625,0.03948118759024012,0.04126475691284776,0.01979519285601621,0.03696963078901709,0.03091520159186595,0.04955168104441937,0.07830718644972638,0.21382205559397716
4257660145,0.1853880779917252,0.10584331282835267,0.044352637134641285,0.02817311542241473,0.030363144420582636,0.0181996869653842,0.0384559385578568,0.03562892051590046,0.032510707482497965,0.0368482995425812,0.017714361979640617,0.03093340127883134,0.02538249675438916,0.04885402637741298,0.1013358570232592,0.22001601572452956
4257660395,0.15470947233040924,0.06465742122568825,0.041076693480872124,0.026268214853371188,0.03877139979859013,0.01846661570754316,0.04165301690144263,0.035301326150523546,0.03278370278697873,0.04363071621834771,0.01678011138208423,0.03974204977007729,0.024539244591659688,0.04630607020225919,0.06878268360450865,0.3065312609956442
4258414762,0.1820736399049652,0.09695237406080781,0.0419817407769215,0.03289434012325579,0.030005909523981814,0.017282342583547404,0.04008828105213647,0.03489634212525779,0.02930641484858352,0.04386314024868242,0.014508484388002459,0.03179685709806192,0.0277024011963771,0.04842794601830746,0.0958307705295657,0.23238901552154564
4258414830,0.13280667580501648,0.06520092345429623,0.04095423610610105,0.03144313782074405,0.0440324170935238,0.017014164442199938,0.051595603972777335,0.036216723180145724,0.021595363489887696,0.048078541711757204,0.01115239400716639,0.04775388981073997,0.026314840199119838,0.06640333790250824,0.07059976432676815,0.2888379866772479
4258415044,0.12382058353897518,0.04991048531475298,0.052033434944597674,0.0209089369526298,0.0256326510862728,0.015544104127352784,0.03612643344462186,0.03273939130014032,0.026279818067450524,0.03022330284995403,0.015477572942371898,0.02771326268931146,0.017884792180771276,0.05143465427976968,0.04929960807083757,0.42497096821019015
4258416242,0.14571882696950947,0.13988886057826472,0.03285043497251847,0.029337895388199326,0.021287567187177715,0.013807495844404808,0.0332811608973659,0.03420934493260049,0.02035938315194312,0.03686649922954658,0.011247406544607434,0.024927504580254552,0.018084422281270097,0.04164088377679904,0.10200317887865662,0.2944891347868817
4258416596,0.1511969327460901,0.13220252611655078,0.031176063771703125,0.030939467841153125,0.02017738628228928,0.015669930477195792,0.03146119220082748,0.036035380191460714,0.022549412150111015,0.03642970674237737,0.013225105861512515,0.024648442713452,0.020444315024448247,0.04326065591671823,0.09977068394423616,0.2908127980198741
4258417618,0.17189604338805373,0.07670561399677257,0.042447736565597735,0.04108276004319392,0.03061187347577622,0.0194615319283175,0.03640544049309018,0.056928620827721765,0.05268202720246545,0.038449871995535005,0.019473665052961088,0.03538625802302867,0.03906259479003628,0.0474465839187566,0.08131013479901479,0.21064924349967848
4258418616,0.161218893701695,0.12638469284994966,0.033293294022009486,0.03195258374889285,0.02370812555357381,0.018527281330761116,0.032371176549096686,0.038650068552154235,0.026116550795326317,0.036860432667224795,0.01583372765988425,0.028652373845836517,0.022464480277605888,0.04286632936580158,0.09206614979555684,0.2690338392846309
