11285208,0.2269066666666667,0.572704,0.004576,0.13786666666666667,0.04297066666666666,0.0,0.00037866666666666664,0.0017706666666666667,0.000672,0.011749333333333334,0.0004053333333333333
11285271,0.14066133333333333,0.4511306666666666,0.020837333333333333,0.2822453333333333,0.065008,5.333333333333334e-06,0.008384,0.001957333333333333,0.0002933333333333333,0.02837333333333333,0.001104
11285322,0.3652,0.009802666666666666,0.12301866666666668,0.284896,0.02448,5.333333333333334e-06,0.036565333333333325,0.002608,0.0007093333333333332,0.15184,0.0008746666666666667
11285399,0.21693866666666667,8e-05,0.16562666666666667,0.459552,0.016848,0.0,0.0025813333333333326,8e-05,0.0,0.137344,0.0009493333333333332
11285515,0.570928,0.054821333333333326,0.08615466666666667,0.13765333333333332,0.030501333333333325,0.007392,0.014048,0.035472,0.02366933333333333,0.03185066666666666,0.007509333333333333
11285634,0.2341226666666667,0.025216,0.12927466666666668,0.5056,0.04900266666666666,0.00013333333333333334,0.002485333333333333,0.016453333333333334,0.0008106666666666666,0.03634666666666666,0.0005546666666666666
11285738,0.7209866666666666,0.09448533333333331,0.013104,0.008757333333333334,0.032416,0.003904,0.022416,0.061696,0.021344,0.015472,0.005418666666666665
11285844,0.6831786666666667,0.11184,0.013978666666666669,0.009957333333333332,0.040736,0.00568,0.02266666666666667,0.06274666666666667,0.024058666666666662,0.01744,0.007717333333333333
11285923,0.8479839999999998,0.006416,0.08554666666666666,0.003744,0.01778133333333333,0.012602666666666668,0.001002666666666667,0.003242666666666667,0.018128,0.001616,0.001936
11285970,0.802208,0.04336,0.06214933333333333,0.009504,0.016624,0.0033333333333333327,0.009338666666666669,0.022330666666666662,0.011232,0.013237333333333334,0.006682666666666666
11865124785,0.0053983739837398384,0.0,0.8486829268292682,0.0,4.878048780487805e-05,0.13778861788617885,2.4390243902439026e-05,0.00025203252032520324,0.007422764227642275,0.0,0.00038211382113821136
11865424513,0.10646933333333332,0.02617066666666666,0.13186133333333333,0.4030453333333333,0.20445866666666668,0.000272,0.008064,0.008762666666666667,0.00037866666666666664,0.08757333333333332,0.022944
11865424963,0.234512,0.01631466666666667,0.10073066666666666,0.497088,0.08406933333333333,0.0,0.006176,0.002762666666666667,4.8e-05,0.057509333333333336,0.0007893333333333333
11865430103,0.21400573065902576,0.035501432664756444,0.02532951289398281,0.4981489971346705,0.011616045845272208,5.730659025787965e-06,0.0008538681948424069,0.0021318051575931235,9.74212034383954e-05,0.2123037249283668,5.730659025787965e-06
11865430733,0.38936,0.008096,0.290208,0.004298666666666667,0.039477333333333336,0.10757333333333334,0.001632,0.000768,0.004645333333333333,0.015056,0.13888533333333333
11865559554,0.09497159090909091,0.001,0.16918181818181818,0.0019090909090909087,0.0060852272727272725,0.21886931818181815,0.001034090909090909,0.0018636363636363638,0.022392045454545456,0.004914772727272728,0.477778409090909
11865559784,0.08076113360323886,0.007481781376518218,0.03327935222672065,0.15604048582995952,0.015408906882591094,8.097165991902836e-06,0.01667206477732794,0.004955465587044535,0.00877732793522267,0.674412955465587,0.0022024291497975707
11865560484,0.1665144694533762,0.05678456591639872,0.04359485530546624,0.458636655948553,0.015620578778135047,0.0,0.009067524115755628,0.003562700964630225,6.430868167202573e-06,0.2459614147909968,0.00025080385852090033
11865564934,0.5066468646864687,0.14250165016501654,0.02201320132013201,0.020871287128712872,0.05465346534653465,0.021194719471947197,0.03695709570957096,0.04281188118811882,0.08816501650165016,0.03830363036303631,0.02588118811881188
11865565484,0.004111111111111111,1.01010101010101e-05,0.7821010101010099,0.14582828282828286,0.056363636363636366,0.0,0.0,0.0,0.0,0.010757575757575756,0.0008282828282828281
11865972686,0.092192,0.005296,0.17653866666666668,0.11351466666666668,0.2966933333333333,0.003472,0.011888,0.0013546666666666663,0.003445333333333333,0.2483626666666667,0.04724266666666666
11865972836,0.1710460704607046,0.008525745257452573,0.16975609756097562,0.4009647696476965,0.07446070460704607,0.0,0.003078590785907859,0.0010135501355013547,0.00010840108401084012,0.1683631436314363,0.002682926829268293
11865978146,0.172464,0.049952,0.06352,0.4902293333333334,0.023898666666666662,0.005306666666666667,0.01824,0.008816,0.025056,0.13678933333333335,0.005728
11865978416,0.15883449883449882,0.07482983682983683,0.2103776223776224,0.34633100233100234,0.02378088578088578,5.128205128205128e-05,0.01443822843822844,0.053417249417249416,0.00022377622377622378,0.08983216783216784,0.027883449883449884
11865978476,0.05664,0.06371733333333332,0.254592,0.13514133333333336,0.06681066666666667,0.008064,0.11941866666666667,0.0009226666666666668,0.002965333333333333,0.19706666666666667,0.0946613333333333
1428401613,0.22144,0.013050666666666669,0.13785066666666668,0.11712533333333333,0.054576,0.0,0.0002293333333333333,0.00012266666666666668,0.000128,0.4553813333333334,9.6e-05
1428403377,0.729232,0.001376,0.054842666666666665,0.02674133333333333,0.14406933333333333,6.933333333333333e-05,0.004469333333333333,0.0037546666666666666,0.00029866666666666664,0.02716266666666667,0.007984
1428403727,0.20705066666666666,0.0,0.5785173333333333,0.065024,0.10278933333333333,5.333333333333334e-06,0.0017226666666666664,0.00014933333333333332,6.4e-05,0.0044853333333333325,0.040192
1428404497,0.2975573333333333,0.0,0.6227626666666666,0.040725333333333336,0.02861333333333333,1.0666666666666667e-05,1.6e-05,0.005152,0.0049226666666666655,0.0,0.00024
1428409401,0.15738133333333335,0.21906133333333333,0.005829333333333333,0.435408,0.027930666666666663,0.0,2.666666666666667e-05,0.0002453333333333333,5.8666666666666665e-05,0.15405333333333332,5.333333333333334e-06
1428410597,0.085248,2.666666666666667e-05,0.19186133333333333,0.5948213333333333,0.034128,0.0,0.019274666666666662,0.0004533333333333333,0.0,0.07301866666666665,0.001168
1428412035,0.53696,0.0011733333333333333,0.2587466666666667,0.0005973333333333333,0.013189333333333334,0.102656,8.533333333333334e-05,0.002933333333333333,0.06424533333333333,0.0077066666666666655,0.011706666666666669
1428417521,0.141504,0.02291733333333333,0.08914666666666665,0.56632,0.015381333333333334,0.0,0.00805333333333333,0.004288,0.0,0.152224,0.00016533333333333333
1429277500,0.15917333333333333,0.009648,0.02885333333333333,0.264208,0.08271466666666667,0.0,3.2e-05,0.000688,0.000128,0.4536213333333333,0.0009333333333333332
1429278230,0.08894933333333335,0.014965333333333334,0.014261333333333334,0.6744373333333333,0.02666666666666667,1.0666666666666667e-05,0.0028853333333333326,0.003445333333333333,0.000256,0.17405333333333334,6.933333333333333e-05
1429280642,0.578512,0.015317333333333334,0.19395733333333331,0.00312,0.009408,0.09815466666666665,0.019546666666666667,0.017669333333333332,0.034997333333333325,0.01825066666666666,0.011066666666666669
1429286906,0.07941866666666665,0.10093333333333332,0.054704,0.6974026666666666,0.0066613333333333325,0.0,0.00022400000000000002,0.0003413333333333333,0.0,0.0015093333333333332,0.05880533333333333
1429287934,0.6251466666666666,0.001456,0.2546986666666667,0.019850666666666662,0.07401066666666667,0.00010133333333333332,0.002490666666666666,0.002288,0.0002826666666666667,0.01917866666666667,0.000496
1429288190,0.5501973333333333,0.0018453333333333332,0.191344,0.135712,0.092592,4.266666666666666e-05,0.003472,0.008543999999999998,0.0006026666666666667,0.014480000000000002,0.001168
1429294428,0.04202666666666666,0.009946666666666666,0.031536,0.8476,0.001328,0.0,0.0034933333333333327,0.003312,0.0,0.06075733333333334,0.0
2419777,0.151712,0.4517493333333333,0.01917333333333333,0.2717866666666667,0.060192,0.0,0.009157333333333332,0.0015093333333333332,0.000288,0.03357866666666666,0.0008533333333333333
2419784,0.695776,0.113568,0.012608,0.011216,0.02770133333333333,0.003685333333333333,0.022912,0.06116266666666665,0.02106133333333333,0.02489066666666666,0.005418666666666665
2419794,0.8308426666666666,0.053013333333333336,0.019008,0.013040000000000001,0.013029333333333334,0.001973333333333333,0.008906666666666667,0.032016,0.008346666666666667,0.015930666666666666,0.003893333333333333
2419799,0.7003893333333333,0.01946133333333333,0.23194666666666666,0.020426666666666662,0.004549333333333333,0.003418666666666666,0.001376,0.009029333333333332,0.004714666666666666,0.003344,0.001344
2419803,0.2645226666666667,0.16890133333333332,0.017472,0.09795733333333331,0.4020106666666666,0.0002293333333333333,0.007674666666666666,0.006064,0.000896,0.033258666666666666,0.001013333333333333
2729310629,0.18871856287425148,0.60937125748503,0.0004311377245508981,0.09383233532934131,0.0014970059880239524,0.0,0.0,0.0004251497005988024,0.0,0.1057245508982036,0.0
2729398997,0.6231377245508982,0.012281437125748505,0.010383233532934131,0.31449101796407186,0.02195808383233533,0.0007485029940119762,0.004526946107784431,0.0064131736526946105,0.004077844311377245,0.0012155688622754492,0.0007664670658682635
2729466735,0.5717904191616766,0.004347305389221557,0.0013353293413173653,0.4137365269461078,0.003724550898203593,0.0005688622754491017,0.000532934131736527,0.001479041916167665,0.0010538922155688623,0.0008263473053892215,0.0006047904191616766
2729490129,0.11418562874251495,0.3823473053892216,0.017131736526946106,0.2612934131736527,0.012473053892215568,0.0,0.008802395209580838,0.002964071856287425,0.00028143712574850297,0.20049700598802395,2.3952095808383234e-05
2729552805,0.12879640718562874,0.03782035928143713,0.050796407185628736,0.37168862275449094,0.21435928143712574,4.790419161676647e-05,0.030491017964071856,0.0027365269461077845,0.00014970059880239518,0.15054491017964072,0.0125688622754491
2729652741,0.5584550898203593,0.08052095808383233,0.015610778443113772,0.002754491017964072,0.0014970059880239524,0.08634730538922154,0.01318562874251497,0.21882035928143712,0.013125748502994012,0.009377245508982036,0.00030538922155688616
2729663827,0.3216826347305389,0.04021556886227545,0.0014730538922155688,0.0016107784431137724,0.0028862275449101802,0.12191616766467064,0.0018982035928143712,0.4792215568862275,0.027562874251497,0.001479041916167665,5.3892215568862265e-05
2730271392,0.9866706586826348,0.0015508982035928145,0.0009101796407185628,0.006616766467065868,0.0016586826347305386,0.00028742514970059877,0.00017365269461077845,0.0008083832335329341,0.0008383233532934131,7.185628742514969e-05,0.0004131736526946108
2730391894,0.03317964071856287,0.11132335329341317,0.01947904191616766,0.1645868263473054,0.4081796407185629,4.790419161676647e-05,0.002724550898203593,0.0014431137724550901,7.185628742514969e-05,0.19914371257485033,0.05982035928143713
2730426066,0.2686347305389222,0.06749101796407185,0.01637125748502994,0.3937904191616767,0.022227544910179642,0.0,0.0011317365269461078,0.0023952095808383233,0.0001317365269461078,0.22782634730538925,0.0
2730437774,0.18040718562874253,0.04026347305389222,0.1191616766467066,0.6415449101796408,0.011520958083832336,0.0,0.00039520958083832334,0.0003532934131736527,3.5928143712574846e-05,0.0031856287425149695,0.003131736526946108
2730470544,0.1854730538922156,0.03409580838323353,0.0013952095808383233,0.004670658682634729,0.0004131736526946108,0.17888622754491018,0.007377245508982035,0.4658023952095808,0.00997005988023952,0.11180239520958084,0.00011377245508982036
2730473700,0.3511497005988024,0.013173652694610778,0.001976047904191617,0.029964071856287425,0.0005688622754491017,0.09635329341317364,0.0028263473053892216,0.4544910179640719,0.046431137724550896,0.003053892215568862,1.1976047904191615e-05
2730500198,0.3324491017964072,0.04633532934131737,0.06742514970059882,0.3766826347305389,0.03219161676646706,0.00034131736526946105,0.005485029940119761,0.006562874251497006,0.00024550898203592813,0.13131137724550898,0.0009700598802395207
2730527690,0.18905988023952092,0.3429880239520959,0.01022754491017964,0.09320958083832337,0.033245508982035925,2.3952095808383234e-05,2.994011976047904e-05,0.00040718562874251493,0.00011976047904191617,0.330688622754491,0.0
2778342839,0.06659420289855073,0.28027053140096614,0.035642512077294686,0.10728502415458938,0.056173913043478255,0.0009033816425120772,0.05317874396135266,0.08563768115942029,0.005927536231884058,0.3020531400966184,0.006333333333333333
2778343217,0.0641731843575419,0.3630670391061453,0.14147486033519552,0.08452513966480446,0.06841340782122905,0.0036033519553072624,0.0748268156424581,0.013882681564245812,0.01217877094972067,0.16506703910614526,0.008787709497206704
2778909422,0.1337289156626506,0.5397469879518072,0.044584337349397596,0.060487951807228914,0.08780722891566264,0.0021144578313253013,0.02766265060240964,0.061397590361445785,0.007801204819277106,0.032927710843373495,0.0017409638554216867
2779198886,0.05056941176470589,0.05865882352941176,0.33848470588235297,0.045247058823529404,0.03414117647058824,0.20057882352941173,0.0737694117647059,0.017938823529411764,0.02096,0.021058823529411762,0.1385929411764706
2779203671,0.06288421052631579,0.0012578947368421052,0.6261421052631579,0.04415263157894737,0.02976315789473684,0.020621052631578943,0.07481052631578948,0.01352105263157895,0.007494736842105262,0.053557894736842096,0.06579473684210528
2780060136,0.3874675324675325,0.05331601731601732,0.13628138528138528,0.013060606060606059,0.17657142857142855,0.031095238095238092,0.015662337662337662,0.039718614718614716,0.05771428571428571,0.03661471861471861,0.052497835497835495
2780638617,0.1770332326283988,0.1543141993957704,0.1120785498489426,0.08284592145015107,0.16431419939577038,0.0012326283987915407,0.031836858006042294,0.06341993957703927,0.011909365558912387,0.1968761329305136,0.0041389728096676735
2781496564,0.06093002257336344,0.02053273137697517,0.2776704288939052,0.2892370203160271,0.013765237020316026,0.0001309255079006772,0.045756207674943566,0.019914221218961626,0.010361173814898421,0.25536343115124155,0.006338600451467269
2781496672,0.2605811518324607,0.09628272251308899,0.033068062827225124,0.18250261780104712,0.021068062827225127,4.7120418848167544e-05,0.0299738219895288,0.13495287958115182,0.006397905759162304,0.2349057591623037,0.0002198952879581152
2824302459,0.08342274052478135,0.04629154518950437,0.2694052478134111,0.16574927113702626,0.08846064139941691,0.05015743440233236,0.08912536443148687,0.059638483965014574,0.027206997084548105,0.10431486880466473,0.016227405247813412
2825137090,0.12852694610778442,0.04929341317365269,0.07673053892215567,0.09575449101796407,0.03640718562874252,0.0011437125748502994,0.00994011976047904,0.05359880239520958,0.015305389221556888,0.5330179640718563,0.00028143712574850297
2825137258,0.12946596858638745,0.2447068062827225,0.010434554973821987,0.1354607329842932,0.04386387434554974,2.0942408376963353e-05,0.0014240837696335078,0.00818324607329843,0.001293193717277487,0.42507329842931935,7.329842931937171e-05
3019555725,0.25206666666666666,0.12020666666666667,0.053,0.06651333333333333,0.055513333333333324,0.0002866666666666667,0.0014866666666666667,0.008066666666666666,0.0012066666666666669,0.4402933333333333,0.00136
3020386076,0.11220449897750512,0.37556237218813904,0.056012269938650314,0.0323558282208589,0.35111247443762783,0.0007689161554192228,0.002715746421267893,0.00029038854805725966,0.0001226993865030675,0.024085889570552143,0.044768916155419225
3020386296,0.015188059701492538,0.0007641791044776118,0.19127761194029846,0.0044,0.15198805970149254,0.046149253731343286,0.009247761194029851,1.1940298507462685e-05,0.004346268656716417,0.046423880597014924,0.5302029850746268
3297685197,0.2602133333333333,0.01712,0.013946666666666666,0.19735466666666668,0.058421333333333325,0.0,1.6e-05,0.0005066666666666666,5.333333333333334e-06,0.4524106666666666,5.333333333333334e-06
3297701675,0.7498986666666667,0.022346666666666667,0.13432533333333332,0.010917333333333331,0.007877333333333333,0.000432,0.00328,0.005445333333333332,0.00022400000000000002,0.060752,0.004501333333333334
3297716571,0.4596586666666666,0.061013333333333336,0.069024,0.12858133333333333,0.06855466666666667,0.009024,0.0037386666666666666,0.012101333333333334,0.0038666666666666663,0.13424533333333333,0.050192
3297722685,0.3291786666666667,0.01722133333333334,0.006128,0.4767253333333333,0.050501333333333336,0.0,0.000144,0.003872,0.0,0.116192,3.733333333333333e-05
3297727311,0.003696,5.333333333333334e-06,0.9173493333333332,0.008416,0.000592,0.0017013333333333331,0.0488,0.0006186666666666666,0.00011200000000000001,0.007237333333333333,0.011472
3297729299,0.2457973333333333,0.000208,0.298704,0.3394613333333333,0.02957333333333333,0.0,0.0015413333333333336,0.011381333333333334,0.00013333333333333334,0.040864,0.032336
3297734497,0.034064,0.0,0.5354506666666666,0.244592,0.156736,0.0,0.00029866666666666664,0.000128,5.333333333333334e-06,0.0024,0.026325333333333333
3297737361,0.12724266666666667,0.02186133333333333,0.138512,0.49844799999999995,0.12191466666666667,0.0,0.001936,0.005872,4.8e-05,0.08241066666666666,0.0017546666666666667
3298515160,0.39984,0.004896,0.10741333333333332,0.14893333333333333,0.046869333333333325,1.0666666666666667e-05,0.0007466666666666666,0.001957333333333333,0.000288,0.2882186666666667,0.0008266666666666666
3298517012,0.285968,0.03101866666666667,0.10583466666666666,0.156544,0.05733866666666668,1.0666666666666667e-05,0.0020693333333333327,0.004053333333333332,0.000208,0.3567733333333333,0.00018133333333333331
3298521154,0.14003733333333335,0.000448,0.085344,0.6485813333333333,0.08926399999999998,0.0,0.00064,0.0013386666666666664,0.0,0.034005333333333325,0.0003413333333333333
3298533854,0.6173386666666667,0.0018933333333333328,0.111152,0.13361066666666666,0.08288533333333335,0.00032,0.002330666666666667,0.0016266666666666669,0.00013866666666666666,0.043253333333333324,0.005450666666666667
3298558312,0.09222933333333333,0.020266666666666662,0.126672,0.5859253333333333,0.048864,0.0,0.00013333333333333334,0.0018133333333333328,6.933333333333333e-05,0.121696,0.002330666666666667
3298560930,0.0012373333333333331,0.0,0.7321013333333334,0.242688,0.011002666666666666,0.0,0.006058666666666667,0.00017066666666666668,5.333333333333334e-06,0.002645333333333333,0.004090666666666666
3298563892,0.07514666666666665,0.036736,0.12664,0.5990666666666666,0.08655466666666667,0.0,0.001024,0.0017173333333333333,0.0,0.07218133333333332,0.0009333333333333332
3317345326,0.29485285285285284,0.0,0.26740540540540547,0.0,0.03276876876876877,0.2295255255255255,0.0006006006006006006,0.0021741741741741747,0.032822822822822825,1.8018018018018016e-05,0.13983183183183184
3629356261,0.6010986666666666,0.043733333333333325,0.0010773333333333334,0.08702933333333332,0.021552,0.0,0.00208,0.014250666666666668,0.0,0.2288853333333333,0.0002933333333333333
3629357957,0.4556746666666666,0.0,0.0,0.10271466666666666,0.0,0.0,0.0,0.0,0.0,0.44161066666666665,0.0
3629359103,0.7003946666666667,0.0,0.0,0.12966933333333333,0.0,0.0,0.0,0.0,0.0,0.169936,0.0
3629372925,0.04227758007117437,1.4234875444839855e-05,0.004071174377224199,0.0,7.117437722419929e-06,0.12678291814946618,0.005886120996441281,0.011416370106761563,0.7617224199288256,0.017637010676156584,0.03018505338078292
3629404073,0.2911814946619217,0.012483985765124557,0.026889679715302487,0.5165338078291815,0.036455516014234884,0.0,0.015459074733096084,0.07668327402135232,0.0001494661921708185,0.02394306049822064,0.00022064056939501776
3629408961,0.10883274021352313,0.0004128113879003559,0.6722064056939502,0.09583629893238432,0.009238434163701065,0.0,0.02891103202846975,0.010661921708185055,0.000199288256227758,0.06640569395017794,0.007295373665480427
3629413075,0.35992170818505337,0.07059074733096085,0.2935373665480427,0.03859074733096085,0.036633451957295365,0.003644128113879003,0.016555160142348754,0.09180782918149466,0.002078291814946619,0.02625622775800712,0.060384341637010674
3629414913,0.10718149466192173,0.003039145907473309,0.02280427046263345,0.4703345195729538,0.12649110320284698,0.0,0.014220640569395019,0.02486120996441281,7.117437722419929e-06,0.22893950177935946,0.002120996441281139
3630177754,0.2996213333333333,0.047456,0.012026666666666666,0.411808,0.05217066666666666,0.0,0.000256,0.014666666666666666,5.333333333333334e-06,0.161984,5.333333333333334e-06
3630184852,0.15088256227758007,0.011252669039145909,0.03898932384341637,0.6172740213523131,0.03390747330960854,0.0,0.007288256227758006,0.028896797153024914,0.0,0.11127402135231317,0.00023487544483985766
3630189388,0.7072170818505338,0.08037722419928825,0.019316725978647687,0.013088967971530249,0.026519572953736654,0.013572953736654805,0.029466192170818507,0.030462633451957294,0.022882562277580072,0.04222064056939503,0.014875444839857654
3630191670,0.4046548042704626,0.05532384341637011,0.20943772241992886,0.1540071174377224,0.0540711743772242,0.008590747330960853,0.002832740213523132,0.04382918149466192,0.0017580071174377225,0.016626334519572954,0.04886832740213523
3630193866,0.5037153024911032,0.052868327402135235,0.15886832740213522,0.03302491103202847,0.0362135231316726,0.02180782918149466,0.005558718861209964,0.004548042704626334,0.04485409252669039,0.07931672597864768,0.05922419928825622
3630226176,0.07652669039145908,0.002925266903914591,0.627693950177936,0.2025622775800712,0.01002135231316726,0.0,0.009708185053380784,0.015217081850533809,0.0008398576512455517,0.04804270462633452,0.006462633451957295
3630233340,0.14434875444839854,0.0005195729537366548,0.09768683274021353,0.34165836298932384,0.14911743772241992,0.00011387900355871887,0.016306049822064055,0.012526690391459077,0.00010676156583629892,0.22977224199288254,0.007843416370106762
3687286761,0.245168,0.361584,0.033061333333333325,0.346016,0.005205333333333334,0.0,0.0007093333333333332,0.002917333333333333,4.266666666666666e-05,0.005290666666666666,5.333333333333334e-06
3687287373,0.4680533333333333,0.22061866666666666,0.060512,0.145536,0.008191999999999998,0.0,5.333333333333334e-06,0.0010186666666666666,1.0666666666666667e-05,0.096048,5.333333333333334e-06
3687288073,0.12181866666666667,0.08314666666666666,0.23735466666666666,0.462784,0.012661333333333332,0.0,0.0005173333333333333,0.00376,3.2e-05,0.077904,2.133333333333333e-05
3687288705,0.07887466666666665,0.0015733333333333333,0.5315306666666667,0.364144,0.007616,0.0,0.0035520000000000005,0.0014613333333333336,0.00018133333333333331,0.010394666666666668,0.000672
3687292105,0.65824,0.013088,0.2369013333333333,0.009162666666666666,0.007509333333333333,0.006277333333333334,0.008288,0.008122666666666667,0.019562666666666662,0.017621333333333333,0.015226666666666666
3687292619,0.7842826666666666,0.0008693333333333333,0.12457066666666665,0.019328,0.03493866666666666,6.933333333333333e-05,0.0018559999999999998,0.002757333333333333,0.0004426666666666666,0.012458666666666668,0.018426666666666668
3687293943,0.6478186666666667,0.041072,0.04296,0.05176533333333333,0.022352,0.005264,0.017392,0.018090666666666668,0.02909866666666666,0.10644266666666667,0.017744
3687294985,0.3113546666666667,0.008922666666666667,0.2892533333333333,0.0035946666666666666,0.0017706666666666667,0.030586666666666668,0.0069226666666666655,0.10325866666666668,0.17955733333333335,0.063136,0.0016426666666666664
3687299229,0.2949173333333333,0.040528,0.014058666666666669,0.3029973333333333,0.104192,0.0,0.000576,0.007429333333333333,1.6e-05,0.2308746666666667,0.004410666666666666
3688093680,0.31984,0.07303466666666665,0.3835253333333333,0.014863999999999999,0.026154666666666663,0.012101333333333334,0.022714666666666668,0.03624,0.03120533333333333,0.024672,0.055648
3688095294,0.6839733333333333,0.12556266666666666,0.024768,0.010485333333333331,0.030821333333333333,0.006992,0.00819733333333333,0.029290666666666663,0.04557866666666667,0.02456,0.009770666666666669
3688100320,0.09686933333333331,0.016832,0.3457386666666667,0.38405866666666666,0.0061386666666666655,0.0,0.028672000000000003,0.003413333333333333,0.0002506666666666667,0.11723733333333332,0.0007893333333333333
3688101398,0.2827413333333333,0.12144,0.07634666666666666,0.12644266666666668,0.20602666666666666,0.0010346666666666666,0.010757333333333334,0.0020746666666666665,0.0014933333333333333,0.15475733333333333,0.016885333333333332
3688101934,0.391968,0.015424,0.027114666666666662,0.14292266666666667,0.092496,8.533333333333334e-05,0.0016373333333333333,0.0017973333333333333,0.0003093333333333333,0.3215786666666667,0.004666666666666667
3688135078,0.062437333333333324,0.349424,0.4222773333333333,0.07845333333333332,0.04085866666666666,2.666666666666667e-05,0.015040000000000001,0.00017066666666666668,0.00046399999999999995,0.013456,0.017392
3732072735,0.16227733333333333,3.2e-05,0.322128,0.133088,0.2546986666666667,0.0,0.002821333333333333,0.007984,0.0,0.089936,0.02703466666666666
3732075215,0.07829866666666667,0.0012746666666666664,0.334384,0.2391413333333333,0.0005813333333333333,0.002272,0.16658666666666666,0.122048,0.0016213333333333336,0.022304,0.031488
3732092259,0.5646986666666666,0.003445333333333333,0.20341866666666664,0.07437333333333332,0.06504,0.0017333333333333333,0.002224,0.007162666666666667,0.011450666666666666,0.048853333333333325,0.0176
3732119603,0.060693333333333335,0.007226666666666666,0.42940266666666665,0.036309333333333325,0.0075893333333333325,0.112144,0.047781333333333335,0.012357333333333331,0.18241066666666667,0.08654933333333335,0.017536000000000003
3732129443,0.8161226666666666,0.0,0.13556266666666664,0.008288,0.03924266666666666,0.0,0.0,0.0007839999999999998,0.0,0.0,0.0
3732875654,0.5170026666666667,0.013349333333333331,0.184464,0.066832,0.008613333333333334,0.000544,0.0019946666666666667,0.12078933333333333,0.004688,0.05164266666666667,0.03008
3732888152,0.5403253333333333,0.00616,0.2789653333333333,0.07938666666666665,0.037248,0.0009973333333333331,0.0044853333333333325,0.003376,0.003082666666666667,0.04082133333333333,0.005152
3732902264,0.409104,0.003066666666666667,0.3318026666666667,0.193008,0.003914666666666667,5.333333333333334e-06,0.00015466666666666667,0.0010826666666666669,6.4e-05,0.04056,0.017237333333333334
3732906892,0.417408,0.0010773333333333334,0.353968,0.022693333333333333,0.008224,0.0,2.666666666666667e-05,0.000368,5.333333333333334e-06,0.0014186666666666664,0.19481066666666666
3732909164,0.541264,0.00011733333333333333,0.373168,0.06824,0.0015146666666666668,5.333333333333334e-06,0.012874666666666666,0.0009653333333333332,0.00014933333333333332,0.0016693333333333336,3.2e-05
3732911332,0.35363733333333336,0.0063146666666666655,0.5163893333333334,0.0031733333333333327,0.0019146666666666667,0.031274666666666666,0.008111999999999998,0.032432,0.023264,0.003984,0.019504
3732915768,0.3123893333333333,0.0,0.000384,0.5493813333333334,0.11950933333333333,0.0,0.0,0.000384,0.0,0.017952,0.0
3732922440,0.8396693333333334,0.006645333333333333,0.11387733333333333,0.01019733333333333,0.02196266666666666,0.00013333333333333334,0.00048,0.00272,0.002448,0.0015146666666666668,0.000352
3732923754,0.083392,0.00013866666666666666,0.498752,0.23252266666666666,0.01352,0.0002773333333333333,0.002026666666666666,0.002106666666666667,0.007077333333333333,0.03274666666666667,0.12744
3732925942,0.453328,0.0009386666666666666,0.4536106666666666,0.03479466666666667,0.008933333333333333,0.011696,0.0021973333333333333,0.0012533333333333333,0.025104,0.007744,0.0004
3773755365,0.3010930930930931,0.15829429429429429,0.02278078078078078,0.24706306306306305,0.02515915915915916,6.006006006006007e-06,0.0034474474474474478,0.00227027027027027,0.0004024024024024024,0.2394834834834835,0.0
3773757247,0.2955135135135135,0.08145345345345345,0.04099699699699701,0.25341141141141144,0.041075075075075074,0.0053873873873873865,0.002510510510510511,0.008828828828828829,0.0004024024024024024,0.2698798798798799,0.0005405405405405405
3774565464,0.3523663663663664,0.39796996996997,0.05946546546546546,0.10663663663663664,0.021351351351351352,0.0043183183183183186,0.00011411411411411411,0.0022642642642642643,0.00025825825825825824,0.05485285285285285,0.0004024024024024024
3774810315,0.12466141732283464,0.06287664041994752,0.09976902887139108,0.4333963254593176,0.003984251968503937,5.2493438320209976e-06,0.05015223097112861,0.031217847769028875,0.00042519685039370085,0.19348556430446195,2.624671916010499e-05
3775511193,0.09876876876876876,0.0003003003003003003,0.02195795795795796,0.5876276276276277,0.00560960960960961,0.0,0.006978978978978978,0.003303303303303303,0.00016216216216216215,0.2752912912912913,0.0
3775516933,0.18314114114114116,0.31464264264264263,0.04684684684684685,0.22285285285285286,0.013687687687687687,6.006006006006007e-06,0.001069069069069069,0.002978978978978979,0.0001021021021021021,0.21433033033033036,0.0003423423423423424
3775613116,0.07036636636636637,0.17812012012012013,0.045135135135135125,0.4144924924924925,0.00409009009009009,4.204204204204204e-05,0.0387027027027027,0.018336336336336332,0.0,0.2304084084084084,0.00030630630630630633
3777250659,0.15941935483870967,0.006806451612903225,0.0574247311827957,0.4872204301075269,0.0018440860215053762,0.0,0.008048387096774193,0.012241935483870968,0.0008924731182795699,0.2660161290322581,8.602150537634408e-05
3777252619,0.048208835341365455,0.0004819277108433735,0.009542168674698795,0.4560722891566265,0.001983935742971888,0.0,0.005429718875502008,0.0037670682730923696,0.0,0.4744979919678715,1.606425702811245e-05
3778052138,0.09062857142857143,0.0,0.17635510204081636,0.4394612244897959,0.0003469387755102041,0.0,0.012318367346938777,0.002473469387755102,0.0,0.2784163265306123,0.0
3778482949,0.07162666666666667,0.003408,0.052677333333333326,0.7161653333333333,0.025632,0.0,0.004464,0.014250666666666668,0.0,0.106752,0.005024
3778484761,0.11123733333333333,0.10620266666666668,0.049722666666666665,0.11724266666666665,0.31185066666666666,7.466666666666666e-05,0.007637333333333333,0.02184533333333333,0.000208,0.2719573333333333,0.0020213333333333333
3778487203,0.33433066666666666,0.02450133333333333,0.039312,0.2411466666666667,0.15387733333333334,5.333333333333334e-06,0.0007466666666666666,0.028383999999999996,6.4e-05,0.174512,0.00312
3778500481,0.044384,2.133333333333333e-05,0.235456,0.642896,0.012885333333333334,0.0,0.02066133333333333,0.002757333333333333,0.0,0.038032,0.002906666666666667
3779286782,0.015216,0.040437333333333325,0.123216,0.753264,0.02910933333333333,0.0,0.0009333333333333332,0.005002666666666666,0.0,0.03275733333333333,6.4e-05
3779289528,0.2742346666666667,0.17561066666666664,0.015658666666666668,0.38915733333333336,0.04285333333333333,0.0,0.003541333333333333,0.03379200000000001,1.0666666666666667e-05,0.06310933333333334,0.002032
3779292138,0.5219146666666666,0.17181333333333335,2.666666666666667e-05,0.18331733333333333,0.003978666666666667,0.0,0.0018453333333333332,0.03391466666666667,0.0,0.08318933333333332,0.0
3779294788,0.16418133333333335,0.147536,0.039957333333333324,0.38861866666666667,0.07194666666666667,2.666666666666667e-05,0.0018133333333333328,0.017605333333333334,0.00256,0.16573333333333334,2.133333333333333e-05
3779296572,0.08070933333333331,0.10118933333333334,0.07909866666666665,0.30750933333333336,0.156512,9.066666666666667e-05,0.008501333333333333,0.03650666666666666,0.0008853333333333332,0.21141866666666667,0.017578666666666666
3779301158,0.2332586666666667,0.3298933333333333,0.09564266666666665,0.19837333333333332,0.046629333333333335,1.6e-05,3.733333333333333e-05,0.017968,0.0008373333333333334,0.07717333333333333,0.00017066666666666668
3779302036,0.192576,0.021632,0.062848,0.5474826666666666,0.03493333333333333,0.0,0.005536,0.055578666666666665,2.666666666666667e-05,0.079296,9.066666666666667e-05
3779303606,0.10758933333333333,0.04434666666666666,0.15692266666666665,0.4968213333333333,0.060224,0.0,0.003093333333333333,0.02592,1.6e-05,0.10375466666666666,0.001312
3779304642,0.8712853333333332,0.0033013333333333328,0.10991466666666666,0.000768,0.007514666666666667,0.000128,5.8666666666666665e-05,0.003728,0.0005813333333333333,0.000688,0.002032
3779308462,0.3270293333333333,0.3282506666666667,0.034016,0.07128,0.08795733333333333,0.0,4.266666666666666e-05,0.009376,0.0,0.141744,0.000304
3779309242,0.226496,0.043445333333333336,0.12866133333333332,0.3534986666666667,0.054917333333333325,0.0006026666666666667,0.014202666666666669,0.021930666666666668,0.0025866666666666672,0.15037866666666666,0.00328
3779858283,0.20753153153153156,0.5314414414414415,0.007609609609609609,0.2437597597597597,0.0017597597597597593,0.0,0.0014114114114114115,0.0016096096096096097,9.009009009009008e-05,0.004726726726726727,6.006006006006006e-05
3779860105,0.2666687697160883,0.0018170347003154575,0.5879495268138801,0.056801261829653,0.0015899053627760251,0.008788643533123029,0.011022082018927444,0.04216403785488959,0.003242902208201893,0.012182965299684543,0.007772870662460566
3788328460,0.19458394160583944,7.299270072992702e-06,0.047102189781021896,0.3978394160583941,0.0003357664233576643,0.0,0.019627737226277368,8.029197080291971e-05,0.0,0.3401605839416059,0.0002627737226277372
3827225565,0.1286938775510204,0.7062295918367347,0.02773979591836735,0.09844387755102041,0.009862244897959184,0.0038877551020408173,0.002433673469387755,0.01680612244897959,0.0004438775510204082,0.0018061224489795923,0.003653061224489796
3830392970,0.14277477477477474,0.3009249249249249,0.012150150150150148,0.3135195195195195,0.0022762762762762764,0.0,0.00038438438438438444,0.0013873873873873875,3.603603603603604e-05,0.2265465465465465,0.0
3944406887,0.387987987987988,0.11191591591591593,0.11628228228228228,0.1343243243243243,0.03960960960960961,0.007045045045045046,0.0008228228228228228,0.0016216216216216215,0.003141141141141141,0.012906906906906906,0.18434234234234234
3944409335,0.5017897897897898,0.2700720720720721,0.009975975975975977,0.13347747747747749,0.07459459459459458,0.0,0.00011411411411411411,0.009963963963963963,1.2012012012012014e-05,0.0,0.0
3944409745,0.6919459459459459,0.27981381381381387,0.015855855855855857,0.0,0.00206006006006006,0.002024024024024024,0.0,0.0002222222222222222,0.0074774774774774766,0.0,0.0006006006006006006
3944410843,0.7252792792792792,0.14499699699699697,0.02151951951951952,0.03463063063063064,0.04296096096096096,0.00014414414414414415,0.0025645645645645644,0.016336336336336337,0.0086006006006006,0.002780780780780781,0.00018618618618618615
3944414851,0.2513033033033033,0.010822822822822823,0.4093033033033033,0.028144144144144144,0.016786786786786786,0.11393993993993995,0.0072252252252252265,0.008486486486486486,0.12394594594594595,1.2012012012012014e-05,0.03003003003003003
3944415507,0.6746786786786787,0.01387987987987988,0.2196096096096096,0.023663663663663664,0.014264264264264262,0.0027507507507507512,0.0017957957957957958,0.012990990990990992,0.0009309309309309308,0.015801801801801803,0.019633633633633636
3944416479,0.3615435435435436,0.01730930930930931,0.16729129129129128,0.047159159159159164,0.023783783783783784,0.08406606606606606,0.0061381381381381385,0.04005405405405405,0.12365765765765765,0.0016516516516516516,0.12734534534534533
3944418229,0.021825825825825824,0.01563963963963964,0.6974654654654655,0.048372372372372366,0.013291291291291292,0.0716096096096096,0.009735735735735737,0.04297297297297297,0.025573573573573573,0.0013033033033033033,0.05221021021021021
3944433203,0.6557417417417417,0.223981981981982,0.04590390390390391,0.002198198198198198,0.004882882882882883,0.005933933933933934,0.0003423423423423424,0.045921921921921925,0.012402402402402405,0.0021141141141141143,0.0005765765765765766
3944435023,0.4352012012012012,0.34165765765765765,0.014774774774774775,0.0074774774774774766,0.013999999999999999,0.00012612612612612612,0.0024384384384384386,0.03890690690690691,0.14541741741741745,0.0,0.0
3944435885,0.6645285285285285,0.024522522522522527,0.04326126126126126,0.00427027027027027,0.005885885885885886,0.035225225225225226,0.006066066066066066,0.015777777777777783,0.1852192192192192,0.006942942942942943,0.008300300300300302
3944438441,0.7714354354354354,0.0103003003003003,0.03087087087087087,0.14715315315315314,0.02125525525525525,0.0008048048048048048,0.0003123123123123123,0.012036036036036035,0.0010630630630630632,0.004432432432432433,0.0003363363363363364
3945201862,0.4472012012012012,0.1263963963963964,0.09508108108108108,0.03216216216216216,0.026204204204204204,0.06133933933933935,0.01273273273273273,0.0558978978978979,0.04503903903903904,0.009885885885885886,0.08806006006006006
3945219566,0.4935555555555556,0.3085105105105105,0.027393393393393396,0.000882882882882883,0.026450450450450448,0.009291291291291292,0.0013513513513513516,0.052204204204204206,0.07122522522522523,0.0,0.009135135135135137
4012848937,0.15398203592814372,0.12847904191616766,0.16193413173652696,0.16655688622754491,0.0004491017964071856,0.00922754491017964,0.048323353293413175,0.3102934131736527,0.013467065868263474,0.007053892215568862,0.00023353293413173654
4012849041,0.173437125748503,0.09568862275449101,0.31164071856287423,0.08350898203592814,0.00039520958083832334,0.05846107784431138,0.03551497005988024,0.21211976047904194,0.02189221556886228,0.006604790419161678,0.0007365269461077845
4012849131,0.20853211009174313,0.07113149847094802,0.24706422018348626,0.1407461773700306,0.0002691131498470948,0.013223241590214069,0.022207951070336397,0.2897186544342508,0.005058103975535168,0.0019266055045871558,0.00012232415902140674
4012849233,0.12426498422712935,0.2353123028391167,0.16287066246056786,0.18357097791798108,4.4164037854889585e-05,0.010876971608832808,0.01432807570977918,0.25629652996845426,0.011034700315457412,0.0013753943217665616,2.523659305993691e-05
4012849323,0.16750788643533124,0.02595583596214511,0.5288264984227129,0.0011041009463722397,0.0008769716088328076,0.07808201892744479,0.009261829652996843,0.051198738170347,0.12446687697160885,0.006858044164037855,0.005861198738170346
4012849691,0.5041305637982196,0.06160237388724036,0.3482551928783383,0.0029851632047477746,0.0055252225519287846,0.002896142433234421,0.005821958456973294,0.03591097922848665,0.01691394658753709,0.011068249258160237,0.004890207715133531
4012849801,0.06490963855421687,0.007867469879518073,0.5418373493975903,0.0030843373493975907,0.015728915662650604,0.06709638554216868,0.004753012048192771,0.00872289156626506,0.003963855421686747,0.007524096385542169,0.2745120481927711
4012849897,0.11533132530120482,0.011367469879518071,0.5779096385542168,0.02424096385542169,0.0013192771084337349,0.1511867469879518,0.05810240963855421,0.02882530120481928,0.01777710843373494,0.011734939759036144,0.0022048192771084336
4012849965,0.4296242424242424,0.009866666666666666,0.3479333333333333,0.0526,0.002866666666666667,0.004078787878787879,0.06513333333333333,0.041981818181818176,0.027993939393939397,0.0162,0.0017212121212121212
4012850063,0.3377707006369427,0.033579617834394906,0.3341019108280255,0.015414012738853504,0.0005222929936305733,0.004420382165605095,0.023210191082802548,0.18723566878980888,0.05665605095541401,0.006191082802547771,0.0008980891719745222
4012850149,0.04225149700598802,0.4397245508982036,0.43391616766467067,0.0020718562874251496,0.006263473053892216,0.006664670658682635,0.049347305389221566,0.0006646706586826347,0.0017724550898203593,0.0024910179640718557,0.014832335329341315
4012850819,0.06604191616766467,0.003640718562874251,0.8436646706586826,0.00032335329341317366,5.988023952095808e-05,0.008502994011976048,0.007988023952095807,0.016221556886227544,0.05111377245508982,0.0011497005988023953,0.0012934131736526946
4013616626,0.26906875,0.0,0.52596875,0.000175,0.0287625,0.02446875,0.00371875,0.00016875,0.0407625,0.0410625,0.06584375
4013616730,0.1806525679758308,2.416918429003021e-05,0.4541812688821753,0.018876132930513597,0.181190332326284,0.00010876132930513596,0.0030574018126888216,0.0011601208459214502,0.00016314199395770393,0.013812688821752264,0.14677341389728096
