11285208,0.12996759154580786,0.11159382839669672,0.03817952776252463,0.025948297210288875,0.03275299589780032,0.008985001668873886,0.04269625418564337,0.025447635044198242,0.014066991827901418,0.04697610818609559,0.007423797064935344,0.03265609354307309,0.013469427307083564,0.059245022987391927,0.06339567384820785,0.3471957535234773
11285271,0.1322609472743521,0.08078964652174381,0.04265856993658279,0.02357418951947199,0.03761964749076736,0.011477545571024044,0.0576892018476049,0.02777867502180303,0.01773851437923275,0.056445621628605565,0.010007859857661209,0.0382548962606458,0.01891210956426241,0.07631598781183715,0.07390957933611118,0.2945670079782939
11285322,0.1504678230347664,0.06633504527493353,0.05710240425509006,0.023073527353381355,0.05232727155269872,0.013544795805204731,0.0754115658343831,0.026212086953712976,0.023035843104320768,0.061231521259299926,0.012161245518266094,0.04600708463882338,0.021706127458897245,0.08728210428846754,0.060790077198875934,0.2233114764688782
11285399,0.14215575438483155,0.052714880971607606,0.06956512376584084,0.021614608568321543,0.0483488915447312,0.011768252635205702,0.08786351841683086,0.0245485965308957,0.019574275654898412,0.06947898833941665,0.011030718046448527,0.04392368401218817,0.020295659851201048,0.10309333850145892,0.05183199285075961,0.2221917159253637
11285515,0.14774379017410122,0.06322340299535946,0.07150855432453675,0.025630672825349657,0.041888734562916544,0.01188668884653897,0.07944916394801727,0.02770868998783337,0.02008032128514056,0.05972415129687651,0.011246056612509015,0.04255628411770406,0.02316504624395706,0.08217319680868244,0.06156529603669369,0.2304499499337834
11285634,0.17055891124821,0.046588498767186716,0.0702542071772344,0.02347728716474477,0.06563519493523692,0.01740473960183899,0.06585591696544893,0.02968980479558986,0.02635205702165229,0.05512128944733357,0.017060197896142208,0.061904454278238964,0.02279897068165423,0.07579917525329198,0.04972167490336682,0.20177761986282933
11285738,0.11141079061554528,0.04894645606554906,0.05219806841306244,0.01908976388126232,0.04595863346145977,0.010756161374721405,0.10174747246358086,0.026109801134834243,0.016898693971596844,0.06022481346296715,0.010406236204873113,0.03577311928679867,0.018072289156626502,0.11974977658623773,0.04363836041215802,0.27901956350872653
11285844,0.1202235214315708,0.05017388589209385,0.0578668561646048,0.02015568978326173,0.048747267891943113,0.012947231284386877,0.09047988199446581,0.028661563142651038,0.01954197486998934,0.06017097882145204,0.012225847088084241,0.040828192125068635,0.019235117413353143,0.11052790249469728,0.04320768328003704,0.2650064063223403
11285923,0.13427436286701766,0.07863626086113891,0.06132842361402716,0.022088353413654616,0.047212980608762126,0.007854474197056321,0.08859566954143651,0.01995111814550427,0.013523261948598684,0.06771321209772065,0.006266352272360218,0.04036521420803859,0.01950429062092876,0.08839648136783057,0.06817080655059918,0.23611873768532576
11285970,0.07656362716280672,0.04792359787676174,0.03815799390591858,0.018018454515111384,0.021221615685261156,0.007676819880056419,0.06969432690547714,0.025700657859319315,0.014061608363749905,0.035024817769738474,0.006508608159178268,0.01883674106614124,0.011730568386145116,0.10159673546733852,0.03849715214746385,0.4687866748495322
11865124785,0.17121765751530713,0.050669892685496085,0.05201132398446244,0.03226018829416025,0.04121403647376391,0.03197215089867667,0.03769998024886431,0.05245572453749424,0.04860425307788531,0.04293403120679439,0.03179932846138653,0.04815985252485351,0.03007110408848509,0.06284975969451577,0.053574955559944695,0.21250576074790967
11865424513,0.189056494072806,0.08675452480161934,0.052192684948910925,0.03322135727898188,0.02994821107486245,0.01696329554141499,0.04749830420879227,0.04021447721179625,0.03715666957373731,0.050539961454396674,0.016618753835718206,0.03180012274298265,0.031853957384497776,0.055589650828515136,0.08062814259719844,0.19996339244376968
11865424963,0.18189648675129472,0.050399991386457364,0.055207424873757766,0.028650796214348007,0.05212808337909278,0.028532360003014737,0.04326690138570368,0.04740140185406505,0.04261011875921918,0.040209093747644725,0.028995337920044786,0.0520903991300322,0.026895786900955027,0.05734466014190812,0.05250492586969863,0.2118662316827632
11865430103,0.14014559679640753,0.06927421501568233,0.04210501950163768,0.01994143721861509,0.03844773908313369,0.01582699674779811,0.04450655648530722,0.02878372278740322,0.02598868094857817,0.04121963357753782,0.015537654942536715,0.038042660555767736,0.01884193835862181,0.05201208291378771,0.06871289191347521,0.3406131731537099
11865430733,0.16199381978315405,0.06472000602947985,0.05606339567384821,0.024392476070501847,0.05223036919797151,0.017474724635808646,0.06435393046717702,0.03168706999580089,0.02575987596498595,0.06365408012748043,0.015332105903506787,0.05634871927387836,0.02280435414580574,0.06653961691269097,0.06246433454999624,0.21418112126791347
11865559554,0.16427423981640848,0.05261617900172117,0.0755192197360872,0.020034423407917383,0.05796328169822145,0.0172461273666093,0.07302925989672977,0.02601262191623637,0.024595524956970736,0.06703958691910498,0.016597819850831898,0.05990820424555365,0.01938037865748709,0.08378083763625932,0.05163511187607573,0.19036718301778546
11865559784,0.16730595852798952,0.0503893123514466,0.0575116793705434,0.029399229571346608,0.04865994590607328,0.026317514957790344,0.0481599868863208,0.04143922629292681,0.0423817719859028,0.04756987132202278,0.025170068027210883,0.04695516760921236,0.02789935251208917,0.06403573477583804,0.06201950659781985,0.2147856733054668
11865560484,0.16384632380655306,0.05240378991694935,0.059194707633121485,0.021386516941552615,0.06154066102598095,0.017831845180073042,0.05586098439063698,0.03308379147658596,0.029672086403867894,0.05317710973343211,0.017844842151778634,0.0572451618772826,0.021042097191354414,0.06156015648353934,0.05668629209394211,0.23762363369334946
11865564934,0.13527198494976586,0.05916690015877464,0.03482368010246968,0.01966003549080041,0.02346929245220083,0.014569907537125244,0.030020413881439376,0.03164818743412187,0.031481407357002764,0.02770550641102617,0.01671136372733459,0.025570721423901585,0.023636072529319936,0.039380111809363696,0.05723892246727775,0.4296454922680756
11865565484,0.0906380624538972,0.043951315465945405,0.05583558724694697,0.022078108351774445,0.05150192607163347,0.0154597983771822,0.12115810179493484,0.030253667732153107,0.01550077862470289,0.06463609540201623,0.00797065814277518,0.0500471272846488,0.01864601262191624,0.0955659372182608,0.03863412835013524,0.2781226948610769
11865972686,0.17089268602560376,0.05683861451166596,0.04804203408809501,0.02813398365580284,0.047159145967247004,0.025237679942289263,0.04063977087976571,0.04250244947618894,0.03868557339276678,0.03898704738525146,0.023870280047805163,0.0481281695145192,0.026992689255682246,0.052838700647092396,0.058604390753361976,0.2524467844568623
11865972836,0.16869658470393836,0.06729369795257324,0.055261919613057126,0.0276473742380968,0.041544926299202256,0.01798474552159592,0.04713677598678091,0.03431163345480012,0.0297210640928838,0.04739393541468326,0.017995688475974745,0.04113456550999639,0.024687305078625127,0.06098508475318167,0.06451965901754156,0.2536850398870687
11865978146,0.18512656524220208,0.0606447236667851,0.05280101639803181,0.02443016031956243,0.05937422612702822,0.02583524446310712,0.042098689664825516,0.03801264037382776,0.0350786524112536,0.04113504958170484,0.024699333527138042,0.05968108358366441,0.024053317828956575,0.0567632460135448,0.05955188044402813,0.2107141703543396
11865978416,0.17740281970975236,0.05365725195865429,0.05414162504820218,0.026184362743714905,0.057725045380585566,0.02528615633494164,0.046532735156081,0.042855261796600916,0.041590248582150616,0.045916687828597764,0.025497775645909163,0.05737234652897304,0.02664051992513379,0.059977615379550986,0.057080782144973335,0.20213876583617846
11865978476,0.09442057775337273,0.04128578657794717,0.06526373590878258,0.01942353865865607,0.04555487365009636,0.011967440808811654,0.108422968011456,0.03171937078070997,0.014696857133628347,0.06374559901805614,0.009517964619873595,0.04001528903819029,0.015445158650688543,0.10106377251633883,0.06000409143275515,0.2774529754406365
1428401613,0.12193007956760014,0.08602237367701368,0.04826275611830701,0.028720781248317662,0.02634129009334927,0.011068402295509112,0.06220592827072365,0.03624686413213175,0.01812074033399012,0.058162946692937964,0.008032128514056224,0.02864002928604498,0.01693637822065743,0.07612218310238272,0.07087868901880982,0.30230842942816843
1428403377,0.16546615416087945,0.05695705072299924,0.05726929164378695,0.029452932372923325,0.04210945659312855,0.024876987844137947,0.05050227720533609,0.04388061629897606,0.03952001033625117,0.05152513539412341,0.024042550900653555,0.046965341257792566,0.030190466961680505,0.06973739461868923,0.05878742853451339,0.20871690515412855
1428403727,0.1605995025679124,0.06012252764408841,0.07212765270196066,0.025819094070652585,0.04685228851061081,0.018287627722686998,0.07102404255090065,0.03473411070555681,0.03202084477319465,0.06595281932017615,0.01810997340568709,0.04590479881994466,0.025350732689471016,0.07573457368347383,0.0627173573651173,0.184642053468566
1428404497,0.16374882909654706,0.06476307374269195,0.06909676238465927,0.027046523897197368,0.04074205669864445,0.01876675603217158,0.06551675872390365,0.03604229249437428,0.0323061683732248,0.0594549780893009,0.018578334786868652,0.04144729050249255,0.026938854614167125,0.07117477954714299,0.06863378446762923,0.19574275654898413
1428409401,0.1342474455462601,0.12511170688114387,0.04341763838194602,0.028349322221863326,0.02538841693853161,0.011429094393660431,0.05449680760575815,0.02936141348234762,0.014815293344961615,0.06123690472345145,0.007402263208329294,0.027950945874651426,0.015272887797840154,0.06300806442929896,0.09805441605564348,0.2604573791143125
1428410597,0.1693260979575137,0.07590684453632224,0.06188830388578441,0.026023665708410047,0.03648912001894979,0.016538001873445524,0.06326108724442003,0.034513388675344814,0.03078803148249836,0.05329629509997093,0.015859685390354986,0.03682289479634354,0.024634731957319897,0.07018422214326475,0.08220549759359153,0.20226213163646545
1428412035,0.17109187419920974,0.05367852105472829,0.06241049990848111,0.029097623738923526,0.04471505324246046,0.024031783972350527,0.05342011477545571,0.04205023848746192,0.03849176868331234,0.05006083314491209,0.024268656395017067,0.04942558437503365,0.029684421331438355,0.06792316719962961,0.05446450682084908,0.20518535267073654
1428417521,0.15217976463494728,0.06221669519902667,0.05273641482821366,0.022056052628745545,0.055589650828515136,0.014244646144901322,0.06938208598468942,0.029447548908771812,0.02676120029716722,0.07076563627162807,0.01278034389569,0.05427070211139464,0.02209373687780613,0.0762836870269281,0.061915221206541984,0.21727661315503294
1429277500,0.1187323018616019,0.09755913735370435,0.0416034109628864,0.0264866436254401,0.030023579572983624,0.01176286917105419,0.05541199651151523,0.030750347233437773,0.013356374559901806,0.05790454041366538,0.00746148131399593,0.031170257437255725,0.013760134371265222,0.06625967677681234,0.07605758153256457,0.32169966730191546
1429278230,0.15236818588025022,0.07545463354759521,0.04742831917482262,0.023493437557199303,0.03548241222261701,0.014707624061931372,0.04570561064633871,0.02815551751240888,0.02409100207801716,0.043670661197067084,0.013302539918386685,0.03784036952097936,0.021302367647533838,0.053700054911334345,0.07407646672480807,0.3092207973987101
1429280642,0.17059659549727058,0.05811449551557436,0.057893773485362364,0.02933987962574157,0.04438666192921821,0.022642850221260374,0.05381849112266762,0.04255090065355255,0.03808262540779741,0.05052919452609365,0.02374107690816887,0.048623448216458316,0.02977055675786255,0.06305113214251107,0.05873359389299826,0.20812472409746224
1429286906,0.17632460135447958,0.08409509351077232,0.059934106398785485,0.027380298674591127,0.030055880357892695,0.017916168696232655,0.04579712953691442,0.034432636713072125,0.029560601655953568,0.04669078458606544,0.01762546163205099,0.033388244667678764,0.02686886958019747,0.06781011445244785,0.08289996446913658,0.21922004371372888
1429287934,0.15087696631028133,0.04480657213303617,0.08317452114086371,0.023520354877956867,0.048558846646640175,0.0226536171495634,0.06232436448205692,0.033937358011133005,0.03232231876567934,0.06718024914672094,0.021776112492866914,0.05135824800542652,0.02558760511213756,0.09718767832725002,0.045947866533156766,0.1887873208652304
1429288190,0.14897660346479752,0.05008775046566965,0.08053124024247124,0.024871604379986437,0.04510804612552085,0.02017722363986778,0.07741959796289716,0.035886172033980424,0.030631911022104507,0.07235914166047566,0.020457163775746415,0.04670155151436847,0.024920055557350045,0.0832606565672879,0.05640793737954499,0.18220334420793088
1429294428,0.1758508565091465,0.0984958601160675,0.049780893009033454,0.02748796795762137,0.02795632933880293,0.014594571314749616,0.04961938908448808,0.03306523681858802,0.02970057172389289,0.04896798992215511,0.013840886333537906,0.03006664728619572,0.02444631071201697,0.05898661670811934,0.09798981448582532,0.21915005867975929
2419777,0.14415840304919408,0.08168330157089485,0.04510804612552085,0.02572757518007688,0.040908944087341324,0.01360401391087137,0.0561010799229088,0.02972748904465045,0.021695360530594225,0.054459123356697565,0.012080493555993409,0.0411619669024624,0.021226999149412663,0.0720953519170516,0.07485168556262582,0.2654101661337037
2419784,0.12788957438332418,0.05123442832994175,0.05751154753060499,0.02170074399474574,0.05189659442057775,0.01339405880896239,0.08407894311831778,0.028925352886075124,0.020984743262594613,0.059907189078027924,0.012974148605144438,0.04384831551406698,0.020699419662564462,0.10190897638812624,0.04360605962724894,0.2594399043896767
2419794,0.14123518201492294,0.06917751434693196,0.05512667291148508,0.024516295745986627,0.04966245679770018,0.012220463623932728,0.07487321941923189,0.028688480463408595,0.01809382301323256,0.05748463020984744,0.011429094393660431,0.04831659075982213,0.02063481809274632,0.07935764505744156,0.0588789474250891,0.25030416572456043
2419799,0.14101445998471096,0.05037845752985131,0.06550060833144912,0.01951505754923178,0.07129859922262778,0.01015859685390355,0.08289458100498509,0.021528473141897347,0.016861009722536256,0.07119092993959754,0.009200340234934377,0.06201750702542073,0.01878828988877763,0.0937853289834943,0.046184738955823285,0.21968302163075892
2419803,0.1700743994745739,0.06623275945605478,0.0650483973427221,0.025205379157380192,0.049145644239155004,0.028440841112439032,0.04157111017797732,0.0341096288639814,0.03017970003337748,0.03782421912852482,0.02533458229701649,0.04633009248791412,0.02235214315707872,0.07051261345650699,0.06097311498002735,0.2266653746352703
2729310629,0.08985338946146029,0.05390235641360623,0.03139062273189142,0.020733536555862003,0.029606377316494892,0.011316349736294577,0.04134610732084967,0.02890477572942372,0.015259834518798084,0.04735205883776068,0.008213577200367736,0.032364397348429864,0.015949339526781826,0.0736258286156675,0.051398364542507374,0.4487830841438041
2729398997,0.15999540329994674,0.05561402235447816,0.06060990951758843,0.022245608941791263,0.06022886727633425,0.019021870614990083,0.0609546620215803,0.030937001016112645,0.026170948855663616,0.05497895195238786,0.017177142304156384,0.060355881356752315,0.023467363429622103,0.076970532733343,0.056067644070256925,0.21520419025499588
2729466735,0.16102361252237868,0.0596421831905937,0.0606703924130256,0.022832293027531814,0.052626167319881935,0.017116659408719214,0.06812793342042871,0.03488048579861615,0.028717278753568488,0.05607369235980065,0.017703343494459768,0.055910388542120285,0.023588329220496442,0.07138191319494848,0.06184376058450671,0.20786156674892334
2729490129,0.13689093724294774,0.07020249673392365,0.04560410315962646,0.025735472008515992,0.042525523781874484,0.0152295930710795,0.061904243479943874,0.03374340736439735,0.025511685295398462,0.05823898001645135,0.013790100159674844,0.0447331494653312,0.022741568684376056,0.07093433976871341,0.06902912856244255,0.2631852712053032
2729552805,0.17781366429573714,0.06347679876131031,0.0613478008419219,0.029437025209270818,0.04394082353510427,0.022336333284947017,0.054894275898775824,0.038836067160207086,0.03558208738568733,0.047600038709053084,0.023013741713843325,0.04544684763148982,0.029406783761552237,0.06298688730826921,0.06388808245028306,0.19999274205254755
2729652741,0.11201432234963953,0.06569652102385445,0.036531668844050895,0.02071539168723085,0.04064450573377849,0.01279818067450525,0.0592490443702521,0.03055595877485847,0.0155501524168965,0.04228964048966952,0.009628876953597522,0.03722722214157837,0.01859849034692989,0.07127304398316156,0.069083563168336,0.35814341704166064
2729663827,0.11427638263898968,0.06834567184400253,0.03771108530507573,0.0250641118691634,0.03754173319785165,0.014896937146175062,0.061553442686408284,0.0357514394929114,0.017703343494459768,0.048120191609812735,0.01134659118401316,0.03922315769100498,0.020128707601490298,0.0761177239076789,0.06367639231625297,0.32854308801470944
2730271392,0.15274350413703006,0.060168384380897076,0.05846276672956888,0.02438670344026709,0.05462815115885228,0.017050128223738328,0.06529128562442542,0.031934968790825954,0.024543958968403737,0.05202738665505395,0.015743697682295447,0.05483984129288237,0.024404848308898244,0.0717811003048338,0.06145667005370881,0.23053660424831854
2730391894,0.15107417622296415,0.06927106014419121,0.044938791309817594,0.028215270721439974,0.03321720617409397,0.018271882711569168,0.042773503653166886,0.03510427251173368,0.03001766100546765,0.043444863792519474,0.016699327430202738,0.03491677553587846,0.025112498185513137,0.055251124981855124,0.06846058934533314,0.30323099627425365
2730426066,0.1321430299511298,0.05627328591474331,0.044279527749552426,0.022257705520878697,0.041406590216286836,0.014921130304349932,0.0482472056902308,0.029860405477331008,0.024979435815551364,0.04887017951323366,0.012852615280398706,0.04323922194803309,0.0209815164271544,0.059436541346107326,0.05315841679972904,0.3470931920452896
2730437774,0.17852736246189574,0.07986766342478349,0.053230996274253636,0.02774955242657377,0.03924735084917985,0.016892872695601684,0.0505878937436493,0.03722722214157837,0.03469298882276092,0.04532588184061548,0.018144868631151112,0.03893888808245028,0.026926985048628248,0.05597691972710118,0.08939371945613779,0.20726883437363916
2730470544,0.12130449508878888,0.0621280301930614,0.0431001112885276,0.02161658682924469,0.045204916049741126,0.01357236173610103,0.06446266995693617,0.030072095611361108,0.01842308995016209,0.04888832438186481,0.011558281318043257,0.04480572893985581,0.02092103353171723,0.07524677021338366,0.07124280253544298,0.3074527023757681
2730473700,0.10334107514394927,0.063119949678231,0.035975226206028936,0.023213335268785988,0.03832801083853486,0.012828422122223834,0.05969661779648715,0.03246721827067305,0.01459452266898921,0.0432029322107708,0.009526056031354332,0.03555789422751246,0.01745536362316737,0.07323268979532589,0.0629082595442009,0.3745524265737649
2730500198,0.15352978177771326,0.05754342671892389,0.06675497169400492,0.026485459911936904,0.04336623602845115,0.019886776019741616,0.06559974839115497,0.039374364929597915,0.032932936565539264,0.05550515314269125,0.02135046208932114,0.045549668553733005,0.02632820438380026,0.07154521701262881,0.07205327333430106,0.20219431944646052
2730527690,0.11901824164126384,0.1207782938984855,0.04190254995887163,0.026606425702811246,0.02707819228722117,0.011207480524507669,0.05096893598490348,0.028989451783035764,0.013487685682488992,0.06970653699133884,0.007197464557023274,0.030356365219915808,0.01427396332317221,0.0723133497846809,0.07070450476605217,0.2954105578942275
2778342839,0.15756716185128866,0.0667085819004172,0.05107322493858931,0.02503704136936094,0.05234042967988458,0.01802355051273053,0.05474324482395602,0.028565719187429325,0.02293153195305494,0.0611036378523804,0.01423655788201349,0.05457753343470971,0.02163508402542208,0.0670643740008578,0.06268764377899949,0.24170468280890556
2778343217,0.16147737015477642,0.05363589188213528,0.05761247236135554,0.024039980145300302,0.06040453950633996,0.01982085645954605,0.06094039077658951,0.03384323812102342,0.028456522720093858,0.051340192229592525,0.01969676458643563,0.06110960696719463,0.02670231487748748,0.06170186363431252,0.05997585849014034,0.21924213708767654
2778909422,0.16687963977120604,0.060344407934769376,0.05115005476451259,0.026925885359620295,0.054295971765851284,0.022605573810393086,0.05232444931240112,0.0374345868321772,0.030534258245101618,0.05102227090178897,0.0207435803821346,0.05960204454180359,0.02714494341000365,0.0623646099549714,0.05677862967019594,0.21984909334306926
2779198886,0.176113437200338,0.06891395368708877,0.051691399166405576,0.03139745744206139,0.04543944097904621,0.01611172823682436,0.060634974887730585,0.03678069250999269,0.033471949262772124,0.05752561071710007,0.01707539377367627,0.047874713985967515,0.03200508891357392,0.05673758865248226,0.0713397324522677,0.19688683813267246
2779203671,0.16343150379294955,0.05310129406514949,0.06816684728331315,0.021530566711289605,0.06026221287265464,0.016452051592613842,0.0738562716474363,0.0277671532691613,0.025408512356303526,0.06444295701323816,0.016351118760757316,0.06028877414419584,0.02324642485285056,0.07675676249973439,0.05772295531331676,0.1912145938250356
2780060136,0.17041208311506895,0.05620307316221408,0.06707263837960538,0.026414353064431642,0.039597520516850004,0.020892264711017985,0.06268115942028984,0.041505151038938363,0.036214422909027405,0.050550026191723406,0.022887200977824342,0.04670420813689541,0.028116815086432687,0.07069582678540247,0.06345818054828008,0.1965950759559979
2780638617,0.16996862831264267,0.058672379487555076,0.05465631523052697,0.029589482550261836,0.05070738882582,0.023406696695596974,0.05045104429877565,0.039055919727542396,0.032854823549517215,0.049309700809316286,0.021520733389484997,0.05465631523052697,0.02782558806655192,0.06376875282284153,0.057598173850416864,0.21595805715262265
2781496564,0.14619930971049733,0.07201140161553242,0.05399830614976914,0.025539800927064267,0.03986467411596499,0.01428389294138003,0.0682457722044641,0.028171643490060013,0.022602883188081124,0.0647578978043694,0.011183054212314109,0.04164503820269741,0.023572749046070905,0.07720223296815379,0.06845522680290321,0.2422661166206777
2781496672,0.13935742971887546,0.04871063200169098,0.052229972521665606,0.024508560558021558,0.051939336292538565,0.014352145423800462,0.06435742971887551,0.0304850982878884,0.02210949059395477,0.05607693933629254,0.012877827097865144,0.05220883534136546,0.023076516592686537,0.06471676178397802,0.052441344324667086,0.29055168040583385
2824302459,0.17084172466994074,0.07178862075869462,0.06502844221460624,0.02369006819065117,0.04450058297706957,0.010658469655749096,0.0779775995477511,0.021799809207504503,0.020604411782025458,0.0717709547868895,0.010004828698960064,0.04630840075845906,0.024114051513973785,0.07303701609958897,0.07471528342107432,0.1931597357170618
2825137090,0.16824527023757682,0.057059563555426525,0.05417452944307351,0.027652779793874288,0.04996491992064645,0.02610441767068273,0.04664440896114578,0.04063845744423477,0.03270310156287802,0.047503266076353606,0.021840373542362217,0.05363018338413897,0.02593506556345865,0.06462597377461655,0.052989064692504965,0.23028862437702616
2825137258,0.11639188332276475,0.044271824138659904,0.03922003804692454,0.0198002536461636,0.052351511308391455,0.015393151553582753,0.05045973367152822,0.027753117734094272,0.018716973155781014,0.048250898330162766,0.011646586345381526,0.048198055379412394,0.019181991122384275,0.061281969985203966,0.04292432889452547,0.3841576833650391
3019555725,0.1717406538907307,0.062006414921430685,0.044675345678014074,0.035120347160453896,0.04570631519366055,0.021643621465728687,0.04648122692110725,0.047707608959327234,0.03595590415352686,0.04365111452521495,0.020026414382361662,0.05133958653405569,0.03169725883399369,0.05278159618339128,0.05898089000296487,0.2304857011940379
3020386076,0.16127343047755704,0.05404781343031263,0.05718974460470218,0.02793102595185671,0.04876590551116169,0.015783874718586874,0.06424878157393434,0.03406232733809982,0.02840932518575328,0.05805975441808301,0.01646421414611217,0.05249746418940649,0.028932980381484875,0.05985337654519515,0.06803394275252961,0.22444603877522407
3020386296,0.18443744949769045,0.057654039581750416,0.07149317992691487,0.023885331114246774,0.058926396275793866,0.013031103392549176,0.07382683888707983,0.023897391367270884,0.020954689629388425,0.06468516709480565,0.012874320103235764,0.05945704740885464,0.022335588600648843,0.06870726147834581,0.055971634284887294,0.18786256135653728
3297685197,0.12235537323556962,0.0671264145052058,0.03781883566437331,0.02546916890080429,0.03934773948340278,0.013248705276871562,0.05152513539412341,0.033991192652648126,0.01659721997911216,0.048101252193761636,0.00914112212926774,0.04012834178537205,0.016699505797990892,0.06369714784069253,0.0643485470030255,0.35040429815777857
3297701675,0.14351238735101265,0.05203656448851706,0.056822464119211435,0.028139367119954347,0.04669616805021695,0.020268742530443487,0.06521528473141898,0.03939619066076639,0.029829774863529182,0.05907813559869505,0.018869041851050317,0.05102985669218429,0.02840315686337845,0.07528774615889834,0.05824908211936216,0.2271660368013609
3297716571,0.15608815960894518,0.058604390753361976,0.05985873790066432,0.027557952991591028,0.02831163797280274,0.022605165972199786,0.04075282362694746,0.04719144675215608,0.043595292698945916,0.03513248705276872,0.03125639286367992,0.033097537603497096,0.030346587422074363,0.0709594409810825,0.0605585882403609,0.25408335755892203
3297722685,0.15666419027315698,0.06576978153902473,0.05515359023224264,0.024349408357289746,0.04072052284203839,0.014605338243052641,0.058744360821301286,0.031094888939134563,0.0256952743951678,0.05065301420157843,0.015009098054416057,0.043083863604552255,0.022556714794836185,0.05683323104751445,0.0666795869806303,0.27238713567406353
3297727311,0.1480291137741314,0.053570851771698055,0.09456593128546355,0.023816445406290042,0.039240070200372526,0.01870215446235344,0.08082733077080438,0.03201007784489164,0.02381106194213853,0.0725044951925665,0.017453190779202602,0.041538809393068254,0.020058787428534515,0.09062523552655664,0.05810911205142285,0.18513733217050507
3297729299,0.15490379749561248,0.04005297328725088,0.06913444663371987,0.021883781775897157,0.0565855916965449,0.01922435048505012,0.06552752565220668,0.029377563874802164,0.027552569527439518,0.07361887227192954,0.017216318356536062,0.05934730880627065,0.023638791089290137,0.09915802620670348,0.04045673309861429,0.20232134974213206
3297734497,0.14156357332816522,0.07549231779665577,0.0726283148680513,0.023628024160987117,0.029194526093650745,0.01443845085435576,0.10595195796591192,0.033544365128072615,0.027924028553893858,0.0720145999547789,0.01329177299008366,0.03201546130904314,0.02326194859868428,0.0728598038265663,0.08206552752565219,0.1801253270454472
3297737361,0.16521313134575838,0.07297824003789959,0.061446859825360425,0.024160987111986817,0.04219559201955274,0.015595895646930888,0.06478999106344953,0.030707279520225682,0.028871518244560013,0.056079546066302735,0.014987564197810006,0.04294389353661294,0.0245485965308957,0.06968894344132562,0.0795083820536839,0.20628357935764505
3298515160,0.12991914036844426,0.08272769361628819,0.03709745146807068,0.02490390516489551,0.03141251332407378,0.012037425842781313,0.048338124616428176,0.029038405633256888,0.017614694703747966,0.050399991386457364,0.008484339502783251,0.03334517695446666,0.018750605639717047,0.06755170817317528,0.0737319250191113,0.3346468985863023
3298517012,0.1357924997577441,0.06069317484414871,0.04808510180130711,0.02433325796483521,0.04124271886473508,0.015348256295961324,0.059659549727058364,0.034136546184738964,0.021619992032473057,0.049334065484457935,0.013108735208932245,0.04451586506885451,0.020602517307837246,0.06566211225599447,0.06557059336541878,0.3002950138355029
3298521154,0.15701411544300525,0.05014158510718477,0.07755418456668497,0.023105828138290426,0.047643657740883104,0.016834092401778696,0.07625676970617053,0.03153094953540704,0.028203968689772495,0.07024344024893138,0.015272887797840154,0.04739063492576203,0.02347728716474477,0.08976388126231467,0.05571885396815143,0.18984786330307826
3298533854,0.09581489496861441,0.05547659808133337,0.04341763838194602,0.01635496409229411,0.03035197088622587,0.009873273253873405,0.057656901062695824,0.022007601451381937,0.0141477437901741,0.04465045167264231,0.007407646672480807,0.024602431172410826,0.014196194967537712,0.05464216113784898,0.04427899264618797,0.4651205357623524
3298558312,0.13739677207489476,0.08050432292171367,0.03715666957373731,0.02355265566286594,0.03934773948340278,0.012064343163538872,0.05845365375711964,0.025959064138591902,0.01907899695295929,0.05385079190757669,0.009905574038782476,0.03685519558125262,0.020694036198412955,0.05922348913078587,0.08133875986519806,0.3046179355491672
3298560930,0.1646532510740011,0.07528236269474681,0.061263822044209014,0.02611518459898576,0.027557952991591028,0.01623652788096084,0.0556165681492727,0.03757657977755526,0.034260365860223733,0.05062071341666936,0.016026572779051864,0.03033043702961982,0.02513539412341053,0.07595529571368584,0.0883641805829215,0.21500479128309485
3298563892,0.14642484145698073,0.0628465605047536,0.05429223596800069,0.025232296478137756,0.04333688641967332,0.014508435888325419,0.08939780570001182,0.037167436502040324,0.03491176502255672,0.08251773851437921,0.01427156346565888,0.04331535256306728,0.026465109768834046,0.06699721136556952,0.07026497410553743,0.1880497862764732
3317345326,0.15284703769761826,0.06047755978597168,0.06491221684320363,0.02394472148412381,0.05362234436234364,0.018885208507747,0.06297698346255111,0.03239544279838387,0.02733592982200706,0.05831786359941276,0.01651318263992526,0.056097501789635885,0.023659593054999453,0.08158313010349555,0.05740787925114355,0.20902340479743747
3629356261,0.13035520096471678,0.0864638177374377,0.04718606328800457,0.026260538131076584,0.03212313059207339,0.01567664760920357,0.054706762707667125,0.03272607857704276,0.02112471333053393,0.06677648933535753,0.012651140756053706,0.036053059422677294,0.02235214315707872,0.08071966148777415,0.07642904055901892,0.2583955123442833
3629357957,0.10698019961885072,0.035460878366010966,0.05008775046566965,0.020812472409746225,0.03815261044176708,0.01575201610732474,0.053463182488667806,0.03150403221464948,0.024392476070501847,0.053091723462213455,0.013237938348568536,0.03984301818534191,0.01802922144341441,0.06539832251257038,0.0386532726078577,0.3951408852568451
3629359103,0.12259224565823615,0.06895679231671996,0.05175662435263843,0.024467844568623016,0.04065592127222025,0.01526750433368864,0.06607663899566092,0.030578076380589382,0.02138850307395803,0.07089483941126436,0.011606748710660336,0.03976226622306922,0.02211527073441218,0.08665762244689212,0.06209287552354189,0.2651302259978251
3629372925,0.16130471707619007,0.07965194109772422,0.08278994112651321,0.0249888442659527,0.03325848195649984,0.015524463445178563,0.06874091347468728,0.028968922284118556,0.025104000230311927,0.08101222092671764,0.013271724892401145,0.037073023275899286,0.021044752486649103,0.08662607418923003,0.06809316117516662,0.1725468180967598
3629404073,0.14793942796274706,0.07226756488318865,0.07333275755351154,0.023592578198097045,0.033827064530523525,0.017359761627153775,0.07326798232355945,0.02922082595615437,0.02508240848699457,0.07309524837702062,0.015567646931813275,0.037526449885563765,0.02313195434066013,0.09437751004016064,0.06408429416591095,0.19632652473694054
3629408961,0.14351312058268914,0.07274978048394296,0.06023376660764924,0.02137582588418189,0.039894344402700406,0.017251802910567,0.08268198240992644,0.03444602783895438,0.034813087475349426,0.0940536338904003,0.013933871687466712,0.04314750039584863,0.020814440557930646,0.08222135855248953,0.057757913373925815,0.18111154294597745
3629413075,0.1473204646543162,0.050085647248492175,0.08181831267723222,0.022405032315642497,0.04755941328036159,0.01800751392667444,0.0748297850901815,0.03140878927897972,0.023491816729282727,0.06579004188798204,0.016819968044219886,0.04901325733039685,0.022073958918109714,0.08878524852096559,0.05969397302471535,0.20089677707244746
3629414913,0.18837356594838134,0.06655295015186193,0.060025046422248124,0.031012940651494868,0.04021102330468829,0.0232111240661571,0.04814239034993018,0.041830404053489936,0.03803745447740784,0.04316189489139353,0.02345583049042046,0.03985116091606569,0.028270789250190723,0.055634725281052524,0.07047545018784816,0.20175324955736929
3630177754,0.15845150037145905,0.06702951215047859,0.054889800488818544,0.03037350474283192,0.03674752629822238,0.01616654284699118,0.05497593591524274,0.04164109521194698,0.03168706999580089,0.04563024214821754,0.015875835782809523,0.036542954660464914,0.025582221647986046,0.05899738363642236,0.07182079524532446,0.2535880788569829
3630184852,0.1637014005844165,0.06218422075398367,0.06180996386981617,0.02624836262613177,0.04093794532970592,0.021311050654229818,0.0591325876984641,0.03748326639892905,0.037073023275899286,0.0601042161477451,0.02085762404456536,0.0442270875617164,0.0283643534712326,0.07025953275467461,0.06928790430539361,0.197017460523096
3630189388,0.1300686617437492,0.056066560147399636,0.043989578385225485,0.028385945214549964,0.04406874811072246,0.01702149098184854,0.058240128974680075,0.03985835816383815,0.026557844280347197,0.04891969310935498,0.013300513883490954,0.047422665572685006,0.025492651610024328,0.07046825294007572,0.05947085834376935,0.29066804853823897
3630191670,0.14950842797714153,0.0646312849966173,0.07026673000244707,0.022793683695354897,0.044918023347871774,0.015877128586028702,0.07572224381396554,0.03070345899727944,0.02578773876869485,0.07662909703329446,0.013142174432497012,0.04724273437837371,0.0218220552460739,0.08731700997538541,0.06460969325329992,0.18902851549567445
3630193866,0.15759093722560494,0.06780527126426854,0.0549221977515798,0.021670913042852413,0.04011026183587396,0.01609304601920226,0.05744123447193794,0.03381267003497863,0.02568697729988053,0.046544601344445886,0.017338169883836418,0.04455816095924919,0.0224194268111874,0.0696189777029264,0.06169480790545695,0.2626923464467188
3630226176,0.14742842337090298,0.0708281153286983,0.07750716126153359,0.022786486447582445,0.03307855076218854,0.014955880871154868,0.08186149616386694,0.026788156209065654,0.02447064242633617,0.08936822559053417,0.01183227533791078,0.03582789941126512,0.021469390105223758,0.09508284032186093,0.06439377582012638,0.18232068057174936
3630233340,0.18681176318175927,0.07325358782801457,0.054907803256034886,0.029422348893783017,0.03403578471592463,0.0236141699414144,0.042384592131968726,0.03964244073066459,0.038102229707359915,0.041074693037382495,0.024189949763210546,0.03447481683004419,0.027766981906119096,0.060780757438355565,0.07540556491197765,0.2141325157259864
3687286761,0.1456119383701024,0.07718272554023063,0.03698978218504043,0.02616363577634936,0.04123195193643205,0.018266093866080947,0.044994993378339086,0.036973631792585886,0.02956598512010508,0.050976022050669166,0.013948555616568149,0.04245938176297684,0.02553377047062244,0.0721976377359303,0.06706719639953918,0.270836697998428
3687287373,0.13924868374301494,0.07939532930650214,0.03726972232091906,0.026922704221712588,0.029856692184286743,0.015299805118597716,0.04569484371803568,0.037178203430343365,0.026922704221712588,0.041759531423280254,0.01331869031084122,0.03245152190531563,0.024112535934623213,0.05677939640599933,0.08815422548101251,0.305635410273803
3687288073,0.1672642311874845,0.05573500436060596,0.06385326830108638,0.02624438773862205,0.04061823702315966,0.020699419662564462,0.04905950881273082,0.039740732366463166,0.03487408077349613,0.04319153288758249,0.02116778104374603,0.04077435748355352,0.02579756021404653,0.07559460361553452,0.06116691968948178,0.23421837483984195
3687288705,0.15538292580509708,0.04474197056321802,0.07999827729147152,0.02040871259838281,0.06052628745545184,0.020091088213443586,0.07283826996996028,0.02950676701443845,0.028688480463408595,0.06638349645229713,0.01833069543589909,0.06203365741787525,0.02162537549662457,0.09005997179064784,0.04695995779364105,0.18242406623814286
3687292105,0.1395286238788936,0.05179430860169903,0.06425164464829829,0.02121623222110964,0.05855593957599836,0.016279595594172937,0.07702122161568527,0.03079879841080138,0.019348170160534903,0.050340773280790715,0.015052165767628153,0.05833521754578636,0.022669767542017938,0.07885159942719941,0.05392616040569786,0.24202978132368616
3687292619,0.13286927872347298,0.05788839002121085,0.05665019326636304,0.02444092724786545,0.04758982309936798,0.01594043735262767,0.06874683721481098,0.03175705502977055,0.019396621337898514,0.055837290179484696,0.012538088008871948,0.04714299557479248,0.022034518772139498,0.08391743919377241,0.06103233308569399,0.26221777189185697
3687293943,0.12760425078329404,0.06295961325193536,0.04740140185406505,0.021302367647533838,0.05326937777921337,0.016607986907415183,0.06354641084445019,0.03127254325613446,0.020855540122958326,0.051584353499790035,0.014486902031719371,0.05075530002045717,0.021722277851351786,0.07618678467220086,0.06186138656502686,0.2785835029124541
3687294985,0.14018540650537809,0.05743617903248384,0.06838076165250816,0.02163075896077608,0.055982643711575526,0.015703564929961132,0.08189325667280381,0.02894150327852967,0.02114624718713998,0.06247510147829925,0.014115443005265028,0.05525049258696986,0.02194299988156379,0.08380976991074217,0.056230283062545086,0.21487558814345856
3687299229,0.1472485114721621,0.057893773485362364,0.0466261830162473,0.02575987596498595,0.03754427899264618,0.017797732484899385,0.04893568913724604,0.038723257641827366,0.029194526093650745,0.042701637649794885,0.017533942741475284,0.041420373181734985,0.023784144621380968,0.053883092692485764,0.05614414763612089,0.3148088331879798
3688093680,0.14488517070964824,0.05306480614145591,0.07028650796214347,0.0186860040698989,0.05758153256457465,0.01405084143544688,0.08135491025765258,0.02601828224425853,0.021345435360745933,0.07297285657374808,0.013162569850447366,0.05640255391539348,0.023606490304381063,0.09763450585182552,0.052074248737577655,0.1968732840208017
3688095294,0.12149401897132768,0.06467155485211624,0.04375679662349129,0.024564746923350242,0.034787945347071934,0.012037425842781313,0.06287347782551116,0.03449723828289027,0.01917589930768651,0.051299029899759895,0.010050927570873306,0.037538895528494674,0.023461136772290232,0.07836708765356332,0.06608202245981244,0.3153417961389795
3688100320,0.16511622899103115,0.06053705438375486,0.0590996694553011,0.024424776855410918,0.05224651959042605,0.017512408884869237,0.06136072439893622,0.034012726509254174,0.03199392745243709,0.057576149100423135,0.01766852934526309,0.053371663598092096,0.025151544515865067,0.07280596918505118,0.06702412868632708,0.20009797904755752
3688101398,0.15131302690655382,0.059810286723300715,0.04988317882791218,0.02741798292365171,0.03822797893988824,0.020672502341806905,0.0459209492123992,0.04046750002691732,0.031046437761770945,0.04149035821570464,0.019019778847292657,0.03820106161913068,0.025625289361198143,0.0655813602937218,0.06065010713093661,0.2846722008678144
