112242497,0.16471839739912028,0.11317292981449607,0.048294367947982406,0.02841126410403519,0.025608385924650985,0.013488477720405432,0.050445830942818896,0.02801085293555173,0.02034327787339836,0.06171113023522661,0.010548144960795564,0.029445161598776057,0.0208572384777204,0.05823293172690764,0.09418626888506407,0.2325253394530503
112242501,0.16981258366800536,0.07738225629791895,0.06949008153827431,0.02493610806863819,0.03237191188998418,0.014463916271145188,0.06593647316538881,0.028234148716076424,0.02542898868200073,0.062121212121212126,0.014737738834124376,0.033807959109163926,0.02356091030789826,0.08080199586223681,0.07995010344407935,0.19696361202385296
112243180,0.18313731114935936,0.09761665710460893,0.05869310575635878,0.03057467967106521,0.02622394339261809,0.015406865557467966,0.05443799005545994,0.03317436412315931,0.02854274239816408,0.06048599158538918,0.014743497800726715,0.027401271753681396,0.026516781411359724,0.05933256836871295,0.08686531841652324,0.1968469114553452
112243571,0.2031757984318225,0.14038893669917765,0.041887789252247086,0.025321524192006117,0.023193966341556703,0.012107955632052015,0.04206110154905336,0.023008701472556896,0.018269506597819847,0.05372681200994454,0.009299101166571044,0.026821572002294892,0.0192137598011092,0.0471170395869191,0.1140096098680436,0.2003968253968254
112243572,0.16432721175966,0.11548459209004305,0.03903640451774736,0.03086780780078242,0.02361549758906175,0.016018767627142876,0.042844517227486,0.030653357767640145,0.02260173379602553,0.04877113632523622,0.0129904732197398,0.02940564848390325,0.02363499304662014,0.05374247800262538,0.0933702447329772,0.2526351360133089
112243575,0.15736733341131515,0.10441117219687812,0.04511248879011191,0.028866274158121163,0.028495860464511767,0.015726335763767044,0.05200088379407598,0.030087989498446863,0.021451501800080583,0.06547224496692271,0.010910957746844986,0.03548823124212058,0.02403140068364071,0.06670695727895401,0.08279720825047764,0.2310731599537308
112244038,0.1841013907261092,0.095533469188326,0.0582269731745975,0.03122877265739516,0.030013227986128488,0.017440682611752648,0.0500637565097184,0.030090689166160187,0.022159856041376186,0.05253059716611252,0.01452695053209872,0.03405312645239712,0.02250545207536377,0.061176456568112214,0.0802736167220812,0.21607498242227066
112244042,0.17976356464433402,0.08378916258505834,0.059418683636623636,0.030877218071097445,0.03521504415287262,0.016004671505011142,0.05718422652032463,0.03100830622192032,0.025913743996758547,0.05585546935516548,0.015027468926149702,0.03814069333714681,0.024686282220871616,0.06297593936577169,0.0780034082919214,0.20613611716897265
112244446,0.18170897877223174,0.08492900172117039,0.05465911264104034,0.03237354178619239,0.03252892522470836,0.019924937846624597,0.048479632816982206,0.0368378275004781,0.030000956205775482,0.049525482883916616,0.018155957161981255,0.03654498948173647,0.02640323197552113,0.060671256454388985,0.07708213807611398,0.21017402945113786
112244447,0.1880438420348059,0.10257697456492636,0.0442962325492446,0.03267833237712756,0.030245983935742973,0.0184846528973035,0.04601142665901702,0.03310264868999808,0.027873398355326068,0.049627079747561684,0.015239529546758463,0.03380785044941672,0.025662172499521897,0.052477768215720026,0.08783945305029642,0.21203265442723274
112244448,0.16125580164971262,0.1104537912127552,0.03937306110670226,0.026633480027896016,0.02607435730947743,0.013166438207921507,0.04446528629488012,0.028172570521607387,0.01976769352860544,0.05557559579635909,0.010214510737561022,0.03060144770699565,0.021595363489887696,0.06168987326551716,0.09023519226607027,0.2607255368780511
112244851,0.1771938051607628,0.07324507611283457,0.06756967991727389,0.028304836110910708,0.03322872327633889,0.0172005386816728,0.06131712478657144,0.032567395329822287,0.030036312916336006,0.06140730587018733,0.016382896856888634,0.0350624053098622,0.02624269533222711,0.07258976023855902,0.07387033162590481,0.19378111247384747
112244853,0.15867649703290776,0.10324282203440628,0.05080021578852725,0.02798657315830486,0.02532518132230414,0.015458850326679853,0.05433075585925793,0.02931127495054846,0.021213211053167896,0.06345980938680093,0.012317928430138464,0.02962896361565665,0.02196247677276269,0.05978541029790805,0.09214769525864652,0.23435233471198225
1799241762,0.14813938533590554,0.09295186789453888,0.036005047379851725,0.024812239896140453,0.021681893738094368,0.014420218638906078,0.034809934602458174,0.030975867215083892,0.024502845217728917,0.04638493551244252,0.01264271587862022,0.02410245210449047,0.02285274026620076,0.06270398815807035,0.08629078246520827,0.3167230856962593
1799274620,0.16531988983122822,0.09017338235115688,0.04509882430022204,0.03165532219512491,0.02666860796660964,0.016476783265994492,0.04333345466457977,0.04211407563789903,0.03130952814278261,0.04321818998046568,0.016367585144202185,0.029210497579441632,0.02634708016355452,0.055806306798189736,0.07697860930125335,0.2599218626772953
1811502245,0.16337858988825393,0.11948094492774725,0.049369684174765525,0.02669287421589682,0.02259794464868537,0.014244288331574028,0.04611800677028354,0.02762105825113141,0.02011672065907133,0.056867955204503814,0.012175590579842029,0.024854705832393017,0.019619262548684163,0.06153314162996396,0.08875380676785692,0.2465754255693469
1811502361,0.12831992623060218,0.09720452808211699,0.03552578895642995,0.02193062279328796,0.018909474757034174,0.010149358764362586,0.041731882211625965,0.024800106771496862,0.016173455149904755,0.046051274584743805,0.008147393198170325,0.020972105946444386,0.01820575352770599,0.05867579077639865,0.09477183659107727,0.3584307016585981
1811503423,0.15310789987745546,0.08051541513485967,0.0469794586199784,0.02919229789247625,0.0355803880173261,0.015045074558050937,0.05334328249554108,0.03313556340164282,0.030084082553780075,0.061630206627112674,0.013273638360086873,0.03792208107353887,0.025200499884735317,0.0613754110095973,0.0738239968939201,0.2497907035998981
1811503757,0.1400526577609532,0.07967216297213021,0.03909899416396705,0.026577609531782717,0.029246896953372407,0.013607299287785585,0.04745871704340018,0.03021148036253777,0.024169184290030208,0.05070432788556037,0.010992610927092054,0.03249250779553258,0.02197308872954052,0.05276089251264878,0.08542326405319162,0.3155583057304748
1812346070,0.13394362950290586,0.09169002293160558,0.031115398148485175,0.021706159987381554,0.021912423106322573,0.010586151251531808,0.04162268408983365,0.026468411409990414,0.01688324294155474,0.04193814533056698,0.009439570972712601,0.024411846782902,0.01960712942404057,0.05910651670124607,0.0967131365340516,0.3528555308848688
1812346226,0.1557043885511836,0.09941882332957207,0.03481600116477997,0.02219755153544692,0.024751574272922502,0.011866195901430496,0.04296339436295029,0.025619092684939157,0.01907933850204443,0.041792547834843916,0.011611400283915116,0.026874871085550662,0.02106310438127131,0.05245756439655905,0.10276149916888096,0.3070226525437096
1812346442,0.1892888775646392,0.08711583494097233,0.05593370460694743,0.03113966439777236,0.03380288525704025,0.01602785765418168,0.051226052245234716,0.03487060022567612,0.03191011781264029,0.05334328249554108,0.015591065167012459,0.03609604581467865,0.028342979167424988,0.05640082990572561,0.0814253994831289,0.1974848032613839
1812346600,0.18573387204406752,0.08065494606826096,0.052196702216721874,0.03314162996396462,0.03629624237129788,0.019746660357441853,0.04871449544401169,0.038644001989832436,0.037291158592072216,0.05491452213688591,0.017150171683713706,0.03842560574624783,0.02907703320836215,0.0555029786821,0.07493417779880851,0.19757580169621086
1812346810,0.15907133063977966,0.08397942222060446,0.04167121658840802,0.027099333891457068,0.03268663778983002,0.01570632985112656,0.04348511872262464,0.03104259940062364,0.027275264198789114,0.046967325495334805,0.01420182239532147,0.036023247066817116,0.02472124146131353,0.05280942501122314,0.08028488576663148,0.2829747995001153
1812347970,0.1622562758587219,0.10004974581103873,0.04531115398148485,0.029525958820174964,0.02526116550795326,0.014098690835850957,0.043236389667431055,0.032559239981072324,0.024169184290030208,0.05107438818718985,0.012036059646440748,0.028804037903881387,0.022240017471699486,0.0613754110095973,0.07847705019473665,0.2695252308326964
1812348124,0.17293342554508062,0.07648721775318798,0.05154151348596804,0.029107366019971125,0.03376648588310948,0.01923706912241109,0.04634246957618995,0.03818294325337604,0.03326902777272231,0.047319186109998905,0.018897341632390586,0.03716982734563632,0.028433977602251907,0.06100535070796782,0.07528603841347262,0.2310207597762652
1812348642,0.14392312452225822,0.09819944430289132,0.0476771132869848,0.02526116550795326,0.020802242201434132,0.01187226246375229,0.04643346801101688,0.027190332326283987,0.01703490699959961,0.05418046809594875,0.00994916220774336,0.02474550771060071,0.01751416542302139,0.07410912532304445,0.08385202441184676,0.2972554872056201
193788469,0.1412405654790745,0.09313931328531284,0.047256048321974234,0.02617440270465239,0.022820504538260282,0.013302539918386685,0.0483004403673676,0.030152782712619917,0.021442337715473152,0.04796666558997384,0.01156906446159975,0.025302281512107408,0.02058636691538271,0.06941977023375001,0.08981771590382978,0.2915092003402349
193788811,0.15081774820461472,0.07872777975171462,0.05232727155269872,0.026831185331136882,0.025932146817834345,0.01360939737502288,0.049107959990094416,0.03091723462213465,0.02250826361747257,0.04824122226170096,0.012355050227720531,0.029485233157832406,0.0225190305457756,0.07334969906435394,0.07984754029522917,0.2834232371846636
193789218,0.1805936884266288,0.0990288230670672,0.05052381106194214,0.03025506853149865,0.02528074765550136,0.016591836514960646,0.04868804978627647,0.033582049377133195,0.03002896303713513,0.05365160373397074,0.014449217782658784,0.02868309699925708,0.02495773980641063,0.06058012209696696,0.09235871098334356,0.2107464711392487
193789678,0.17819266341505433,0.09553495483273576,0.057522314458908014,0.03134791175425562,0.02735876481798508,0.019025162311444167,0.04456431624621812,0.03863712221540317,0.031245625935376893,0.046071686208641535,0.017291686854657234,0.03133176136180109,0.024634731957319897,0.05946036155345241,0.07990675840089581,0.21787417767585085
193790888,0.15870990665073162,0.09913649235009744,0.03970843158155409,0.029862075648438256,0.0201879905681708,0.015455925578991569,0.0394877095513421,0.03673675936991935,0.02641665859147044,0.03970304811740258,0.013162569850447366,0.02396179893838087,0.023466520236441742,0.05058841263176028,0.0918418984247984,0.29157380191005305
193791308,0.14910580660443382,0.10098840401821764,0.034987133520677886,0.02968980479558986,0.018917493028413924,0.01448151856756786,0.04067745512882629,0.03637606727176804,0.024462461104471502,0.03787267030588843,0.011574447925751262,0.02376261076477492,0.0229174068929875,0.046335475952065636,0.09505044305909968,0.3128008010594657
193791736,0.16802329963284773,0.11087244420039406,0.044596617031127196,0.032440754977012605,0.021140863722988467,0.016554152265900058,0.04152804246476523,0.03687134597370716,0.026685831799046048,0.044246691861278886,0.013334840703295756,0.02533458229701649,0.023660324945896184,0.05300020457163776,0.08991461825855701,0.2517953852945293
193792167,0.17295455279563293,0.12530551159059833,0.042793156540370594,0.03382430526395125,0.020952442477685542,0.01492296262799186,0.04185643377800746,0.035886172033980424,0.02461858156486536,0.047234514465368166,0.011660583352175458,0.025528387006470924,0.023245798206229743,0.05396922811890996,0.08257695662004587,0.2426704135577161
193792888,0.1648685896400616,0.13546949190865334,0.04053210159673546,0.03266686047137612,0.020866307051261343,0.014766842167598004,0.042518599868643474,0.03581618700001077,0.024914672093198528,0.050200803212851405,0.011822087276720824,0.025173078372471118,0.02286895571562389,0.05338243052639512,0.08688911140540714,0.23724388169299174
193794600,0.17745512882629716,0.10938122463042517,0.04584019725012651,0.034039643830011734,0.025286131119652874,0.018287627722686998,0.040698988985432345,0.03895474660034239,0.03044887324095309,0.04913487731085199,0.014492285495870885,0.02993206068240792,0.023859513119502136,0.05731774282115056,0.08188248974450078,0.22298846861978747
193794990,0.15991580262067034,0.11444168093284665,0.038147226977615564,0.03379738794319369,0.025716808251773846,0.014212345359992247,0.04424130839712738,0.036817511332192035,0.02824165293883308,0.06419242654263164,0.010142446461449014,0.029673654403135324,0.024613198100713846,0.06468232178041924,0.08311530303519708,0.2280489249222089
193797926,0.1460641493588294,0.0700334851470224,0.04722913100121666,0.028150134048257374,0.034039643830011734,0.01557436179032484,0.05023848746191199,0.0358754051056774,0.029000721384196307,0.04784822937864057,0.014422300461901225,0.037215887679403946,0.02780559234256059,0.06933901827147733,0.07547616740420125,0.2716872853343669
193802181,0.17736899339987294,0.10467607696200353,0.04595863346145977,0.030567309452286362,0.02262669982880584,0.014939113020446397,0.04555487365009636,0.03303831949783046,0.0247693185611077,0.04364912734046104,0.014131593397719562,0.026142101919743317,0.02275590296844213,0.05575653821721202,0.09027531035670834,0.24779008796580426
1944634552,0.190160104223866,0.07892158446116909,0.05223036919797151,0.031536332999558554,0.03458875717346598,0.021340051896594416,0.04365451080461255,0.04165724560440152,0.03837333247197907,0.04454816585376358,0.019956501609655786,0.03682289479634354,0.02905993948986294,0.05657482476824186,0.07203075034723344,0.20854463430128015
1944634590,0.16109478126985152,0.0721976377359303,0.049479419016548766,0.02728339631986391,0.03365203441110286,0.017900018303778114,0.04683075465400476,0.03435726821495096,0.02915684184459016,0.04944173476748818,0.01669412233383938,0.037565812849252235,0.023611873768532576,0.06076315987811836,0.06384788483693488,0.27612325979521307
195133578,0.1556628659409757,0.10095071976915704,0.041431140110038005,0.028338555293560292,0.020650968485200857,0.014083142220355954,0.04500037684249061,0.03245152190531563,0.02138311960980652,0.0434983903442187,0.012468102974902293,0.023897197368562724,0.02123776607771569,0.054001528903819034,0.09628863981394749,0.28865596433993346
195152065,0.1675172540026056,0.09019994185858717,0.05345241556036479,0.02780020887840908,0.03174628810146753,0.017733130915081236,0.04840810965039784,0.034572606781011435,0.027665622274621274,0.04326151792155216,0.017636228560354017,0.03337747773937574,0.024828536666774332,0.053700054911334345,0.09116358194170784,0.2369370242363556
1954857953,0.15752554453739892,0.06796623491284172,0.04659388223133822,0.02963058668992323,0.032101596735467336,0.019272801662413727,0.0431000139970068,0.04016064257028112,0.032246950267558167,0.04326690138570368,0.0182014922962628,0.035455494901859445,0.02802631437277259,0.06180755192351175,0.07140626850565801,0.2732377230100025
1954857979,0.17582393918838896,0.07653670984204915,0.05023848746191199,0.029781323686165574,0.034884847701799164,0.021706127458897245,0.04362221001970348,0.039035498562615074,0.03589693896228345,0.04498960991418758,0.0208017054814432,0.036833661724646576,0.02854312693131776,0.05802297662499865,0.07381806044553549,0.22946477599405665
1954858007,0.16487397310421306,0.06440238164454062,0.04851577893342808,0.029517533942741474,0.03841101672103966,0.02048408109650398,0.04683075465400476,0.04087125983828074,0.03511095319616267,0.04389138322727909,0.021027810975806714,0.04105429761943216,0.03136944561086168,0.05786147270045329,0.07770492156292731,0.2380729351723247
1954858039,0.17024128686327078,0.06859071675441714,0.04864498207306438,0.029485233157832406,0.03721050421525243,0.02072095351917052,0.04381601472915792,0.03954154419285722,0.035180938230132325,0.04522648233685412,0.020349494492716173,0.039073182811675655,0.030249685067347137,0.05862592460996801,0.076902785404352,0.23614027154193176
1954858057,0.18088977895496194,0.07147625353962768,0.051315180292214435,0.029921293754104888,0.035590081505647256,0.022400594334442327,0.04287929196679479,0.04070437244958386,0.03674214283407087,0.043229217136643086,0.021894548704200174,0.03752274513604014,0.028898435565317567,0.05750078060230196,0.07020575599987079,0.2288295272241782
1954858119,0.1831939016118092,0.08046663867265309,0.05128287950730536,0.029975128395620013,0.03344746277334539,0.020015719715322417,0.04532876815573285,0.039961454396675165,0.034421869784769105,0.043514540736673234,0.020274125994595,0.03631146570194989,0.029216059950256792,0.055374312262454636,0.07674128147980662,0.22047439086103127
1955158215,0.17660992495450972,0.09818361919527978,0.0508145181261238,0.030567309452286362,0.0291299245238326,0.017485491564111673,0.04817123722773129,0.03844870097010024,0.031073355082528505,0.04992086307697277,0.016155775918688157,0.03356589898467866,0.026922704221712588,0.057032419221120415,0.07884083249889638,0.21707742498142704
1955158259,0.16854549565554444,0.0810049850878043,0.04753060499370135,0.02845160804074205,0.03498175005652637,0.01934278669638339,0.04895183952970057,0.043083863604552255,0.03613381138494999,0.051471300752608286,0.02040871259838281,0.040155259106129604,0.02993206068240792,0.056004177568181567,0.06755170817317528,0.22645003606920985
1955829324,0.1831939016118092,0.08046663867265309,0.05128287950730536,0.029975128395620013,0.03344746277334539,0.020015719715322417,0.04532876815573285,0.039961454396675165,0.034421869784769105,0.043514540736673234,0.020274125994595,0.03631146570194989,0.029216059950256792,0.055374312262454636,0.07674128147980662,0.22047439086103127
1955829430,0.17352519999569324,0.07817328294410886,0.052553377047062234,0.028656179678499517,0.03691441368691926,0.019832681934171,0.04753598845785286,0.03731279003413116,0.03181088967128568,0.05035154020909375,0.01943968905111061,0.040408281921250684,0.027170343572682148,0.061527611787633114,0.06674418855044845,0.22804354145805744
1956115780,0.1774766626829032,0.06478999106344953,0.053549317915092,0.028629262357741964,0.040106807928766,0.021092412545624856,0.050276171710972574,0.044951925665127,0.03834103168707,0.0450865122689148,0.02306276042507833,0.04513496344627841,0.03324827459973944,0.061839852708420816,0.058448270292968126,0.21396578270185296
1956115826,0.1914090679070168,0.08488107927689309,0.055885741356848304,0.029533684335196007,0.028230886010530056,0.01888519224350485,0.04641622791433832,0.03741507585300989,0.03558469804149574,0.0451295799821269,0.019461222907716656,0.029910526825801868,0.028521593074711717,0.05823831519105914,0.08414354468813592,0.20635356439161476
1956115854,0.18400142123453603,0.0687522206789625,0.05998794104030061,0.02888766863701455,0.03892244581543332,0.018917493028413924,0.05483596584730342,0.036882112902010177,0.03396965879604208,0.05137439839788107,0.01997803546626183,0.042453998298825325,0.029684421331438355,0.06611432324472151,0.06761092627884191,0.1976269690020134
2232146012,0.12951503900799574,0.08760722648903772,0.027954719178830124,0.024363314284327642,0.02137249905968284,0.012569917130758685,0.03443987430082869,0.03050267535398391,0.01746563292444703,0.033050631529137696,0.010992610927092054,0.024108518666812264,0.018369550710394447,0.04568121428311433,0.08380955847559422,0.39819701767796256
2293092517,0.16550383840994004,0.0902160922510417,0.047342183748398416,0.027714073451984882,0.028053231693530155,0.01701713018293011,0.046712318442671485,0.03350129741486052,0.026890403436803517,0.046238573597338406,0.014939113020446397,0.03113795665234665,0.02437632567804731,0.05942267730439184,0.08467112417498412,0.2562636605402845
2293879588,0.1802006955435684,0.07177772753211237,0.05348471634527386,0.030723429912680213,0.036397601128374084,0.02048408109650398,0.04758982309936798,0.04170031331761362,0.03485254691689008,0.04103814722697762,0.022411361262745354,0.03875555842673643,0.029113774131378063,0.052332655016850235,0.0752231445890802,0.2239144244538476
2391990493,0.17440153362695496,0.10842160181511544,0.04552348366274767,0.02714179982770963,0.024132784916099444,0.014984408934832988,0.04563874834686177,0.030193280675572375,0.02390832211019304,0.043557917470486165,0.013407102731166355,0.026705007340540408,0.023210667443186644,0.05026146883606936,0.09244227665950815,0.2560695956029556
2391991895,0.15307756706584644,0.07951443235176353,0.04096142879675802,0.027930452929542944,0.025613026122617358,0.015773062036666303,0.047695312973950174,0.037351824215290166,0.02490930489328917,0.03627197612201071,0.01497834237251119,0.027991118552760888,0.022585811524041783,0.049418216673339885,0.08884480520268384,0.3070833181669275
2392001617,0.15395721860250666,0.10706269185503342,0.058851721083730685,0.0285553088486878,0.030411676919156992,0.013856028342979169,0.056631359273953824,0.0329353668450236,0.024096385542168683,0.07343573690532523,0.012211989953772795,0.032710904039117195,0.02112983656681105,0.07287154660939832,0.06674431866438564,0.21453790994794888
2392005615,0.1685897669226756,0.05427146653077568,0.06212766473749985,0.02801538480204807,0.043721714653174634,0.023198534318543053,0.048338368580060416,0.04106456035622854,0.0343185430543928,0.04712505611570148,0.023162134944612285,0.04645773426030406,0.026516943908564773,0.07226489037721885,0.05337361530715005,0.2274536211310499
2392006703,0.15795508317256945,0.10126912483771944,0.04978221041264757,0.0257950229922712,0.028415777915286523,0.0142806877055048,0.05220276877904367,0.028543175724044214,0.02163942780184181,0.0609082857108191,0.012054259333406132,0.03220737936640823,0.0207294434535726,0.06709011271672793,0.07759133209575463,0.2495359079823827
2392010919,0.15087679912195365,0.0755506498041857,0.050269400583701274,0.03009553742921998,0.036687121155429166,0.017386315448127916,0.04766270049140662,0.035963730699194285,0.023996607548205245,0.05121105540173115,0.0148357404774377,0.04024794831499913,0.022275437152336045,0.06925216393524407,0.06446905634962209,0.26921973608720595
2392036795,0.18740597063175304,0.0817138523132779,0.052333171696072205,0.02752806893207505,0.032756412647494,0.020527932162084872,0.04343068869906872,0.03702114961393562,0.03372623621420667,0.03759309684558668,0.020745520782821686,0.0355477638106606,0.028012980715431384,0.0564114041304537,0.08672460740796,0.2185211433971179
2392820298,0.16083670027542193,0.08562952717213264,0.04519588929737074,0.027839454494716025,0.02865844040815832,0.01659204795010859,0.04361251653138232,0.03468860335602228,0.02960482413035829,0.050983389752362926,0.01585799390917143,0.03113966439777236,0.024684842087382763,0.06354724032079982,0.07863478081510332,0.2624940851017363
2392821786,0.19144046063773165,0.08106522475443943,0.047678666473121405,0.03217690037257464,0.04084409928872115,0.01838075192335608,0.048640344510572406,0.037771568200512896,0.036773600425799594,0.04991048531475298,0.017685198625828617,0.04257391009822422,0.02932815599748392,0.05335801035467169,0.07496854889437267,0.19740407412783664
2392826064,0.17187316039401904,0.0716285336786887,0.051260416257865336,0.02962992033279698,0.03855814136022919,0.02037465824208888,0.04829742422458564,0.04102403097732951,0.03519615922975289,0.046433290163912976,0.019027249061392148,0.040389571314574255,0.027576102455424304,0.05559043993563832,0.07196865638449564,0.2311722459872061
2392827886,0.18879141945425204,0.07489777842487776,0.049327218238512965,0.032328710612844126,0.037188027032601705,0.02192455623096616,0.040761232240138806,0.042381004380058,0.03943265509166576,0.04336985403851053,0.021214768439316176,0.040403305063152914,0.030332811608973657,0.05398633810165132,0.07087564760552785,0.2127846734369502
2392830330,0.1883910263410136,0.06395976655868185,0.06223079629697036,0.028706972906732676,0.0451473567987964,0.02255547871243281,0.051304917555418036,0.03935985634380422,0.037339691090646575,0.046973392057656604,0.021997354978827696,0.046633664567636096,0.028179181984736526,0.060174231669881936,0.06342590907436392,0.19362040306240064
2392833234,0.19277716928319336,0.08136789582572715,0.05312157721796276,0.026457344529633685,0.03256054521114762,0.02208226846781064,0.040428380187416325,0.034818060119264936,0.034112206401363025,0.03893148350979676,0.020986978215893883,0.034586832177193626,0.025842764999391504,0.05745405865887794,0.08212242911038092,0.22235000608494584
2392835042,0.16616285932259506,0.04530667472758417,0.06935267953534568,0.024261922240935062,0.05775071612615336,0.021289458910912468,0.06684084006276,0.03833254163607836,0.03500741316520563,0.06339335837975558,0.02109513322105627,0.05921895467173353,0.026428293820443063,0.07573663830951044,0.04736508759050538,0.182457428279426
2392835410,0.14456544125218826,0.09782720626094121,0.08428586139429514,0.022249253423952217,0.019243641231593042,0.00898465657501802,0.08580475749150447,0.021251673360107096,0.01483498094943878,0.08588198949644732,0.0077425084955205425,0.02081402533209762,0.018342601173926474,0.09531073009988672,0.0840670373802904,0.1887936360827927
2399262243,0.06021087680355161,0.12680355160932294,0.04225463770413826,0.011997251730881031,0.0029596744358120607,0.0027086306220601448,0.04837217906030337,0.011468738438771735,0.0012287934041541144,0.09037577295068973,0.0006077902859256909,0.005298345753395698,0.002563289466730089,0.10411711854553142,0.044249775381850855,0.4447835738068812
2778834633,0.16030341203957926,0.10285108261464086,0.03788882069834297,0.028430074184136005,0.025980597995197946,0.01616654284699118,0.03915393477394834,0.0338027714073452,0.02356342259116896,0.04336380374043089,0.014196194967537712,0.029092240274772006,0.022912023428835988,0.052445707764032,0.09739224996500749,0.2724571207080332
2778840281,0.15849456808467113,0.09530884933837225,0.04633009248791412,0.030928001550437675,0.02748796795762137,0.014858361058173713,0.04945788515994272,0.03500328391313242,0.02412330286292624,0.04543643743876309,0.01226891480129634,0.030637294486256017,0.02401563357989599,0.05678477987015085,0.08960776080192082,0.2592568666085253
2778848263,0.1731160567201783,0.062421266836784124,0.060806227591330475,0.02945831583707484,0.042147140842189124,0.019132831594474414,0.05973491822517954,0.03833564822291848,0.03494406580746578,0.059228872594937386,0.019768080364352854,0.04515649730288446,0.029194526093650745,0.06858533329026562,0.06340644077651086,0.19456377789980295
2778861397,0.17803654295466045,0.07574534061177686,0.04904335842027628,0.027547186063288005,0.038723257641827366,0.01915974891523197,0.04894645606554906,0.03775423409455517,0.033162139173315244,0.044451263499036366,0.02108164561732184,0.044079804472582015,0.0286023450369844,0.05690859954563561,0.0747978509211107,0.22196022696684864
2778867583,0.17525329198832865,0.06804160341096288,0.0511267590469115,0.028946886742681182,0.03925083712867556,0.01958504258320144,0.04967860719015472,0.03915931823809985,0.032559191188345875,0.044575083174521135,0.019579659119049925,0.04360067616309743,0.02653509480280371,0.05705395307772645,0.06973201115453773,0.235321984990902
2778870073,0.16014190811503387,0.07332816520774788,0.04411210525749109,0.03027121892395318,0.03351206434316354,0.01783541673395997,0.0458778814991871,0.040661304736371764,0.03343131238089086,0.042114840057280056,0.016564919194203085,0.035735435037738086,0.028150134048257374,0.05859900728921046,0.07587454375141316,0.26378974342409856
2778877037,0.18782368078210968,0.07451791078523208,0.057996059304241086,0.030685745663619625,0.0390893332041302,0.020467930704049443,0.05021695360530594,0.038911678887130284,0.036085360207586376,0.050243870926063514,0.020505614953110027,0.040984312585462486,0.029183759165347718,0.060343249674300416,0.06620584213529722,0.1967386974170139
2779695912,0.17635151867523713,0.08104266933686488,0.04845656082776145,0.030852633052316506,0.03203161170149768,0.0207586377682311,0.038965513528645405,0.038093392336100436,0.029980511859771526,0.04392368401218817,0.018045371835868945,0.035326291762223155,0.024510912281835117,0.05844288682881661,0.07132013307923382,0.25189767111340805
2779697228,0.18957869009550266,0.08614080988834695,0.055928809070060405,0.03127254325613446,0.030217384282438062,0.01915436545108046,0.04840810965039784,0.03887937810222122,0.034879464237647644,0.04567330986142963,0.017550093133929818,0.032392303799649,0.02781635927086361,0.059045834813785975,0.07636982245335228,0.20669272263316
2779698826,0.12889628217965696,0.07945993087632029,0.048558846646640175,0.030718046448528692,0.03275837936195183,0.013410209201416928,0.06275504161417789,0.037409692388858384,0.019380470945443973,0.06274965815002638,0.009808671684055257,0.03710283493222219,0.01944507251526212,0.0767197476232006,0.0620067400971177,0.27882037533512066
2779701876,0.189939382193654,0.07759725227989707,0.051094458262002436,0.03343131238089086,0.030847249588164993,0.019859599254928563,0.04430052650279402,0.04216329123464368,0.03839486632858512,0.044311293431097035,0.020624051164443297,0.03328595884880003,0.03164938574674031,0.054523724926515714,0.07993905918580486,0.20803858867103805
2779716348,0.15394554087664333,0.08048817252925913,0.04556564057839938,0.028101682870893763,0.032419221120406565,0.014497668960022397,0.05195042906209288,0.03567621693207145,0.026551245195258245,0.04804203408809501,0.013722450122204636,0.03547702875846549,0.02578679328574351,0.05999870796860364,0.0790238702800478,0.2687532973717928
2779729550,0.18792058313683688,0.07418413600783832,0.04834350808057969,0.031773205422225094,0.04101122990622005,0.02241674472689686,0.04318614942343099,0.03968151426079654,0.039412341053220924,0.04608245313694456,0.021038577904109738,0.04433282728770309,0.029759789829559524,0.05401229583212205,0.0675624751014783,0.20928216889003734
2779738426,0.17420889994293529,0.06700259482972104,0.050997555907275206,0.030502707882468214,0.037727316773797606,0.0210224275116552,0.04498422645003607,0.04074744016279595,0.03227925105246724,0.042593968366764635,0.019913433896443684,0.03907856627582717,0.027251095534954837,0.05862054114581651,0.07013038750174963,0.2429395867652917
2779740694,0.15984581758670066,0.06286809436135965,0.05443758950009152,0.029108390667226543,0.03430881703758735,0.020898607836170417,0.045947866533156766,0.04127501964964416,0.03180012274298265,0.04179183220818933,0.01954197486998934,0.03602614210191974,0.025183845300774145,0.0655759768295703,0.06554367604466121,0.2658462267299762
3307350379,0.19866597758325527,0.11725184921993605,0.03893321274373634,0.03041657245604401,0.02766023881046976,0.01970347879453471,0.032946800607254766,0.03259149197325495,0.02685810265189444,0.0493609828052155,0.013324073774992732,0.0320854463430128,0.02127006686262476,0.05737696092681719,0.07590684453632224,0.2256478999106345
3307567251,0.14851362554776748,0.0596326324063008,0.04652389719736856,0.028166284440711908,0.03382968872810276,0.016010422386597327,0.0509921724431237,0.03826566318894883,0.022642850221260374,0.034960216199920326,0.0148529775940222,0.03434650128664792,0.020306426779504075,0.057393111319271724,0.07295132271714201,0.32061220754331
3308185446,0.11942676873714697,0.04975397568827589,0.037178203430343365,0.02036564488517071,0.028957653670984206,0.014540736673234491,0.036650623943495164,0.029522917406892987,0.02003725357192846,0.040715139377886886,0.012511170688114387,0.03164938574674031,0.02078555508898866,0.0827653778653488,0.056504839734272214,0.3986347534911765
3308439478,0.15636271628067228,0.07091637326787041,0.05573500436060596,0.029205293021953762,0.039966837860826686,0.019934967753049728,0.0476867254540952,0.04083895905337166,0.03319982342237583,0.045118813053823884,0.01956350872659539,0.04057516930994756,0.026481260161288583,0.0635033431312381,0.07180464485286993,0.23910656028941504
3308441962,0.15612584385800574,0.08038050324622886,0.044354361144309136,0.02707344121795493,0.0314232802523768,0.01730783724711177,0.0472452813936712,0.03698439872088892,0.02293894074959355,0.038314114366312435,0.014815293344961615,0.03322135727898188,0.021205465292806612,0.055654252398333284,0.08279229518610635,0.2901633343023569
3309785881,0.16794254767057507,0.1093866080945767,0.04612552085015666,0.027832509663318152,0.027175727036833658,0.017286303390505717,0.04633009248791412,0.03350129741486052,0.026023665708410047,0.050249254390215006,0.016177309775294205,0.029512150478589964,0.02274513604013911,0.05336628013394059,0.09226180862861634,0.2340837882360541
3309818987,0.1792801231736598,0.08125262443877386,0.06316418488969282,0.02854851039546928,0.03106258815422548,0.01917589930768651,0.054523724926515714,0.03577850275095018,0.03382968872810276,0.05339319745469815,0.01843836471892933,0.033183673029921285,0.026330523165046246,0.06519913433896443,0.07620831852880691,0.20063094199855724
3309860357,0.17616309742993422,0.08055277409907728,0.04733680028424691,0.028995337920044786,0.03369510212431495,0.019918817360595198,0.042529366796946494,0.03687134597370716,0.03174628810146753,0.04194795266858317,0.018707537926504945,0.03595077360379857,0.02642742551977346,0.05287638489615298,0.08154333150295552,0.2447376637918968
3309873475,0.18199877257017347,0.07256371329823315,0.050846818911032876,0.03106258815422548,0.03940695758906942,0.021113946402230903,0.04699764204270164,0.043250750993249126,0.03995607093252366,0.045850964178429536,0.020640201556897837,0.0442036241480668,0.028650796214348007,0.058911248209998164,0.06406860686714687,0.21047729793167308
3309896949,0.1606856379943366,0.0579583750551805,0.0466261830162473,0.030427339384347038,0.0370220829699495,0.018212259224565826,0.051099841726153936,0.041705696781765125,0.034890231165950664,0.050609946488366336,0.017210934892384552,0.040203710283493226,0.02537226654607707,0.05788839002121085,0.0646554044596617,0.2654316999903097
3309898393,0.18335540553635452,0.07762955306480612,0.053441648632061765,0.0292645111276204,0.0375065947435856,0.02048408109650398,0.04625472398979296,0.037711166381343066,0.035541630328283634,0.046217039740732366,0.019708862258686215,0.03947694262303907,0.029189142629499232,0.0590619852062405,0.07755956803083648,0.20759714461061404
3310625824,0.1672642311874845,0.072719833758627,0.047670575061640665,0.02826318679543913,0.03408809500737535,0.019272801662413727,0.04331535256306728,0.0358754051056774,0.031229475542922363,0.045420287046308565,0.018400680469868754,0.03785113644928238,0.026642764085833957,0.05881972931942246,0.06590975160696405,0.2672566943376724
3310629850,0.17559783369402546,0.08517716980522627,0.04365451080461255,0.02831163797280274,0.03560084843395028,0.017237852213142113,0.04730988296348935,0.035913089354737984,0.03053500866737728,0.04600708463882338,0.017033280575384648,0.037565812849252235,0.028677713535105568,0.05338781399054664,0.07843168922338145,0.2395587712781421
3317132243,0.15665880680900546,0.07376422580402035,0.04167877946100757,0.02750411835007591,0.03473411070555681,0.016731806582899963,0.04750368767294378,0.03806647501534288,0.031024903905164894,0.04272855497055245,0.018400680469868754,0.037345090819040236,0.028693863927560105,0.05594495946251494,0.07654747677035219,0.2726724592740937
3317145289,0.17424658419199587,0.06708873025614523,0.056870915296575036,0.026987305791530733,0.038443317505948725,0.019170515843535,0.052214218805516965,0.0369305640793738,0.030642677950407524,0.044968076057581526,0.01936432055298944,0.04193180227612865,0.02537226654607707,0.06330415495763216,0.07004963553947695,0.2324149143490853
3345798108,0.15780341911452456,0.08885087176500564,0.07243475412222909,0.023271333066404592,0.02449071209308533,0.01179946371589075,0.07634768681978668,0.024005387107341757,0.02112983656681105,0.07462478312039698,0.012102791831980491,0.027153932952353216,0.02031691721569056,0.08086727574952379,0.09174462199250172,0.19305621276647372
3392225125,0.1469135802469136,0.07386583370519113,0.03784768704447419,0.02448311765580842,0.03519262234121672,0.016577420794288263,0.04259259259259259,0.03256730626208538,0.025792057117358318,0.03591402647627547,0.01671128960285587,0.035899152164212404,0.02794139521047152,0.05441023352669938,0.09527740591997619,0.2980142793395805
3392228585,0.17721028205039174,0.08867747647651124,0.0502818189183246,0.03139358587086097,0.03744661643692927,0.01797969977894286,0.054702961702718655,0.03719199564829925,0.03711097994282606,0.06229529067277756,0.015815423075587653,0.04033424765343796,0.03006261356665857,0.05583139474323808,0.07404256796639005,0.18962304549610545
3393035860,0.13796767827323034,0.07303440566389267,0.039436094895044085,0.02636663492457804,0.03059661325715232,0.01702342014104528,0.03921528036544805,0.035544238810913766,0.025096951379400764,0.043631570957369,0.014504754412840363,0.03273575401261403,0.023302833326432883,0.06637546750576188,0.070446735395189,0.3247215666790875
3393037264,0.13907714190093706,0.07251227130745201,0.03198209504685408,0.024256749219098612,0.03178686970102633,0.014704651941097725,0.042593987059348505,0.031110553324408742,0.023824464524765727,0.03588660196340919,0.013895861222668452,0.0331185854529228,0.025797634984381968,0.05414714413208389,0.09473309906291834,0.3305722891566265
3393038960,0.1534775465498357,0.0792564196178654,0.03596963612023853,0.026401058780576848,0.0363499452354874,0.0153720944383595,0.04391809662894,0.032592491176828525,0.02465163685043203,0.03720183765364488,0.015235183156869904,0.03635755141779237,0.0273290130217841,0.051562309845442376,0.09643117926250457,0.28789400024339784
3393040676,0.1714047972712769,0.07713731638884304,0.05180310282224789,0.0288070088573472,0.04806211145953677,0.015617263574847334,0.06211145953677725,0.03223854321395169,0.03303625460747098,0.06703526434505144,0.0149433349837707,0.05054464433074765,0.02847004456180888,0.06162320514936458,0.06703526434505144,0.19013038455190626
3396193652,0.1696399633622208,0.09869654054815753,0.040470654548016634,0.0262664693863172,0.030648911435214542,0.016529274994715706,0.042520961037130975,0.031029380680617207,0.024779821038540126,0.03860353695483689,0.015338547171140703,0.03385471711407032,0.02577326851264708,0.05154653702529416,0.09800605932501938,0.25629535686606075
3396194692,0.1678714859437751,0.07242606790799562,0.05245527564804673,0.030795910916392843,0.04070828769623951,0.017141292442497263,0.055622489959839365,0.03763234757210661,0.028304125593282218,0.0449981745162468,0.01563526834611172,0.04366557137641475,0.02551113545089449,0.05821467688937568,0.07149507119386637,0.2375228185469149
3397107719,0.1557085484796328,0.10124944221329764,0.06575508382737298,0.024300376107605024,0.024236629055906164,0.012845030917320073,0.06786511123860521,0.02725186460126219,0.023267673870083508,0.07918658762032256,0.010091158283929369,0.026257410594759997,0.01939822783196277,0.08034678396124181,0.08573978453496525,0.19650028686173265
3400132921,0.14040451837561727,0.06758150426479331,0.043145391232604136,0.028743372280663437,0.03399701525133768,0.01792062509858164,0.04475909681020152,0.03909899416396705,0.03166138875744671,0.05290649000837186,0.015554665793081691,0.036611703612031206,0.026219682354796832,0.07100304541428554,0.062212596610004965,0.28817990997221515
3400934744,0.1819240709059804,0.07126390759412271,0.04923621980368605,0.03521639427801842,0.039147526662541406,0.019328067557238017,0.0520571712833206,0.04402504276926437,0.04384911246193232,0.050922724129144975,0.01920673631080212,0.03962678508596319,0.03561072082893508,0.048253436707555296,0.07457625062182263,0.1957558329996724
3400936016,0.18074715781555226,0.07913830548781228,0.0446741649376964,0.03476746866620561,0.0375459542095876,0.017799293852145744,0.05233016658780136,0.04475303024787974,0.04256300124971184,0.04827163639452068,0.01816935415377522,0.03794634732282605,0.03528312646355816,0.04403717589390796,0.0855567284242711,0.19641708829274804
