112242497,0.2487514792899408,0.3950118343195265,0.0161715976331361,0.0412603550295858,0.039662721893491126,0.0,0.0008402366863905325,0.03802366863905325,3.550295857988165e-05,0.2199171597633136,0.00032544378698224854
112242501,0.12884939759036146,0.058325301204819276,0.05703012048192771,0.3722590361445784,0.012548192771084337,0.00013253012048192772,0.09716265060240965,0.14656024096385542,3.012048192771084e-05,0.12639156626506026,0.0007108433734939759
112243180,0.09070414201183433,0.15723668639053254,0.04167455621301775,0.3666153846153847,0.039568047337278096,0.000378698224852071,0.0507810650887574,0.13401183431952662,0.002757396449704142,0.11611242603550295,0.00015976331360946746
112243571,0.4626213017751479,0.2533372781065089,0.017420118343195266,0.14820118343195265,0.006585798816568047,7.692307692307693e-05,0.0022662721893491125,0.07097633136094675,0.0009289940828402367,0.03720118343195266,0.0003846153846153846
112243572,0.11762700964630225,0.2963086816720257,0.3572154340836013,0.02651446945337621,0.010244372990353698,1.2861736334405146e-05,0.0046816720257234715,0.058,0.0003086816720257235,0.128983922829582,0.00010289389067524117
112243575,0.4567138263665594,0.2505273311897106,0.002077170418006431,0.002533762057877813,0.07567202572347267,0.0,1.2861736334405146e-05,0.0012154340836012859,0.0,0.2112411575562701,6.430868167202573e-06
112244038,0.086023598820059,0.3048613569321533,0.2334749262536873,0.13225368731563422,0.018106194690265486,0.001663716814159292,0.0780825958702065,0.05171681415929204,0.00010619469026548672,0.09019469026548672,0.0035162241887905605
112244042,0.14770501474926254,0.1351622418879056,0.1352566371681416,0.13638348082595866,0.20521533923303836,0.0006548672566371682,0.04752802359882006,0.03668436578171092,0.00012979351032448377,0.13486725663716814,0.020412979351032447
112244446,0.16811834319526628,0.3001715976331361,0.1294378698224852,0.09889940828402367,0.14959171597633136,8.284023668639054e-05,0.007011834319526627,0.004692307692307693,1.7751479289940825e-05,0.025562130177514797,0.11641420118343195
112244447,0.06959763313609467,0.2635207100591716,0.3101360946745563,0.1355207100591716,0.05115384615384616,0.0006035502958579882,0.09092307692307693,0.028852071005917163,8.875739644970412e-05,0.04560946745562129,0.003994082840236687
112244448,0.3149047619047619,0.3469047619047619,0.029190476190476187,0.06795238095238096,0.04838690476190476,1.785714285714286e-05,0.00225,0.04128571428571429,1.1904761904761905e-05,0.1484940476190476,0.0006011904761904762
112244851,0.17626190476190476,0.15185119047619047,0.035386904761904765,0.3284583333333333,0.11966071428571427,0.0001607142857142857,0.046910714285714285,0.0702202380952381,0.0,0.06910714285714285,0.001982142857142857
112244853,0.3163382789317508,0.3540059347181009,0.06253412462908013,0.003459940652818991,0.003525222551928783,0.0,0.00013649851632047474,0.01392878338278932,0.0,0.2459821958456973,8.902077151335312e-05
1799241762,0.10073273273273273,0.3404924924924925,0.051771771771771766,0.10704504504504504,0.17672072072072073,0.0,0.011003003003003005,0.00022822822822822822,7.207207207207206e-05,0.11546546546546545,0.09646846846846847
1799274620,0.18153753753753754,0.0075375375375375375,0.047471471471471474,0.3623483483483483,0.15727327327327328,0.0,0.0004864864864864865,0.00033033033033033035,6.006006006006007e-06,0.243003003003003,6.006006006006007e-06
1811502245,0.02278678678678679,0.15145345345345346,0.10812612612612613,0.13785585585585586,0.03907507507507507,0.00017417417417417416,0.01556156156156156,0.00012612612612612612,0.0005465465465465466,0.2463843843843844,0.27790990990990994
1811502361,0.02058258258258258,0.5264504504504505,0.09490690690690692,0.10073873873873876,0.09526126126126126,3.003003003003003e-05,0.014672672672672672,2.4024024024024028e-05,7.807807807807808e-05,0.10992792792792792,0.037327327327327325
1811503423,0.06013213213213212,0.22457657657657654,0.10938138138138137,0.3404384384384385,0.03537537537537538,0.00012012012012012012,0.02783783783783784,7.807807807807808e-05,7.807807807807808e-05,0.20085285285285284,0.0011291291291291288
1811503757,0.0590930930930931,0.32925525525525523,0.0755975975975976,0.31276876876876875,0.03407207207207207,6.006006006006007e-06,0.02342942942942943,2.4024024024024028e-05,0.00011411411411411411,0.16547147147147148,0.00016816816816816817
1812346070,0.019219219219219215,0.4344804804804805,0.04165765765765766,0.3167627627627628,0.06691891891891892,6.006006006006007e-06,0.01713513513513514,6.006006006006007e-06,6.006006006006007e-06,0.10166366366366368,0.0021441441441441447
1812346226,0.029381381381381383,0.30855855855855857,0.03493093093093092,0.38816216216216215,0.08084684684684686,6.006006006006007e-06,0.012354354354354356,1.2012012012012014e-05,2.4024024024024028e-05,0.14103903903903905,0.004684684684684685
1812346442,0.020084084084084085,1.8018018018018016e-05,0.34535135135135137,0.06587987987987988,0.20293093093093093,1.2012012012012014e-05,0.011495495495495495,0.0,0.0,0.14022822822822822,0.214
1812346600,0.0009969969969969969,0.0,0.2672912912912913,0.3592912912912913,0.016282282282282283,0.0,0.012768768768768769,0.0,0.0,0.16924324324324325,0.17412612612612613
1812346810,0.00019819819819819816,1.8018018018018016e-05,0.34345945945945944,0.2828288288288288,0.0732972972972973,0.00034834834834834833,0.005597597597597597,0.0,0.0,0.20151951951951952,0.09273273273273272
1812347970,0.15056456456456455,0.038564564564564564,0.0672012012012012,0.35099699699699694,0.12706306306306306,0.0,0.0017177177177177176,4.204204204204204e-05,6.006006006006007e-06,0.2637957957957959,4.8048048048048055e-05
1812348124,0.3311711711711712,0.012756756756756756,0.005363363363363363,0.33306306306306305,0.20906306306306308,0.0,0.0015375375375375375,0.0005885885885885886,6.006006006006006e-05,0.10636036036036037,3.603603603603604e-05
1812348642,0.4115015015015015,0.32368168168168165,0.0015795795795795794,0.07335735735735736,0.09728528528528528,0.0,0.0003363363363363364,3.003003003003003e-05,0.0,0.09222822822822822,0.0
193788469,0.019226666666666663,0.56528,0.026693333333333333,0.2682453333333333,0.028192,2.133333333333333e-05,0.012090666666666666,0.0009066666666666666,0.0003413333333333333,0.078928,7.466666666666666e-05
193788811,0.020522666666666668,0.492352,0.027472000000000003,0.29546666666666666,0.007536,9.6e-05,0.01957333333333333,0.0013333333333333333,0.0007413333333333333,0.134848,5.8666666666666665e-05
193789218,0.010176,0.30689066666666664,0.07695466666666667,0.4945226666666666,0.009488000000000002,0.00072,0.02887466666666667,0.002736,0.0013386666666666664,0.06735466666666666,0.000944
193789678,0.03674133333333333,0.19060266666666667,0.08408,0.3033226666666667,0.23062399999999997,6.933333333333333e-05,0.07457066666666666,0.005114666666666666,0.0064586666666666655,0.068064,0.000352
193790888,0.019952,0.3059306666666667,0.237952,0.041829333333333336,0.339664,0.0,0.015263999999999998,0.00024,0.00016,0.029322666666666667,0.009685333333333334
193791308,0.03942933333333333,0.367056,0.05376,0.142768,0.381296,0.0,0.000304,0.0002453333333333333,5.333333333333334e-06,0.014976,0.00016
193791736,0.016192,0.27554666666666666,0.13575466666666666,0.069072,0.4516906666666666,0.0,0.004656,0.000208,7.466666666666666e-05,0.0444,0.0024053333333333327
193792167,0.010437333333333331,0.31561066666666665,0.04692266666666666,0.08036266666666665,0.479776,0.0,0.00568,4.266666666666666e-05,2.133333333333333e-05,0.05922666666666665,0.0019199999999999998
193792888,0.008352,0.299968,0.045349333333333325,0.06649066666666667,0.4744,0.0,0.004864,7.466666666666666e-05,1.0666666666666667e-05,0.09784533333333334,0.002645333333333333
193794600,0.015968,0.21915733333333332,0.04730666666666666,0.6285333333333334,0.007018666666666667,0.00011200000000000001,0.024986666666666667,0.0066613333333333325,0.0012586666666666664,0.04780266666666666,0.0011946666666666664
193794990,0.012112000000000001,0.2515786666666667,0.17413866666666666,0.42152,0.006117333333333333,4.266666666666666e-05,0.050629333333333325,0.005893333333333335,0.003616,0.07398933333333335,0.00036266666666666663
193797926,0.05802666666666665,0.2622293333333333,0.003776,0.6659893333333333,0.005402666666666666,0.0,4.266666666666666e-05,0.004032,6.4e-05,0.00043733333333333336,0.0
193802181,0.065472,0.20644266666666666,0.019642666666666662,0.427936,0.16968533333333333,0.0,0.001557333333333333,0.0018826666666666664,3.733333333333333e-05,0.107344,0.0
1944634552,0.195296,0.0002773333333333333,0.342224,0.253808,0.17781866666666668,0.0,0.0006986666666666666,0.00013333333333333334,2.666666666666667e-05,0.02587733333333333,0.00384
1944634590,0.14725333333333335,0.08439466666666667,0.23183466666666666,0.12773333333333334,0.2307733333333333,0.0,0.0013173333333333331,0.00042666666666666667,3.2e-05,0.16568,0.010554666666666669
195133578,0.011264,0.4815093333333333,0.013978666666666669,0.134016,0.329872,0.0,0.003605333333333333,0.00012266666666666668,1.6e-05,0.02528,0.000336
195152065,0.13733866666666664,0.18145066666666668,0.006501333333333333,0.6112266666666667,0.003557333333333333,0.0,0.005162666666666667,0.008448,1.0666666666666667e-05,0.046304,0.0
1954857953,0.4563946666666666,6.933333333333333e-05,0.059909333333333335,0.09136533333333334,0.3367253333333333,0.0,0.003370666666666667,0.000432,0.000128,0.040325333333333324,0.01128
1954857979,0.22964266666666666,3.2e-05,0.10486400000000001,0.12876266666666664,0.40509333333333336,0.0,0.00544,0.000496,2.666666666666667e-05,0.10509866666666667,0.020544
1954858007,0.045376,1.0666666666666667e-05,0.07302933333333332,0.020992,0.7988586666666667,5.333333333333334e-06,0.00031466666666666665,3.733333333333333e-05,3.733333333333333e-05,0.01864533333333333,0.042693333333333326
1954858039,0.06194666666666665,5.333333333333334e-06,0.07928,0.02773866666666666,0.6609333333333334,5.333333333333334e-06,0.000416,4.266666666666666e-05,0.0,0.05106133333333333,0.11857066666666667
1954858057,0.20445866666666668,5.333333333333334e-06,0.20229866666666665,0.010976,0.385344,2.666666666666667e-05,0.0007306666666666666,0.00010133333333333332,6.933333333333333e-05,0.037232,0.15875733333333333
1954858119,0.429168,5.333333333333334e-06,0.198448,0.004469333333333333,0.2815146666666667,0.0,8e-05,7.466666666666666e-05,9.6e-05,0.0010293333333333333,0.08511466666666667
1955158215,0.5901866666666666,0.102288,0.05690666666666666,0.065504,0.12128533333333333,0.0,0.0006826666666666667,0.0014346666666666668,5.8666666666666665e-05,0.055989333333333335,0.005664
1955158259,0.7012373333333334,0.007162666666666667,0.036234666666666665,0.056154666666666665,0.10450666666666666,0.0,0.001088,0.003328,0.000128,0.08760533333333331,0.0025546666666666665
1955829324,0.429168,5.333333333333334e-06,0.198448,0.004469333333333333,0.2815146666666667,0.0,8e-05,7.466666666666666e-05,9.6e-05,0.0010293333333333333,0.08511466666666667
1955829430,0.3391733333333333,0.0014880000000000002,0.298464,0.11695466666666668,0.18388266666666667,2.666666666666667e-05,0.00010666666666666668,0.00032,0.00011200000000000001,0.01896,0.040512
1956115780,0.5224906666666665,0.00013333333333333334,0.042453333333333336,0.02165333333333333,0.36849066666666663,2.666666666666667e-05,0.0009813333333333334,0.001024,0.000496,0.006773333333333334,0.03547733333333333
1956115826,0.065472,2.133333333333333e-05,0.5028853333333333,0.007493333333333333,0.3545546666666667,0.000176,0.0008053333333333332,0.00018133333333333331,0.00032,0.004730666666666666,0.06336
1956115854,0.055904,0.0004586666666666666,0.20618666666666666,0.017728,0.5780053333333334,2.666666666666667e-05,0.0005973333333333333,0.00012266666666666668,6.933333333333333e-05,0.037669333333333326,0.10323199999999999
2232146012,0.13213213213213212,0.019375375375375373,0.048474474474474484,0.18265465465465466,0.06658258258258258,0.0,0.0005105105105105105,0.0014834834834834836,0.00012012012012012012,0.40626426426426426,0.1424024024024024
2293092517,0.20876266666666668,0.170336,0.012677333333333334,0.341344,0.09593066666666665,0.0,0.000912,0.011359999999999999,1.0666666666666667e-05,0.158576,9.066666666666667e-05
2293879588,0.30536,0.106368,0.065312,0.230064,0.14719466666666667,3.733333333333333e-05,0.018858666666666662,0.012602666666666668,0.0007733333333333333,0.10808,0.005349333333333334
2391990493,0.05666066066066066,0.4396576576576576,0.04381381381381382,0.2426606606606607,0.09117717717717715,0.0,0.011081081081081079,0.0035795795795795795,8.408408408408409e-05,0.10885285285285286,0.0024324324324324323
2391991895,0.148018018018018,0.4593213213213213,0.07631231231231232,0.14272672672672673,0.0755975975975976,0.0,0.0009009009009009008,0.0025585585585585586,8.408408408408409e-05,0.07427027027027025,0.02021021021021021
2392001617,0.12828228228228228,0.3717057057057057,0.2003843843843844,0.12175975975975975,0.004588588588588589,1.8018018018018016e-05,0.008138138138138138,0.0003423423423423424,0.00043243243243243243,0.16417417417417418,0.00017417417417417416
2392005615,0.17401201201201202,0.11868468468468467,0.17972372372372372,0.2002162162162162,0.21396996996997,6.006006006006007e-06,0.003783783783783784,0.004054054054054054,0.0005885885885885886,0.08753153153153154,0.01742942942942943
2392006703,0.15697297297297294,0.4511471471471472,0.02012012012012012,0.19102102102102106,0.02007207207207207,6.006006006006007e-06,0.005945945945945946,0.0003903903903903904,0.0,0.15297897897897894,0.0013453453453453456
2392010919,0.2092716049382716,0.4410555555555555,0.03126543209876542,0.16839506172839505,0.06387037037037037,6.172839506172838e-06,0.007598765432098766,0.0023950617283950613,0.00010493827160493828,0.07557407407407406,0.000462962962962963
2392036795,0.3762338461538461,0.0001353846153846154,0.10788923076923077,0.5019876923076924,0.010356923076923076,0.0,0.00021538461538461536,0.001876923076923077,0.0007015384615384617,0.0006030769230769232,0.0
2392820298,0.146006006006006,0.353975975975976,0.08419819819819818,0.2076936936936937,0.09151351351351353,0.0,0.008378378378378378,0.0012792792792792793,0.00013213213213213214,0.08694294294294296,0.01987987987987988
2392821786,0.15373053892215569,0.0214251497005988,0.050107784431137725,0.6214970059880239,0.013203592814371258,1.7964071856287423e-05,0.010023952095808385,0.0005628742514970059,2.3952095808383234e-05,0.12876646706586825,0.0006407185628742515
2392826064,0.08197411003236246,0.16761812297734627,0.3617864077669903,0.12176051779935275,0.1193074433656958,3.883495145631068e-05,0.01050485436893204,0.0030097087378640774,0.000634304207119741,0.12588996763754046,0.007475728155339806
2392827886,0.17733933933933935,0.026618618618618615,0.14290690690690694,0.0706066066066066,0.5166906906906907,2.4024024024024028e-05,0.0036156156156156158,0.0015135135135135136,0.00024024024024024023,0.03121321321321321,0.029231231231231232
2392830330,0.053177177177177175,0.0059279279279279284,0.3236216216216216,0.08356756756756756,0.4313813813813813,9.009009009009008e-05,0.0060780780780780785,0.0009489489489489488,0.0007267267267267268,0.05345945945945946,0.04102102102102102
2392833234,0.12731325301204818,0.0002710843373493976,0.5020120481927711,0.15864457831325302,0.06586144578313254,0.0031506024096385546,0.023012048192771084,8.433734939759034e-05,0.001072289156626506,0.07410240963855422,0.04447590361445783
2392835042,0.002676156583629893,0.0,0.892576512455516,6.405693950177936e-05,0.0008612099644128114,0.028861209964412805,5.6939501779359435e-05,0.0,0.015103202846975087,0.0,0.05980071174377225
2392835410,0.013382165605095541,0.01789171974522293,0.1338343949044586,0.4129808917197452,0.3721592356687897,0.0,0.0009426751592356687,3.821656050955414e-05,0.00041401273885350323,0.047821656050955404,0.0005350318471337579
2399262243,0.06717447916666665,0.4557942708333334,0.0,0.2914973958333333,0.00013020833333333333,0.0,0.0006901041666666666,7.8125e-05,0.0,0.18463541666666666,0.0
2778834633,0.10429866666666666,0.19376533333333332,0.326656,0.181296,0.11438399999999999,0.0,1.0666666666666667e-05,8.533333333333334e-05,0.0,0.079504,0.0
2778840281,0.02378133333333333,0.193552,0.021514666666666668,0.3130186666666667,0.3018186666666667,0.0,0.00023466666666666666,6.4e-05,0.0005173333333333333,0.145456,4.266666666666666e-05
2778848263,0.003429333333333333,0.00014933333333333332,0.8155253333333333,0.024656,0.0052106666666666655,0.003909333333333333,0.013541333333333334,0.00013333333333333334,0.0009546666666666668,0.034101333333333324,0.09838933333333333
2778861397,0.20875733333333327,0.06089066666666666,0.10909866666666666,0.13081066666666666,0.3292213333333333,0.00019733333333333327,0.005152,0.0026826666666666665,0.0,0.08082133333333331,0.072368
2778867583,0.043333333333333335,0.17037866666666668,0.085856,0.175392,0.319008,5.333333333333334e-06,0.02306133333333333,0.003909333333333333,5.333333333333334e-06,0.162432,0.01661866666666667
2778870073,0.08341333333333335,0.24777600000000002,0.02563733333333333,0.53864,0.062496,0.0,0.006501333333333333,0.003242666666666667,3.2e-05,0.031968,0.0002933333333333333
2778877037,0.08495466666666665,0.008442666666666666,0.015301333333333332,0.55288,0.197888,0.0,0.004298666666666667,0.004352,0.0,0.126288,0.005594666666666667
2779695912,0.070144,0.0022026666666666666,0.07603733333333333,0.41512533333333335,0.22714666666666666,0.0,0.0028533333333333327,0.00144,0.00018666666666666666,0.20471466666666666,0.00014933333333333332
2779697228,0.20093333333333327,0.051136,0.124608,0.334944,0.16149866666666668,1.6e-05,0.005754666666666666,0.0038986666666666666,6.933333333333333e-05,0.11589866666666665,0.0012426666666666669
2779698826,0.06604266666666667,0.006266666666666666,0.4350933333333333,0.05778133333333332,0.028752,0.0,0.0010826666666666669,7.466666666666666e-05,0.0,0.404096,0.0008106666666666666
2779701876,0.01950933333333333,1.6e-05,0.238832,0.19621866666666668,0.43700266666666665,0.000448,0.010362666666666666,0.0017866666666666669,0.000128,0.024832,0.070864
2779716348,0.05320533333333333,0.3047573333333333,0.09701866666666667,0.187456,0.2592586666666667,5.333333333333333e-05,0.014229333333333332,0.002629333333333333,0.00072,0.06513066666666667,0.015541333333333334
2779729550,0.11050133333333333,0.020048,0.014501333333333331,0.3730453333333333,0.243328,0.0,0.01645866666666667,0.005104,8e-05,0.21334933333333334,0.003584
2779738426,0.2419413333333333,0.184832,0.03295466666666667,0.4832106666666666,0.046112,0.0,0.002656,0.0018186666666666663,8.533333333333334e-05,0.006282666666666666,0.00010666666666666668
2779740694,0.083872,0.27542933333333336,0.08005866666666665,0.401392,0.08422933333333332,0.000192,0.018330666666666662,0.0008853333333333332,0.0009333333333333332,0.05427733333333333,0.0004
3307350379,0.4614933333333333,0.13896,0.021936,0.3075466666666667,0.053696,0.0,0.000432,0.002208,0.0,0.013685333333333334,4.266666666666666e-05
3307567251,0.01845333333333333,0.410608,0.054741333333333336,0.179136,0.026005333333333328,0.0,0.0017813333333333331,5.8666666666666665e-05,5.333333333333334e-06,0.30768,0.0015306666666666667
3308185446,0.21477333333333332,0.48896,0.012223999999999999,0.26110933333333336,0.018794666666666668,5.333333333333334e-06,1.0666666666666667e-05,0.003109333333333333,3.2e-05,0.0009706666666666666,1.0666666666666667e-05
3308439478,0.067296,0.19933866666666664,0.09018666666666665,0.443312,0.058533333333333326,0.0,0.003909333333333333,0.0007626666666666668,2.666666666666667e-05,0.13141333333333333,0.005221333333333333
3308441962,0.05527466666666666,0.371104,0.14731733333333333,0.220352,0.042325333333333326,0.0,0.011888,0.0012586666666666664,4.266666666666666e-05,0.13460266666666668,0.015834666666666667
3309785881,0.046992,0.19525333333333333,0.18586666666666668,0.161792,0.11450666666666667,0.0,0.0007626666666666668,0.0022026666666666666,0.0017013333333333331,0.228448,0.06247466666666665
3309818987,0.08941866666666666,0.0016746666666666668,0.150832,0.35191466666666665,0.17851199999999998,0.0,0.002976,0.0005173333333333333,1.0666666666666667e-05,0.21415466666666666,0.009989333333333331
3309860357,0.2856586666666667,0.11882666666666665,0.06300266666666667,0.30533866666666665,0.123968,0.0,0.0007413333333333333,0.007189333333333333,0.000592,0.09468266666666665,0.0
3309873475,0.16667733333333334,0.014885333333333334,0.12286933333333333,0.2404426666666667,0.22083733333333333,1.6e-05,0.0011733333333333333,0.012330666666666669,7.466666666666666e-05,0.21255466666666667,0.008138666666666667
3309896949,0.14725866666666668,0.16262933333333332,0.25616,0.315456,0.040949333333333324,0.0,5.333333333333334e-06,0.002272,0.00016533333333333333,0.075024,8e-05
3309898393,0.15201066666666666,0.022784,0.13413333333333333,0.374352,0.08083733333333333,0.00016533333333333333,0.006874666666666665,0.007381333333333333,0.00011200000000000001,0.20568533333333333,0.015664
3310625824,0.3570346666666667,0.07195733333333333,0.07630933333333334,0.18248533333333333,0.16789866666666667,0.0,0.00017066666666666668,0.002629333333333333,6.4e-05,0.14138133333333333,6.933333333333333e-05
3310629850,0.3275893333333333,0.07198933333333334,0.014981333333333331,0.4665706666666666,0.044405333333333324,0.0,0.00041066666666666666,0.004496,0.0,0.06950933333333334,4.8e-05
3317132243,0.2657866666666667,0.280144,0.046768,0.17818133333333333,0.07585066666666665,5.333333333333334e-06,0.006117333333333333,0.009045333333333334,0.00010666666666666668,0.12810666666666667,0.009888
3317145289,0.335536,0.254256,0.004186666666666667,0.27703466666666665,0.075488,0.0,0.00010133333333333332,0.004938666666666666,0.0,0.048437333333333325,2.133333333333333e-05
3345798108,0.1875075075075075,0.003057057057057057,0.20764564564564564,0.38271471471471463,0.12413213213213213,0.0002222222222222222,0.00723123123123123,0.002,0.0010750750750750753,0.03561561561561562,0.0487987987987988
3392225125,0.032772058823529404,0.4019852941176471,0.2292867647058824,0.1185220588235294,0.050926470588235295,0.00011029411764705884,0.0067720588235294105,0.00020588235294117648,8.088235294117646e-05,0.06459558823529411,0.09474264705882354
3392228585,0.191243553008596,0.0008538681948424069,0.025398280802292263,0.6236332378223496,0.00433810888252149,5.730659025787965e-06,0.008137535816618913,0.000997134670487106,2.2922636103151864e-05,0.1445214899713467,0.0008481375358166188
3393035860,0.190320819112628,0.17395904436860068,0.19307849829351534,0.19715358361774746,0.007549488054607506,0.022498293515358363,0.0048873720136518774,0.000750853242320819,2.0477815699658705e-05,0.2017679180887372,0.008013651877133106
3393037264,0.02115172413793104,0.4142620689655173,0.1300896551724138,0.2377379310344828,0.019282758620689656,0.0,0.01836551724137931,0.0007517241379310346,8.275862068965517e-05,0.15786206896551724,0.0004137931034482759
3393038960,0.07509022556390978,0.37130827067669175,0.14525563909774436,0.22505263157894734,0.04020300751879699,0.00027819548872180447,0.004082706766917293,0.00010526315789473683,1.5037593984962406e-05,0.08829323308270676,0.05031578947368421
3393040676,0.21095918367346936,0.004476190476190477,0.012312925170068028,0.6006190476190476,0.01023809523809524,6.122448979591838e-05,0.016510204081632653,0.003217687074829932,4.081632653061225e-05,0.141156462585034,0.00040816326530612246
3396193652,0.08609059233449476,0.33390243902439026,0.28093379790940765,0.1603205574912892,0.02219512195121951,0.0002299651567944251,0.0130801393728223,0.00032752613240418123,0.00010452961672473869,0.026285714285714287,0.07652961672473868
3396194692,0.1154054054054054,0.3248738738738739,0.07780180180180178,0.3749189189189189,0.007900900900900901,9.009009009009008e-06,0.007675675675675677,0.0027027027027027033,0.00012612612612612612,0.08843243243243241,0.00015315315315315314
3397107719,0.05529337539432177,0.04882018927444795,0.36806309148264976,0.390365930599369,0.013627760252365931,0.00029022082018927446,0.020466876971608837,0.005350157728706625,0.013343848580441641,0.08410094637223976,0.000277602523659306
3400132921,0.11022222222222222,6.006006006006006e-05,0.494960960960961,0.06519519519519519,0.004426426426426426,0.0,0.0004504504504504505,3.603603603603604e-05,0.0001021021021021021,0.3245225225225225,2.4024024024024028e-05
3400934744,0.1492072072072072,3.003003003003003e-05,0.013957957957957958,0.7966726726726726,0.0010630630630630632,0.0026306306306306307,0.0017357357357357358,8.408408408408409e-05,4.8048048048048055e-05,0.03455255255255256,1.8018018018018016e-05
3400936016,0.19899099099099096,8.408408408408409e-05,0.012972972972972972,0.6541141141141141,0.0015255255255255257,0.0,0.004516516516516515,0.00019819819819819816,1.8018018018018016e-05,0.12754354354354355,3.603603603603604e-05
3400936956,0.02607807807807808,0.018378378378378375,0.41178978978978975,0.13351351351351354,0.013843843843843844,0.00043843843843843837,0.00587987987987988,0.00033033033033033035,0.00033033033033033035,0.38544744744744747,0.003969969969969969
3400937564,0.06012012012012013,0.025213213213213213,0.5814654654654655,0.10696096096096096,0.036324324324324316,0.0015375375375375375,0.016156156156156155,0.00013213213213213214,0.00045645645645645645,0.15993393393393393,0.0116996996996997
3400939280,0.01343421052631579,0.0,0.7784671052631578,0.022421052631578942,0.007684210526315789,0.05673684210526316,0.016921052631578948,0.0,0.0020592105263157892,0.011861842105263158,0.09041447368421053
3434353579,0.5984906666666666,0.028442666666666668,0.019498666666666668,0.044613333333333324,0.12608,0.000544,0.0004906666666666667,0.002357333333333333,1.6e-05,0.17009066666666667,0.009376
3434356807,0.02382933333333333,0.11588266666666665,0.008282666666666667,0.07671999999999998,0.691328,0.0002293333333333333,0.010986666666666669,0.008176,0.000768,0.032064,0.031733333333333336
3434358453,0.278544,0.06466666666666665,0.2520533333333333,0.19693333333333327,0.11995733333333332,0.0015893333333333337,0.015904,0.009093333333333332,0.007701333333333333,0.051669333333333324,0.001888
3434361581,0.2690826666666667,0.056245333333333335,0.035488,0.252272,0.30450666666666665,0.00011200000000000001,0.004912,0.01208,0.0004,0.05819733333333332,0.006704
3434567667,0.16862933333333333,0.025418666666666662,0.12202666666666667,0.393104,0.174624,3.2e-05,0.016592,0.023136,0.0005493333333333333,0.068608,0.00728
3435151964,0.3483253333333333,0.01696,0.171648,0.145584,0.18060266666666666,0.0004053333333333333,0.01637333333333333,0.010058666666666669,0.001328,0.103456,0.005258666666666666
3435154794,0.11592533333333335,0.0068533333333333345,0.01804266666666666,0.026112,0.429776,0.0011786666666666664,0.004304,0.0075893333333333325,0.002474666666666667,0.3605973333333333,0.027146666666666663
3435157084,0.28096,0.15253866666666666,0.075424,0.09368533333333333,0.2281546666666667,0.005381333333333334,0.008602666666666666,0.008133333333333331,0.001104,0.137072,0.008944
3435368358,0.25844266666666665,0.04870933333333333,0.16150933333333334,0.292128,0.09046933333333332,6.933333333333333e-05,0.011861333333333331,0.026794666666666668,0.001072,0.10618133333333334,0.002762666666666667
3435446916,0.15748266666666666,0.3689653333333333,0.013018666666666666,0.07431466666666665,0.3620213333333333,0.0,0.0011946666666666664,0.002496,3.733333333333333e-05,0.017904,0.0025653333333333327
3435556260,0.26239466666666666,0.29103466666666666,0.025824,0.264384,0.10222933333333334,0.0,0.000304,0.0088,8e-05,0.04489066666666666,5.8666666666666665e-05
3435585816,0.23696,0.12458666666666668,0.025936,0.13253866666666667,0.2427466666666667,5.333333333333334e-06,0.007573333333333333,0.015850666666666666,0.00016533333333333333,0.20061866666666667,0.013018666666666666
3435588820,0.19212266666666666,0.16384533333333334,0.03072,0.2438613333333333,0.118448,0.0,0.000144,0.006106666666666666,1.0666666666666667e-05,0.2447413333333333,0.0
4598224965,0.027405405405405404,0.2555735735735736,0.18004204204204205,0.2498798798798799,0.08978378378378378,1.2012012012012014e-05,0.0013813813813813814,0.0041441441441441434,0.0003363363363363364,0.190012012012012,0.0014294294294294296
4598238923,0.023297124600638975,0.0,0.4906198083067093,0.3464920127795527,5.750798722044729e-05,0.0,0.0025367412140575077,0.0,0.0,0.13699680511182108,0.0
4598239599,0.6336764705882353,0.0,0.0,0.33813529411764703,0.0,0.0,0.0,0.0,0.0,0.02818823529411765,0.0
4598243005,0.12117717717717714,0.03123123123123123,0.09759159159159159,0.5420660660660661,0.041459459459459454,6.006006006006007e-06,0.07613213213213213,0.014102102102102103,0.0004024024024024024,0.07497897897897897,0.0008528528528528529
4598244365,0.15150641025641026,0.03173717948717949,0.08871794871794872,0.4075705128205128,0.20706410256410254,0.00016666666666666666,0.01441025641025641,0.015371794871794872,0.0005064102564102564,0.07825641025641025,0.004692307692307693
4598246565,0.11453453453453455,0.17611411411411412,0.2285165165165165,0.31687087087087085,0.032174174174174175,0.0,0.0042342342342342335,0.0014534534534534536,0.00012012012012012012,0.11323723723723725,0.012744744744744746
4598250239,0.4257674418604651,0.0,0.0,0.5416162790697674,0.0,0.0,0.0,0.0,0.0,0.03261627906976744,0.0
4598254147,0.2456463768115942,0.15012173913043478,0.16509565217391306,0.3661333333333333,0.010110144927536232,4.63768115942029e-05,0.013431884057971015,0.002440579710144928,0.00028985507246376805,0.045484057971014485,0.0012
4598255209,0.03882282282282282,0.12828828828828828,0.31937537537537536,0.3202702702702703,0.08215015015015015,0.0,0.007753753753753755,0.00042042042042042044,0.0,0.07974774774774775,0.02317117117117117
4598256659,0.2848708708708709,0.0,0.0,0.7001801801801801,0.0,0.0,0.0,0.0,0.0,0.014948948948948947,0.0
4598842622,0.09899699699699699,0.14022822822822822,0.18434234234234234,0.3293513513513513,0.04174774774774775,0.0,0.0021741741741741747,0.00557957957957958,2.4024024024024028e-05,0.1974114114114114,0.00014414414414414415
4598845104,0.053659217877094975,0.0,0.015854748603351954,0.8410782122905027,0.0134804469273743,0.0,5.58659217877095e-06,0.0,0.0,0.0759217877094972,0.0
4598846818,0.02203003003003003,0.10702102102102104,0.2694354354354354,0.2103723723723724,0.08524324324324324,0.00019819819819819816,0.0042042042042042035,0.004642642642642642,3.603603603603604e-05,0.17508108108108109,0.12173573573573572
4598848520,0.42075520833333335,0.0,0.0,0.5708958333333334,0.0,0.0,0.0,0.0,0.0,0.008348958333333333,0.0
4598859698,0.04918318318318318,0.1612972972972973,0.2909309309309309,0.20802402402402406,0.05381381381381382,0.0,0.009675675675675677,0.007567567567567566,0.00017417417417417416,0.2144024024024024,0.004930930930930931
4745749035,0.20888288288288287,0.051279279279279284,0.2940600600600601,0.13512912912912914,0.08588588588588589,5.4054054054054054e-05,0.0013213213213213214,0.0005525525525525524,9.009009009009008e-05,0.22222822822822824,0.0005165165165165165
4745763089,0.14015015015015014,0.0149009009009009,0.017789789789789786,0.1483063063063063,0.5540480480480481,3.003003003003003e-05,0.008786786786786786,0.002612612612612613,0.00025225225225225225,0.0727927927927928,0.04033033033033033
4745768037,0.2468610354223433,0.06346049046321525,0.15720980926430514,0.02367302452316076,0.2027792915531335,0.0811934604904632,0.016239782016348774,0.01171117166212534,0.08895912806539509,0.03202179836512262,0.07589100817438692
4745825323,0.2183603603603604,0.5313453453453454,0.007873873873873874,0.019327327327327327,0.00712912912912913,0.008156156156156159,0.017129129129129127,0.17213213213213213,0.004498498498498499,0.005135135135135135,0.008912912912912912
4745834327,0.9744984984984983,0.0003003003003003003,0.009105105105105104,0.0,0.00015015015015015014,0.004702702702702703,0.00012612612612612612,0.0011711711711711714,0.0004624624624624624,0.0005825825825825825,0.008900900900900899
4745838465,0.8692672672672672,6.006006006006007e-06,0.06901501501501502,1.2012012012012014e-05,0.001015015015015015,0.02631831831831832,6.006006006006007e-06,1.2012012012012014e-05,0.008834834834834835,7.207207207207206e-05,0.02544144144144144
4745842759,0.772960960960961,0.0023303303303303306,0.10112312312312312,2.4024024024024028e-05,0.003171171171171171,0.02168168168168168,0.00017417417417417416,0.004762762762762762,0.06348348348348347,0.003741741741741741,0.026546546546546545
4746343456,0.08293525179856115,0.05545803357314149,0.025568345323741002,0.5012709832134292,0.047203836930455635,0.0,0.030930455635491606,0.0006330935251798561,4.316546762589928e-05,0.2476498800959233,0.008306954436450837
4746349218,0.07068468468468468,0.13687687687687689,0.06521321321321322,0.17724924924924926,0.22461261261261264,0.0,0.014882882882882885,0.0003183183183183183,4.204204204204204e-05,0.3076756756756757,0.0024444444444444444
4746366668,6.006006006006007e-06,0.0,0.9592612612612612,0.00015015015015015014,0.0006486486486486486,0.01663663663663664,0.003171171171171171,0.0,0.003033033033033033,0.0057477477477477475,0.011345345345345346
4746393844,0.022612612612612614,7.207207207207206e-05,0.10295495495495496,0.66206006006006,0.039705705705705696,0.0,0.024282282282282283,0.00012612612612612612,0.0,0.14787387387387388,0.0003123123123123123
4746416920,0.035813813813813815,0.12166366366366364,0.01612012012012012,0.22763363363363365,0.22172972972972974,0.0,0.0005285285285285286,0.00011411411411411411,0.00018618618618618615,0.3762042042042042,6.006006006006007e-06
4746428890,0.07816816816816817,0.03198198198198198,0.14086486486486485,0.35905105105105106,0.2445165165165165,0.00016216216216216215,0.03699099099099099,0.0015135135135135136,0.00024024024024024023,0.10592192192192193,0.0005885885885885886
4746434804,0.1308048048048048,0.0195015015015015,0.06616216216216217,0.32073273273273273,0.1568228228228228,0.006642642642642642,0.018462462462462463,0.00412012012012012,0.008420420420420419,0.2641621621621621,0.0041681681681681685
4746470290,0.6178678678678678,0.07693693693693696,0.058570570570570565,0.021549549549549546,0.02810810810810811,0.0036876876876876883,0.0035375375375375365,0.007777777777777778,0.00021021021021021022,0.016204204204204202,0.16554954954954956
5096278363,0.15831466666666666,0.048608,0.011541333333333334,0.2448,0.3526293333333333,0.0,0.014512,0.029568,0.00046399999999999995,0.13601066666666667,0.0035520000000000005
5096278783,0.17467632850241546,0.061618357487922715,0.15697101449275366,0.3308454106280193,0.07070048309178743,0.00014009661835748792,0.0476280193236715,0.018927536231884055,0.0028309178743961354,0.1338695652173913,0.001792270531400966
5096278947,0.2473653333333333,0.008474666666666665,0.29385066666666665,0.302672,0.041834666666666666,1.6e-05,0.00834133333333333,0.002954666666666666,0.00015466666666666667,0.09409600000000001,0.00024
5096279109,0.1655561497326203,0.013620320855614971,0.06551336898395721,0.6174331550802139,0.026689839572192512,0.0,0.002352941176470588,0.002679144385026738,0.0,0.10611229946524063,4.278074866310161e-05
5096280907,0.08934933333333332,0.20848533333333333,0.175616,0.17310933333333334,0.12946666666666667,8e-05,0.002656,0.0020586666666666665,0.00042666666666666667,0.196832,0.02192
5096285041,0.20218666666666665,0.013221333333333331,0.06690133333333333,0.2784853333333333,0.062896,6.933333333333333e-05,0.024330666666666667,0.02394133333333333,0.0003573333333333333,0.3212,0.006410666666666665
5096285773,0.18789333333333333,0.064384,0.08166933333333333,0.221072,0.258944,0.000288,0.02981866666666667,0.013141333333333331,0.000976,0.13944,0.0023733333333333328
5096294117,0.033397333333333334,0.5322666666666666,0.00776,0.026682666666666667,0.30751466666666666,1.0666666666666667e-05,0.0006453333333333334,0.00019733333333333327,0.00011200000000000001,0.03046933333333333,0.060944
5096874748,0.08956345177664975,0.4442284263959391,0.005949238578680203,0.12326903553299492,0.2883096446700508,0.0,0.0013248730964467005,0.0007868020304568528,5.076142131979695e-06,0.04623857868020305,0.0003248730964467005
5096875304,0.11922133333333333,0.057514666666666665,0.149968,0.290608,0.11298133333333335,0.0018666666666666664,0.017477333333333334,0.042453333333333336,0.004794666666666666,0.200816,0.002298666666666667
5096878246,0.20021002386634845,0.19860620525059666,0.033460620525059666,0.3465489260143198,0.16364200477326968,0.0,0.004701670644391408,0.0006014319809069213,3.818615751789976e-05,0.051446300715990455,0.0007446300715990452
5096878634,0.1404,0.05010666666666666,0.029626666666666662,0.5330133333333333,0.039477333333333336,8e-05,0.039296,0.03684266666666666,0.00014933333333333332,0.129968,0.00104
5096879628,0.09357866666666668,0.3130986666666667,0.04021333333333333,0.430256,0.015530666666666668,0.0,0.005024,0.00034666666666666667,1.6e-05,0.10059733333333333,0.0013386666666666664
5096883078,0.17269333333333334,0.0208,0.09961066666666665,0.33004266666666665,0.15848533333333334,0.00022400000000000002,0.003776,0.004666666666666667,4.266666666666666e-05,0.204816,0.004842666666666667
5096883348,0.17702933333333334,0.02058133333333333,0.068784,0.3864533333333333,0.16322666666666666,0.00012266666666666668,0.004469333333333333,0.005717333333333333,6.933333333333333e-05,0.16691199999999998,0.0066346666666666654
5554064683,0.04142942942942943,0.19563963963963965,0.12604204204204206,0.04361561561561562,0.25222222222222224,0.007141141141141142,0.000990990990990991,0.00023423423423423422,0.0025465465465465465,0.22332132132132126,0.10681681681681683
5554064741,0.10945945945945948,0.022936936936936936,0.39617417417417417,0.05204204204204204,0.3088768768768769,0.008276276276276277,0.00672072072072072,0.004006006006006005,0.022504504504504502,0.021963963963963964,0.04703903903903904
5554064813,0.16533333333333333,0.145003003003003,0.1891711711711712,0.23303303303303305,0.1968108108108108,4.8048048048048055e-05,0.0016936936936936937,0.0006486486486486486,0.0002042042042042042,0.06544744744744745,0.0026066066066066066
5554065147,0.024772455089820358,2.3952095808383234e-05,0.4121017964071856,0.004652694610778443,0.07336526946107784,0.1142994011976048,0.0022335329341317367,0.0002275449101796407,0.03691017964071856,0.005299401197604791,0.3261137724550898
5554065419,0.10117117117117116,0.17958558558558554,0.2465285285285285,0.061975975975975976,0.06357357357357356,0.029573573573573576,0.003231231231231232,0.0018378378378378375,0.06062462462462464,0.028792792792792794,0.22310510510510512
5554065539,0.024042042042042043,0.20260660660660654,0.0404024024024024,0.03499099099099099,0.03789189189189189,0.004696696696696697,0.002918918918918919,0.001831831831831832,0.003657657657657658,0.24302702702702705,0.403933933933934
5554065599,0.36463063063063056,0.039693693693693695,0.3376276276276276,0.0368048048048048,0.0489009009009009,0.028606606606606605,0.0008708708708708709,0.00021621621621621621,0.0038798798798798796,0.06056456456456456,0.07820420420420418
5554065737,0.12903903903903904,0.5304564564564564,0.09257057057057057,0.03008408408408408,0.03548948948948949,0.0426066066066066,0.029213213213213213,0.007789789789789791,0.06531531531531531,0.014912912912912912,0.022522522522522518
5554066051,0.1799099099099099,0.34454054054054056,0.19145945945945947,0.021345345345345344,0.026354354354354355,0.07147747747747747,0.0156996996996997,0.003945945945945945,0.03818618618618618,0.006054054054054054,0.10102702702702702
5554649384,0.033609609609609604,0.05717717717717718,0.5431651651651652,0.05805405405405405,0.010804804804804806,0.006672672672672673,0.002732732732732733,5.4054054054054054e-05,0.003177177177177177,0.27016216216216216,0.014390390390390391
5554649466,0.042660660660660654,0.25347747747747745,0.16436036036036036,0.10367567567567568,0.031021021021021018,0.10206006006006006,0.0010870870870870874,6.606606606606607e-05,0.0008228228228228228,0.0738978978978979,0.2268708708708709
5554649508,0.02073273273273273,0.25484684684684683,0.3341141141141141,0.059357357357357365,0.00657057057057057,0.012198198198198198,0.0013693693693693693,0.00015015015015015014,0.0018018018018018016,0.10923723723723723,0.1996216216216216
5554650108,0.06440840840840842,0.0001021021021021021,0.7225405405405405,0.010678678678678678,0.04253453453453453,0.007111111111111112,0.004096096096096096,0.00012612612612612612,0.02815015015015015,0.05772972972972972,0.06252252252252252
