11750946615,0.1451704943096784,0.07097559137353704,0.03752274513604014,0.029582135512559626,0.041813366064795375,0.020263359066291974,0.04251321640449196,0.0375065947435856,0.026578162516015802,0.045495655544429726,0.015326722439355275,0.04600170117467188,0.026594312908470343,0.06295422978778384,0.06862840100347772,0.2830733120148153
11751023475,0.13217783414359194,0.10677798914958077,0.024660043683505956,0.02221752507104441,0.01508959815871674,0.011496277507691586,0.02594001737945936,0.025599473919068087,0.01769651706240165,0.03263345780783954,0.007444984616829891,0.018177975058127245,0.01801357476690387,0.03662603630897861,0.09094858968035886,0.4145001056859015
11751039725,0.10738934289436566,0.05337704706224361,0.02531304844041044,0.021727661315503296,0.0384756182908578,0.021517706213594324,0.027256478999106343,0.03245152190531563,0.030335820493771325,0.05863130807411954,0.01662952076402123,0.048526545861731114,0.03166553613919485,0.09548650365537216,0.049129493846700484,0.34208684604369227
11751044075,0.14070760252807474,0.06723946725238757,0.03624148066798023,0.028279337187893668,0.041705696781765125,0.02494158941395609,0.034890231165950664,0.03870172378522131,0.033689718660163445,0.054556025711424795,0.01851373321705051,0.05146053382430527,0.029894376433347324,0.07856089236301776,0.05188582749227473,0.26873176351518674
11751052205,0.1348611604595325,0.05900276710057387,0.03498175005652637,0.02814475058410586,0.04379448087255186,0.024317107572380675,0.03826566318894883,0.03929928830603917,0.03525092326410199,0.05490056741712157,0.018142274190596164,0.054830582383151916,0.03129946057689202,0.076240619313716,0.050303089031730135,0.27636551568203105
11751129883,0.12885321446644488,0.06154914564423916,0.04113504958170484,0.03198316052413407,0.045264166585914714,0.01940738826620153,0.05026002131851804,0.04164109521194698,0.024650882349774438,0.053242460458455806,0.014099292612810491,0.04964092294109414,0.024435543783713945,0.06906984506390172,0.056424087771999525,0.28834372341914577
11751130873,0.07810868137429072,0.07354350377380836,0.030357354350377376,0.023676475338350718,0.024710100455441062,0.007450714385692906,0.05399614543966752,0.029533684335196007,0.009291859125510084,0.06047245281393671,0.0035100186267859644,0.02533458229701649,0.011283740861569604,0.08377746912583309,0.05086296930348741,0.434090248393036
11751246553,0.15775165003176245,0.048731117499488566,0.05525049258696986,0.02919990955780225,0.04881725292591277,0.02398871625913843,0.04827890651076154,0.045678693325581145,0.037641181347373404,0.041081214940189716,0.026023665708410047,0.05294636993012264,0.03182165659958871,0.060714708700754766,0.05790454041366538,0.2341699236624783
11751268593,0.17402047869763235,0.04949556940900331,0.05464216113784898,0.030944151942892205,0.047713642774852766,0.028290104116196688,0.04053210159673546,0.05025463785436653,0.04425745878958192,0.0378134522002218,0.030244301603195627,0.0512559621865478,0.0323061683732248,0.057920690806119925,0.05184814324321414,0.21846097526836566
11751269183,0.1812989222304769,0.05193427866963834,0.05067993152233599,0.0344649374979812,0.04702994282761072,0.02739106560289415,0.0395792284419178,0.05009313392982116,0.04543643743876309,0.042034088095007374,0.026594312908470343,0.050249254390215006,0.03328057538464852,0.056537140519181274,0.05138516532618409,0.21201158521485405
11751275653,0.13862958536559106,0.04673385229927754,0.04539875318970251,0.02669121526319756,0.044747354027369526,0.021431570787170128,0.04868804978627647,0.04511342958967236,0.03337209427522422,0.039218536343766486,0.02296585807035111,0.049102576525942916,0.030545775595680308,0.0604670693497852,0.06361639587841984,0.2832778836525728
11751292774,0.1296122829118081,0.05708625386263552,0.039692281189099565,0.0333613273469212,0.04635700980867168,0.02082862280220076,0.04849424507682203,0.043562991914036835,0.02433864142898673,0.045188798087793525,0.014906812235537324,0.053107873854668,0.025205379157380192,0.06529603669369166,0.05593419253421191,0.29702725109553496
11751433254,0.17643227063750982,0.04837042540133725,0.04998546464679092,0.03407732807907232,0.04532338469158134,0.030631911022104507,0.035417810652798865,0.054905950881273084,0.047869763235246617,0.03434111782249642,0.0318647243128008,0.05134748107712351,0.03429805010928432,0.051772774745092974,0.052047331416820095,0.22131421126866715
11751437724,0.14167662607534695,0.07796871130635141,0.03245152190531563,0.028715397784166163,0.03967074733249351,0.02052714880971608,0.04154419285721976,0.03833026475876697,0.027105742002864003,0.037926504947403565,0.017060197896142208,0.0442036241480668,0.028871518244560013,0.052284203839486634,0.07649902559298857,0.2951645724991117
11751467524,0.12174165832229725,0.05903506788548295,0.030185083497528995,0.026524327874500684,0.04448894774809695,0.023633407625138624,0.034712576848950766,0.036198412954768125,0.031536332999558554,0.05983720404405826,0.01569279800165811,0.05520204140960625,0.03078803148249836,0.08594700517889252,0.049145644239155004,0.2953314598878086
1193619034,0.10459532499973084,0.03641913498498014,0.03759811363416131,0.01869677099820192,0.03416346350549652,0.013490961163689613,0.04250783294034045,0.026319756236743215,0.021555390462654908,0.044144406042400164,0.011779019563508726,0.03669907512085877,0.017867717518869043,0.051993496775304966,0.03403426036586022,0.4681352756871992
2313902629,0.14421431951370434,0.10344095414892196,0.038377073247673484,0.036611703612031206,0.02362926024339048,0.017277569492471397,0.037533821084944005,0.04575401303097586,0.026110484233004525,0.04544461835256434,0.012181657142163821,0.029380361324451886,0.022470546839927687,0.057917470486174315,0.059840570742183234,0.29981557650541746
2313903253,0.13258471954282386,0.09203581698394787,0.03870466761305039,0.03462793773280432,0.028106383236874997,0.015797328285953482,0.041822880646452884,0.04296946092527208,0.02163336123952001,0.04860529732221938,0.011223140295320254,0.0327048374767954,0.020838641575364903,0.06285565221611521,0.059197515136072985,0.316292359771412
2313903839,0.12811972967398294,0.1199966027250998,0.03229837780123515,0.032225579053373615,0.0209599728218008,0.014238221769252237,0.0359322486319902,0.03672090173382351,0.020444315024448247,0.05117751974666036,0.009415304723425423,0.028373311979033963,0.018351351023429063,0.05910651670124607,0.06625292711632025,0.3263871194748784
2313904509,0.14491197418071075,0.11083002705686797,0.03535592521141969,0.033675487448282554,0.02630461422730196,0.015942925781676553,0.03818294325337604,0.039232458535046526,0.02564335893422633,0.04714932236498866,0.011332338417112559,0.031679588444412085,0.021997354978827696,0.05661315958698844,0.06724784333709462,0.2939006782416676
2313905107,0.13488394666278405,0.12657882284424707,0.03457333867190818,0.036460039553986336,0.0225736783993982,0.015142139555199653,0.03682403329329402,0.04124049066356058,0.019849791916912364,0.05430179934238465,0.0086327181839139,0.03076960409614288,0.017872092600007283,0.061126681954403725,0.0602288307307781,0.298941991531079
2313906127,0.1394642012157391,0.09907302927722976,0.03630230893361967,0.03525279365194919,0.02218541841080333,0.015451534233611182,0.03959038571203242,0.04393404433443745,0.02108737063055849,0.03982698164258242,0.010489086254383093,0.028773705092272405,0.01846054914522137,0.053367548744828255,0.06169693881265241,0.3350441039080794
2313907005,0.1533748286196144,0.11158834734709228,0.0341972118079569,0.035489389582499184,0.022549412150111015,0.016767978257440638,0.03645397299166454,0.04207767626396826,0.024806173333818658,0.047774178284133516,0.010737815309576676,0.029726155376794187,0.022500879651536656,0.05845739453281404,0.06372923719045366,0.28976934930052534
2313907535,0.12975770150086752,0.08748589524260182,0.03701816328759145,0.03401521493830306,0.02642594547373785,0.015281670488600928,0.04460136618983487,0.04251446875113748,0.01971632754583288,0.045826811778837406,0.009712566277193366,0.03156432376029799,0.018915541319355973,0.06136327788495372,0.057626275494728166,0.3381744500661255
2313909335,0.13977359589415062,0.0860177871607275,0.034391341802254324,0.033353959645227436,0.026031618922821197,0.016440383892063724,0.03710309516009658,0.040694500054599056,0.026917337021803225,0.04436477025928488,0.011769130904281779,0.03244397529695822,0.02352006212159817,0.0582693311008384,0.06063529040633835,0.3282738203569565
2313910111,0.1199723364758126,0.0831301034955532,0.06281925284218445,0.03400308181365948,0.025449228939928896,0.013146240551329184,0.07142163821448938,0.044935027117533576,0.014456618012836844,0.05682548926825125,0.00851138693747801,0.029829286936264694,0.013370703357235588,0.07491597811184314,0.055163251192079495,0.29205037673352013
2313912667,0.08865067520838642,0.04494716024217717,0.04306045936009901,0.02607408485907376,0.031018333151336463,0.01135660466639974,0.06977153326296122,0.042696465620791324,0.014183622708356084,0.037424622963151695,0.008353656317111345,0.03203144905907618,0.01420182239532147,0.06161807350246909,0.06664118710491512,0.4079702495783739
2313913101,0.107311420910227,0.09086497045584148,0.045972409274560484,0.02808818354990961,0.02793651949186474,0.012964243681675341,0.06677465147599461,0.03340855870612359,0.014911610186971453,0.08830488115604411,0.006454822310389594,0.032886834346449234,0.01503900799572914,0.10004367924871692,0.052766959074970574,0.2762712481345321
2314715700,0.15175505647969526,0.10255523604993994,0.040403305063152914,0.035349858649097905,0.028203448234023706,0.017605163857848313,0.03912326041325422,0.04174401533626954,0.02704473483056092,0.05144444848881932,0.012848978997561242,0.033869617442579984,0.023301665878013564,0.05835426297334353,0.059179315449107615,0.27721763185673204
2314716412,0.15028694839782086,0.11236486732428204,0.040057511010810606,0.036265909559688905,0.026874871085550662,0.017829626663754716,0.03871073417537218,0.04310292529635157,0.026080151421395557,0.05216636940511289,0.012636649316298426,0.032268044989626175,0.02133003312343028,0.0604532935366845,0.057195549569880724,0.27237651512393984
2314720094,0.11689052281634088,0.10646210218517577,0.04454676712893872,0.03041774348147878,0.022215751222412303,0.013273638360086873,0.05464152683240514,0.03389388369186717,0.01648891639063808,0.08945752799718512,0.007201009475970345,0.02905276695907497,0.016701246071900898,0.10174838326114123,0.056097501789635885,0.2609107123357478
2523908185,0.14735079729104086,0.10848756958127416,0.041458057430795565,0.03526707365655652,0.028446224576590545,0.016484167231930403,0.043126931317764364,0.040779740947705034,0.024946972878107602,0.045716377574641726,0.012328132906962972,0.033463613165799926,0.0217707290287154,0.05596649331912098,0.06392863679920756,0.2804784822937864
2523918981,0.1589683129300042,0.06664728619572122,0.05417379975666742,0.03477717841876891,0.04209330620067401,0.028634645821893474,0.04025754492500835,0.04568946025388417,0.030513474810771237,0.04199640384594679,0.02142618732301861,0.04782131205788301,0.020984743262594613,0.0645208178558739,0.05277948254142576,0.24871604379986434
2523921613,0.16445944636454665,0.10641493588294196,0.044198240683915285,0.03083648265986197,0.02777867502180303,0.017991537194353827,0.039896852826857024,0.03735585774734326,0.029485233157832406,0.047288349106883294,0.014282330393961906,0.03445417056967817,0.021275450326776274,0.060461685885633686,0.07728501135910935,0.2465357408185019
2523921999,0.12061651431463118,0.08380438644659065,0.049576321371275996,0.025899846032925267,0.0274125994595002,0.013889337510901515,0.06098388190833036,0.030664211807013574,0.01885827492274729,0.078668561646048,0.0092111071632374,0.03162246842598275,0.020015719715322417,0.09346770459855509,0.06905369467144719,0.26625537000549115
2523930235,0.14101445998471096,0.12527321080568926,0.02942063158801425,0.032166198305285484,0.02381106194213853,0.0156012791110824,0.032677627399679145,0.03445955403382968,0.020667118877655398,0.0530594226773044,0.009157272521722276,0.03213389752037641,0.020441013383291882,0.0615706795008452,0.06850458132799292,0.30004199102038187
2523932903,0.15994271994142792,0.12801877752296048,0.03949847647964512,0.03326980845634549,0.022411361262745354,0.014255413073204343,0.04051595120428093,0.034669509135738664,0.01897671113408056,0.04543105397461159,0.010072461427479355,0.028596961572832886,0.018293011186838508,0.052741798292365166,0.07589069414386769,0.27741529119157593
2523944107,0.14278023622640698,0.11118468512118178,0.041953336132734685,0.025173078372471118,0.024817769738471312,0.014314631178870982,0.04571099411049022,0.031913175490164404,0.0229174068929875,0.05343626516791025,0.010729244053963844,0.02984592525598372,0.020769404696534127,0.06374021555390463,0.0854947941901655,0.27521883781775897
2523949851,0.11674042012554238,0.060197896142209585,0.05026540478266955,0.027094975074560976,0.03616611216985906,0.012629606899447657,0.06845613015062932,0.03884707731731214,0.01800768758680836,0.041861817242158976,0.011154537721933307,0.03546626183016247,0.01978423075680739,0.059498045802513,0.08106958665762244,0.3227602097397633
2524735294,0.14365774088310346,0.1325139700894732,0.03543934450940491,0.03307600374689105,0.023881046976108187,0.016096557813021526,0.03775423409455517,0.03584848778491984,0.02158230778341247,0.054033829688728094,0.010174747246358086,0.030992603120255827,0.019385854409595487,0.06272812429342033,0.06748710660335712,0.2753480409573953
2524738124,0.15547982815982428,0.08966159544343594,0.08678682558652841,0.026330523165046246,0.025749109036682927,0.010756161374721405,0.08289458100498509,0.02627130505937961,0.0151167673374463,0.06748172313920561,0.008661993819783154,0.02777867502180303,0.01824994347362641,0.08188248974450078,0.07493782098905005,0.20196065764398075
2524751584,0.13978703015816618,0.11854388061629895,0.03176782195807358,0.03403426036586022,0.024031783972350527,0.01524597047708259,0.03731817349828268,0.03648373655479828,0.01873445524726251,0.04804741755224652,0.008705061532995252,0.03233846915813388,0.01817995843965675,0.05815756322878645,0.06900524349408356,0.309619173745922
2524759686,0.1735036661390872,0.12693670122850653,0.043078480140400735,0.0368444286529496,0.0254314846517437,0.01798615373020231,0.04081742519676562,0.0406343874156142,0.026050583029167608,0.048612681288155296,0.013006449390053512,0.031654769210891824,0.022045285700442518,0.053263994315061854,0.06787471602226601,0.2322587938886915
2524762934,0.1412944001205896,0.08919323406225436,0.06124228818760296,0.02770868998783337,0.027288779784015414,0.014901428771385812,0.0670348956146301,0.030567309452286362,0.02300354231941169,0.08680297597898295,0.011095319616266676,0.031670919603346365,0.020650968485200857,0.09201955274179828,0.07097020790938552,0.20455548736500964
2524765658,0.13725141854280393,0.12610226428502214,0.031170257437255725,0.02915684184459016,0.021011660583352174,0.013173336778750391,0.037248188464313006,0.03210698019961885,0.019418155194504558,0.049635539476942624,0.008511256823540812,0.026524327874500684,0.020441013383291882,0.05540661304736372,0.08824574437158822,0.30459640169256114
2524771260,0.14859976097419167,0.1096019466606372,0.04132885429115928,0.02627130505937961,0.027590253776500102,0.0167479569753545,0.04054825198919,0.03445955403382968,0.028010163980318054,0.05953573005157359,0.013539412341053221,0.03421729814701164,0.023423452523229648,0.06833769393929606,0.07634828859674622,0.25144007666052953
2613272151,0.12824468606131845,0.09627534528357332,0.025186110294837888,0.023643353903418554,0.02004358899010677,0.01495004407875404,0.026447252424331474,0.02910422176510922,0.02408414144382408,0.035826231756293465,0.010689097854833973,0.024512684885885004,0.018072289156626502,0.03649965716524634,0.09326329709080224,0.39315799784503863
2613284933,0.1524082908816474,0.11218026468289263,0.034608231584054336,0.024985849438020537,0.025188000323441415,0.017088488180911566,0.02632004528179833,0.030807794938141824,0.026441335813050863,0.033826581493760284,0.014474003396134876,0.02667044014986119,0.01932562464623595,0.03906902778900839,0.0726530282202636,0.3439529931807768
2613546193,0.11910914435220775,0.04732603335594388,0.034685659528193205,0.03040042206358948,0.04033829688728103,0.018825974137838212,0.04602323503127793,0.04599631771052037,0.029210676486105282,0.040661304736371764,0.015735865714870206,0.04168954638931059,0.023547272198714428,0.06405783993884384,0.05310249039051649,0.3492899210784156
2614110022,0.17863289894270962,0.15799251427478622,0.04332978171188154,0.031349889353331696,0.02576291560801027,0.018222550064202387,0.03368576346201131,0.03807064994672568,0.029956560937628062,0.03999672158019835,0.01581837554298828,0.02812610988170369,0.02331776083927547,0.04808349042428217,0.06276807911919788,0.2248859383110674
2614112752,0.18209200438116105,0.17573703906535232,0.0477706279664111,0.033611719605695506,0.025579591091639285,0.017866922234392114,0.0415868017524644,0.039282128514056235,0.0260815991237678,0.04512367652427893,0.01478641840087623,0.030668127053669225,0.022076944140197157,0.048649142022636,0.06005841548010224,0.18902884264330047
2614342944,0.12953691441368692,0.05886279703263456,0.05431915328875825,0.02509232641019844,0.04110274879679576,0.013022599782508049,0.05239725658666839,0.034954832735768805,0.020990126726746126,0.041484974751553126,0.010519288952054869,0.04291159275170386,0.01951505754923178,0.061091551191360616,0.06279272586323847,0.331406053167092
2614355710,0.0877504656696491,0.041048914155280634,0.03246767229777017,0.024963123270562142,0.03838409940028209,0.013254088741023072,0.054066130473637175,0.038771708819190974,0.01847066550383841,0.035428577581101885,0.010083228355782379,0.039240070200372526,0.02127006686262476,0.06718024914672094,0.06810082151662952,0.40952011800553423
2614359260,0.11845236172572328,0.057000118436211326,0.033016785641224414,0.02977055675786255,0.03577311928679867,0.018524500145353527,0.04503267762739968,0.04251321640449196,0.0261797861688039,0.041937185740280165,0.013727833586356148,0.038852460781463656,0.023654941481744674,0.06759477588638738,0.05863669153827104,0.3493329887916277
2614369444,0.08807885698289136,0.044198240683915285,0.03201546130904314,0.01971962918698924,0.03735585774734326,0.01239811794093263,0.052117316450789763,0.03304908642613349,0.020349494492716173,0.0415172755364622,0.011084552687963652,0.03798033958891868,0.023466520236441742,0.06676572240705449,0.07922844191780526,0.4006750864045997
2614372366,0.11166381343066636,0.058588240360907436,0.0420448550233104,0.02585677831971317,0.03392659108282998,0.01450305242417391,0.05630565156066625,0.039939920540069125,0.0241502201836838,0.04428437611033948,0.01265652422020522,0.0363599168793135,0.022303691979715108,0.06608202245981244,0.0681761900147507,0.3431581554098431
2614375716,0.12296370468469052,0.05029770556757863,0.03558469804149574,0.0287799993539843,0.04068822205712932,0.020204140960625342,0.04199102038179528,0.041393455860977424,0.03233846915813388,0.051078307869547895,0.015902753103567084,0.043724495838582206,0.0261797861688039,0.07702122161568527,0.0502869386392756,0.3215650806981276
2614387646,0.06806313726756894,0.05338243052639512,0.020640201556897837,0.019611959903959,0.031487881822194946,0.01553129407711274,0.03407194461492081,0.0309818361919528,0.0193051024473228,0.06797161837699323,0.007725271057420029,0.03680136093973751,0.01911668120201988,0.11720339804257245,0.036860579045404136,0.4212453029275279
2615604743,0.09178558204449,0.07090774445298928,0.02181776752399669,0.023569455125466404,0.024509385057962345,0.012219089122447235,0.036842405081318176,0.032541513572018566,0.018513771397647327,0.047523427041499325,0.006707681790993762,0.028183656612264664,0.01861346093594235,0.08281352359793785,0.05780569084850039,0.4256458457945256
2616426152,0.1278949578474757,0.05396384465475845,0.037931888411555065,0.0302335346748926,0.04378371394424885,0.01899824499068661,0.046685401121913925,0.0419102684195226,0.027934795482196885,0.043530691129127774,0.015014481518567569,0.0485211623975796,0.028796149746438838,0.0676486105279025,0.0609946488366334,0.3061576062964997
2771191157,0.14238185987919508,0.09011918989631447,0.05712932157584761,0.025323815368713455,0.03585925471322286,0.010944582620024334,0.07330663135114182,0.02643819244807649,0.01936432055298944,0.0687091529657504,0.008742745782055838,0.0363599168793135,0.021474638500382226,0.07429180529086858,0.08664147205443759,0.22291310012166626
2771193237,0.11648739731042132,0.17083885138408866,0.039062415883372635,0.02897918752759025,0.02048946456065549,0.009744070114237108,0.045517189401035774,0.027827126199166642,0.01468070674117381,0.05064763073742692,0.006406322340299536,0.02304661003262379,0.016252678273415377,0.056343335809726836,0.05682784758336295,0.31684916610140296
2771193533,0.05553581618700001,0.10244732280327744,0.024209438289350432,0.02624977120277356,0.03384045565640578,0.010799229087933505,0.06317495181799584,0.03325904152804247,0.0043229217136643095,0.040478266955220346,0.0017550093133929822,0.016591836514960646,0.0075691505970261735,0.09829128847831001,0.0278540435199242,0.4536214563347223
2771193635,0.13281006061780634,0.10224275116552,0.047670575061640665,0.02412330286292624,0.02256209825898769,0.008726595389601301,0.06376174941051067,0.026239004274470536,0.016699505797990892,0.05898661670811934,0.0070469545743294905,0.022642850221260374,0.020209524424776856,0.0726336983322028,0.08425659743531766,0.28938811546453913
2771193867,0.0557080870398484,0.08256618969174286,0.022836654930714816,0.01873445524726251,0.02449476188938058,0.008182865510298565,0.05552504925869698,0.023999483187441453,0.007456097849844419,0.04381063126500641,0.0029555218191802055,0.019875749647383097,0.011116853472872723,0.07475478320789862,0.05631103502481776,0.4916717809576106
2771194339,0.11196528742315104,0.09740840035746201,0.04110813226094728,0.01950429062092876,0.013857036725992441,0.004748215381633772,0.06097849844417885,0.017103265609354306,0.010067077963327842,0.04657773183888368,0.003321597381483037,0.014433067390204246,0.013447893450477514,0.05762998374193825,0.09782292709712846,0.3900265943129085
2771195589,0.10272726293915607,0.08782045070361877,0.07667667990998847,0.01861601903592924,0.018669853677444358,0.005103524015633579,0.10266266136933794,0.016855626258384746,0.008888099314146667,0.09526039816100863,0.0041452673966644055,0.01966041108132261,0.013840886333537906,0.1181508877332386,0.08961852773022384,0.2213034443403641
2772036020,0.12492866909999245,0.16847551062157476,0.0387394080342819,0.029684421331438355,0.0118113203484178,0.007020037253571929,0.049673223726003204,0.024683183134683505,0.00799982772914715,0.060601655953573,0.0024656265813925945,0.014815293344961615,0.011294507789872628,0.05890048128169514,0.09047449853031428,0.29843233523907964
2772036760,0.17008516640287696,0.13444663371986607,0.051325947220517455,0.03101952044101338,0.026798884546227808,0.010131679533145987,0.059185804881725285,0.026933471150015608,0.019875749647383097,0.06401477222563175,0.007827556876298759,0.027924028553893858,0.024457077640319992,0.06409014072375292,0.0750562572003833,0.20682730923694775
2772038328,0.11218600945336303,0.15355254799358292,0.037538895528494674,0.030965685799498262,0.017420889994293528,0.007542233276268613,0.04849424507682203,0.029151458380438644,0.00994325828784306,0.04712684518233793,0.0036661390871798186,0.01883674106614124,0.012150478589963069,0.04889262142403394,0.06269044004435974,0.35984151081537946
2772039126,0.14042227892804462,0.14227957406031633,0.044946542200975485,0.035390893332041304,0.021178547972049055,0.01057312359356999,0.05119674408088117,0.034378802071557,0.019213583556747096,0.07428642182671705,0.005501900362845484,0.02588369564047073,0.01955812526244388,0.06747095621090259,0.062044424346178274,0.24567438655425994
2772039580,0.0852363879108929,0.07070641816596143,0.0550028532360003,0.018406063934020264,0.02243827858350291,0.0044628917816036265,0.10410004629779172,0.01550976022050669,0.007133090000753684,0.08625924609968022,0.002471010045544107,0.022637466757108864,0.014433067390204246,0.13309538421783648,0.0759391453212313,0.28216889003736123
2772040972,0.13187333785544322,0.10011089936152116,0.06854226557705352,0.02145848810792769,0.023854129655350626,0.006756247510147829,0.07829710261959366,0.01999956932286788,0.011278357397418092,0.07566458864950419,0.0049204862344821645,0.02345036984398721,0.014594571314749616,0.0901730245378296,0.07510470837774691,0.25392185363437664
2772041130,0.0557511547530605,0.040370597672190096,0.03132099443349807,0.011789786491811751,0.0127372761824779,0.0035692367324525985,0.08314760382010616,0.014276946929810394,0.0062125176308450965,0.03374893676583007,0.002320273049301765,0.011267590469115064,0.006228668023299633,0.07525544537398926,0.045188798087793525,0.5668141735844181
2814999674,0.07758110188744252,0.09615405321015967,0.04064515434391722,0.02216372191177579,0.02052714880971608,0.007493782098905003,0.08373440141262099,0.022395210870290814,0.006799315223359928,0.09570722568558417,0.0026486643625440094,0.017851567126414506,0.011967440808811654,0.10932738998891006,0.0729836235020511,0.3120201987574965
2920018703,0.07977820372398686,0.09050292077400512,0.020052939028842642,0.011673968601679446,0.040543994158451994,0.009602044541803578,0.030836984300839726,0.01463581599123768,0.01235396129974443,0.0189530850675429,0.008255750273822563,0.02232566630156992,0.010017342095655348,0.040566812705366925,0.04225082146768894,0.547649689667762
3170652501,0.13087739698741346,0.06133380707817866,0.055982643711575526,0.029178375701196205,0.03979995047212981,0.020091088213443586,0.06802545301850835,0.044655835136793824,0.024462461104471502,0.046518513733217054,0.02031181024365559,0.04229787783843148,0.021544623534351885,0.06214671016505701,0.0732527967096267,0.2595206563519494
3170653137,0.13001065925902,0.05335551320563756,0.053479332881122346,0.030804181874952895,0.04459123356697568,0.021329284968291395,0.06433778007472249,0.04601785156712642,0.025237679942289263,0.042233276268613326,0.02077478816068564,0.047670575061640665,0.021980684130624373,0.0594119103760888,0.06683570744102416,0.271929541221185
3170653823,0.13289081258007904,0.05223036919797151,0.04928023084294282,0.030653444878710558,0.04797204905412535,0.022082969949503102,0.05443758950009152,0.048176620691882804,0.02672351604810664,0.03886861117391819,0.021706127458897245,0.050997555907275206,0.02379491154968399,0.056730945228635726,0.0631157337123292,0.2803385122258471
3170655067,0.17198552924836075,0.10919818684927377,0.034890231165950664,0.030901084229680117,0.028354705686014836,0.023321166704350915,0.032521506939285294,0.0375927301700098,0.02993206068240792,0.04493577527267246,0.017695446666020652,0.03720512075110092,0.025905229497076774,0.05154128578657794,0.0794222466272597,0.2445976937239575
3170657309,0.13478579196141133,0.06049398667054276,0.04640007752188378,0.029829774863529182,0.04184566684970445,0.022443662047654425,0.05118597715257814,0.04430590996694553,0.02858081118037835,0.045522572865187294,0.01915974891523197,0.04430590996694553,0.0233588509534115,0.06647501534287283,0.06208210859523886,0.2792241351464841
3170658109,0.1732937110371782,0.08828881208480033,0.041118899189250296,0.034572606781011435,0.032090829807164316,0.026955005006621662,0.03731279003413116,0.045468738223672166,0.036128427920798484,0.048833403318367295,0.01924588434165617,0.04146882435909859,0.027794825414257568,0.0590996694553011,0.06476845720684345,0.22355911581984772
3170658801,0.13551255962186548,0.05364083680566771,0.049199478880670125,0.03151479914295251,0.04178644874403781,0.021889165240048667,0.05417379975666742,0.046674634193610905,0.02798324665956049,0.04065592127222025,0.020640201556897837,0.045947866533156766,0.02536688308192556,0.06282502664814757,0.06506454773517664,0.2771245841273943
3170659495,0.16811481852342344,0.08282997943516696,0.04506497841230876,0.03290373289404266,0.0368444286529496,0.02398871625913843,0.04492500834436944,0.04501652723494514,0.03398042572434509,0.040542868525038495,0.020349494492716173,0.04183489992140142,0.02495773980641063,0.04922101273727617,0.08239930230304596,0.22702606673342166
3170660905,0.18067982385305292,0.08524715483919593,0.04320768328003704,0.03459952410176901,0.035326291762223155,0.02443016031956243,0.038093392336100436,0.04544720436706612,0.03587002164152589,0.04500576030664212,0.01980576461341344,0.04318614942343099,0.028096299406742246,0.05410381472269776,0.06455311864078297,0.2223478363857575
3171484234,0.17333139528623878,0.09530346587422074,0.03775961755870667,0.03300063524876988,0.03092261808628616,0.02351497141380536,0.03377585408658764,0.042690870721491865,0.034131162720587443,0.04544720436706612,0.018535267073656558,0.03798033958891868,0.02794556241049991,0.05674709562109026,0.06941977023375001,0.2394941697083239
3171487000,0.1345004683613812,0.0573823443909687,0.04853192932588263,0.030459640169256112,0.04544720436706612,0.024327874500683695,0.05304865574900137,0.04742831917482262,0.027068057753803415,0.04216867469879518,0.02345575330813872,0.0507283826996996,0.023956415474229355,0.057312359356999035,0.06347104234632901,0.2707128783229433
3171488340,0.1436362070264974,0.09442596121752424,0.029953594539013962,0.028677713535105568,0.03330210924125456,0.021006277119200664,0.03487408077349613,0.03828719704555488,0.025458401972501262,0.03694133100767682,0.01873983871141402,0.03946617569473605,0.0242848067874716,0.04907565920518536,0.08780430031116422,0.2940663458122033
3171489052,0.14640330760037468,0.06317495181799584,0.057285442036241474,0.02531843190456195,0.03694133100767682,0.019073613488807775,0.054093047794394736,0.03849715214746385,0.027929412018045368,0.04629779170300505,0.017275536462202697,0.0402790787816144,0.019859599254928563,0.05970800090442197,0.0613499574706332,0.2865133456076316
3171494112,0.14688243590985928,0.050895270088396484,0.046292408238853534,0.02700345618398527,0.053253227386758833,0.02643819244807649,0.04298696124982504,0.04323998406494611,0.031035670833467918,0.04419285721976377,0.02121623222110964,0.06201750702542073,0.023956415474229355,0.06648578227117585,0.04994239693357882,0.2641612024505529
3171494954,0.13106043476856488,0.05392616040569786,0.0390893332041302,0.031654769210891824,0.04707301054082281,0.02374646037232038,0.043466089559309626,0.04826813958245852,0.029221443414408306,0.04077435748355352,0.01995111814550427,0.05455064224727328,0.025657590146107214,0.0639932383690257,0.05303788882069834,0.2945293237292333
3184871233,0.052671291225508086,0.026907630522088357,0.022696847998052817,0.014567360350492881,0.017031763417305584,0.007423633929658027,0.03582207618352197,0.024078130704636727,0.011865644395764877,0.02623828647925033,0.00624315443592552,0.017859316052087137,0.01352074966532798,0.06160399172447365,0.0618595594499209,0.5996105634659852
3184874163,0.0637154679323354,0.04430449069003286,0.037507606182304976,0.022581234027017158,0.02144943410003651,0.0069672629913593775,0.07119995132043325,0.03502494827796032,0.009541195083363756,0.03795180722891566,0.0055312157721796274,0.022897651210904226,0.01590604843616892,0.07124254594134112,0.08831690397955459,0.4458622368260923
3184875263,0.07601314348302302,0.06254715833029086,0.04233905318242668,0.02264816843130096,0.0183096020445418,0.007326274796154314,0.07601314348302302,0.030333455032250205,0.009133503711816964,0.04868565169769989,0.005123524400632834,0.02008032128514056,0.013593769015455762,0.07151636850432032,0.09245466715346233,0.4038821954484605
3184878905,0.03300474625775831,0.020634051356942924,0.017524644030668127,0.012060362662772302,0.016423268832907387,0.00440550079104296,0.05099793111841305,0.023487890957770475,0.007192405987586709,0.022995010344407936,0.003924790069368383,0.014859437751004016,0.011737860533041256,0.06232810027990751,0.08222587318972861,0.6161981258366801
3184881083,0.07803334550322502,0.036698308385055375,0.028933917488134363,0.01840087623220153,0.024224169404892297,0.010423512230741146,0.04051356942923208,0.028769623950346837,0.016271145186807837,0.030850675428988682,0.009687233783619324,0.02684678106364853,0.016046002190580503,0.05758184252160156,0.0677011074601436,0.5090178897407813
3184882031,0.0657782645734453,0.040720457587927465,0.04372033588901058,0.02336619204089084,0.02360350492880613,0.010825118656443958,0.06356942923207984,0.041371546793233537,0.01207861750030425,0.043592552026286965,0.007235000608494585,0.022940245831812096,0.011141535840331021,0.08295606669100646,0.05104052573932092,0.4560606060606061
3185623536,0.07487860288338338,0.04513496344627841,0.02943139851631728,0.022400594334442327,0.03487408077349613,0.011095319616266676,0.05750078060230196,0.03406117768661778,0.01402930757884083,0.04112428265340181,0.0075691505970261735,0.033582049377133195,0.018917493028413924,0.07703737200813982,0.07141703543396105,0.4269463914639792
3185714822,0.0866192040890836,0.04740781307046367,0.03016307654861872,0.022465620055981503,0.026986734818060118,0.011464037970062069,0.044547888523792135,0.03579165145430205,0.016654496774978704,0.03565778264573445,0.009200438116100766,0.028933917488134363,0.01622246562005598,0.06859559449920896,0.055701594255811115,0.4635876840696118
3185715876,0.06451259583789705,0.030564682974321526,0.02605573810393088,0.01557746136059389,0.020877449190702203,0.008871851040525739,0.03700255567725448,0.025282949981745163,0.01386150663259097,0.031191432396251675,0.007825240355360837,0.021528538396008275,0.014713399050748447,0.07081659973226238,0.0573627844712182,0.5539552147985883
3185723398,0.03943044906900329,0.025666301569916027,0.02017159547280029,0.01315565291468906,0.01874771814530851,0.005062674942193014,0.05259218692953632,0.023566995253742243,0.008129487647559937,0.027862967019593527,0.004076913715467932,0.017366435438724594,0.012322015334063529,0.06197517342095656,0.08190337105999757,0.5879700620664478
3185723606,0.0632773518315687,0.035377875136911284,0.031100158208591945,0.018546914932457102,0.02264816843130096,0.008652792990142388,0.05538517707192406,0.029858829256419618,0.01321650237312888,0.03026043568212243,0.007514908117317756,0.023579165145430202,0.015230619447486918,0.05962638432517951,0.07271510283558476,0.5130096142144335
3185723928,0.04538761105026165,0.03399659243032737,0.03138006571741511,0.015212364609954973,0.016508458074723134,0.005963246927102349,0.07520993063161738,0.02643300474625776,0.007916514543020566,0.038231714737738835,0.0037239868565169774,0.01753681392235609,0.011050261652671292,0.09129244249726176,0.08487890957770476,0.49527808202507
3185725074,0.05940732627479616,0.036156748204940976,0.02619569185834246,0.017342095655348666,0.017281246196908847,0.00850675428988682,0.044505293902884255,0.027510040160642568,0.012267250821467688,0.03251186564439577,0.006620421078252403,0.018394791286357556,0.014384811975173419,0.06978215893878545,0.06484726785931605,0.5442862358525009
3185725590,0.05135694292320799,0.03514664719483997,0.022605573810393086,0.01816356334428624,0.01759766338079591,0.00731410490446635,0.05024948277960326,0.030363879761470126,0.01101983692345138,0.026469514421321647,0.005646829743215285,0.017956675185590847,0.012693197030546428,0.05405865887793598,0.07247778994766947,0.566879639771206
3185726020,0.058640623098454414,0.042217354265547034,0.024047705975416816,0.01860167944505294,0.015358403310210541,0.007320189850310333,0.05205671169526591,0.03126445174637946,0.011457953024218084,0.02251429962273336,0.006230984544237556,0.016551052695631008,0.012340270171595473,0.043154435925520256,0.09407326274796153,0.5441706218814653
3213336488,0.15821761622762234,0.11734225035736165,0.042713225784493915,0.024598393574297186,0.031073446327683617,0.012099244435368592,0.05636103736981825,0.029533387788441907,0.02334762779933293,0.053748893880607176,0.011163297256823905,0.03191579878837384,0.021935198420801848,0.06540569055884556,0.0845415560547274,0.2360033353753999
3312398493,0.15048935689137247,0.1339244376971694,0.035175554765980804,0.030809565339104405,0.02906532295401445,0.01781388287735392,0.032187732161891525,0.03611766099249545,0.023337317096805445,0.05501900362845484,0.011396793608751359,0.0370651506831616,0.019870366183231587,0.06490304381063126,0.05091142048085102,0.27191339082873045
3312411015,0.1204926946391464,0.11176071578539358,0.027041140433045858,0.0349925169848294,0.027767908093500004,0.01508985001668874,0.03872864110597887,0.03936927334000883,0.016898693971596844,0.04396675172540026,0.008548941072601398,0.03517017130182929,0.019864982719080077,0.058324450617483335,0.06458541942569204,0.33739784876772505
3312415455,0.09798443102167383,0.05474444695672771,0.03914316784564532,0.02449476188938058,0.03914855130979683,0.011725184921993604,0.06159221335745125,0.036112277528343936,0.016306512914930498,0.03879324267579703,0.010583890521873016,0.03623609720382872,0.022874339179775403,0.06425164464829829,0.07807638058938166,0.3679328574351024
3312420079,0.09341386995703996,0.08308300225028802,0.040079890608008435,0.028430074184136005,0.021673826673988175,0.010363168491661016,0.059245022987391927,0.034954832735768805,0.011278357397418092,0.051971962918698926,0.00524887754772441,0.025840627927258632,0.014357698892083078,0.07722040978929123,0.05999870796860364,0.3828396696706397
3312421765,0.08724442003940695,0.07297285657374808,0.03840024979273663,0.026023665708410047,0.02195376680986681,0.011138387329478774,0.05165972199791122,0.035541630328283634,0.012812644680599072,0.049290997771245834,0.005668787751542362,0.02633590662919776,0.01502524844687059,0.07577225793253442,0.06288424475381417,0.4072752134543536
3312424155,0.1659721997911216,0.12015891986175264,0.038707107249372825,0.03299525178461837,0.025479935829107316,0.01671565619044543,0.034513388675344814,0.03631146570194989,0.02259439904389677,0.05561118468512118,0.011456011714417994,0.033264424992193974,0.02071018659086749,0.06269044004435974,0.05415226590006137,0.2686671619453686
3312428867,0.17352519999569324,0.14101445998471096,0.042453998298825325,0.03708668453976765,0.025959064138591902,0.016618753835718206,0.03726972232091906,0.03549856261507155,0.020166456711564758,0.05765151759854431,0.010169363782206576,0.033436695845042365,0.019229733949201636,0.057576149100423135,0.05722622393057485,0.2351174133531445
3312442081,0.15458078964652175,0.13342915899523025,0.04055901891749303,0.0361822625623136,0.02413945325538077,0.01540747440162796,0.04456431624621812,0.03405041075831476,0.015558211397870303,0.05564348547003026,0.00831745211408637,0.03196162666752802,0.01687716011499079,0.054238401326485566,0.07633752166844321,0.25815325645746523
3313056116,0.12645757291902193,0.10534362651679102,0.035180938230132325,0.03275299589780032,0.02914607491628713,0.015251353941234103,0.04430052650279402,0.03441648632061759,0.015229820084628056,0.0602463473195732,0.006976969540359831,0.03661832315858609,0.018045371835868945,0.07322049592471763,0.06622737599190327,0.3005857208996845
3313224208,0.12520322577171958,0.11291816057796872,0.0263089893084402,0.028440841112439032,0.027557952991591028,0.017103265609354306,0.031024903905164894,0.03284451478837602,0.020602517307837246,0.05314555810372859,0.01004016064257028,0.03653218773216189,0.022632083292957357,0.06937131905638641,0.06124767165175447,0.32502664814755
3313230114,0.1211064095524188,0.04300849510643109,0.04194795266858317,0.024247122538411017,0.051708173175274826,0.01650031762438494,0.055794222466272594,0.03765733173982794,0.02514616105171356,0.04110274879679576,0.016683355405536355,0.04952787019391238,0.02746105063686381,0.06641041377305469,0.06495149498799488,0.3167468802825241
3313254336,0.14481518567567858,0.08518793673352927,0.04444049657073334,0.034572606781011435,0.040209093747644725,0.01861601903592924,0.04640546098603529,0.03654833812461643,0.0186860040698989,0.05437298793027337,0.010696943269054772,0.046292408238853534,0.020354877956867686,0.0645208178558739,0.05926117337984646,0.27501964964415304
