11750946615,0.356016,0.370128,0.011034666666666668,0.188368,0.002896,0.0,0.00011200000000000001,0.000208,0.0,0.07122133333333333,1.6e-05
11751023475,0.14217341040462428,0.4575260115606937,0.0004161849710982658,0.10603468208092487,0.007236994219653179,0.0,9.248554913294798e-05,8.092485549132947e-05,0.0,0.2864277456647399,1.1560693641618498e-05
11751039725,0.11855466666666667,0.4924,0.0,0.12582933333333332,0.0,0.0,0.010656,0.16387733333333335,0.0,0.08868266666666667,0.0
11751044075,0.11143466666666668,0.5291786666666666,0.00056,0.19778133333333334,0.000816,0.0,0.003264,0.12273066666666667,0.0,0.03423466666666666,0.0
11751052205,0.060288,0.7659093333333333,0.00014933333333333332,0.12832,0.0,0.0,0.0004853333333333333,0.024586666666666663,0.0,0.020261333333333333,0.0
11751129883,0.046165333333333336,0.08218666666666667,0.00011733333333333333,0.416048,3.2e-05,0.0,0.0164,0.011029333333333334,0.0,0.4280213333333333,0.0
11751130873,0.07082666666666665,0.03188266666666666,0.019722666666666663,0.19450666666666666,0.000176,0.0,0.005381333333333334,0.001296,0.0009173333333333332,0.6752906666666667,0.0
11751246553,0.08661866666666665,0.6400426666666666,0.05691733333333333,0.06917333333333334,0.053808,0.0,0.002357333333333333,0.0011306666666666668,0.0002293333333333333,0.08396266666666667,0.00576
11751268593,0.7159946666666666,5.8666666666666665e-05,0.035973333333333336,0.22496533333333327,0.018016,0.000208,0.0,0.001216,8e-05,0.00013866666666666666,0.0033493333333333326
11751269183,0.336928,0.007178666666666666,1.0666666666666667e-05,0.5464586666666666,0.0003413333333333333,0.0,0.0037386666666666666,0.0006133333333333334,0.0,0.10473066666666668,0.0
11751275653,0.4009013333333333,0.589248,5.333333333333334e-06,0.00456,0.000528,0.0,1.0666666666666667e-05,0.00022400000000000002,0.0,0.004522666666666667,0.0
11751292774,0.026784,0.075088,0.0,0.520752,0.0,0.0,0.010421333333333331,0.015056,0.0,0.3518986666666667,0.0
11751433254,0.23048,0.2446293333333333,0.04549866666666666,0.12592,0.044757333333333336,0.0009493333333333332,0.0003733333333333333,2.133333333333333e-05,3.2e-05,0.30545066666666665,0.001888
11751437724,0.388896,0.5442613333333334,0.0,0.04247466666666666,0.0002613333333333333,0.0,1.6e-05,0.000528,0.0,0.023562666666666662,0.0
11751467524,0.014122666666666669,0.7708319999999999,0.0,0.14201066666666667,0.0,0.0,6.4e-05,0.027264,0.0,0.04570666666666666,0.0
1193619034,0.2405866666666667,0.018938666666666663,0.10738666666666667,0.127488,0.002645333333333333,0.004176,0.025088,0.069328,0.008784,0.3955253333333333,5.333333333333333e-05
2313902629,0.1276156156156156,0.2135915915915916,0.01733933933933934,0.4003903903903904,0.2329429429429429,0.00018018018018018016,0.004924924924924925,0.0003123123123123123,0.0014174174174174175,0.0007207207207207206,0.0005645645645645644
2313903253,0.09169969969969967,0.07596396396396396,0.017741741741741743,0.7743183183183182,0.038990990990990994,6.006006006006007e-06,0.0009369369369369368,0.00014414414414414415,1.2012012012012014e-05,5.4054054054054054e-05,0.00013213213213213214
2313903839,0.14155555555555555,0.4701681681681682,0.02956156156156156,0.2805285285285285,0.06308708708708709,0.0006666666666666666,0.008006006006006006,0.0015915915915915913,0.001051051051051051,0.0027267267267267266,0.0010570570570570571
2313904509,0.14876276276276276,0.3654534534534535,0.019453453453453454,0.40626426426426426,0.05100900900900901,0.00022822822822822822,0.004906906906906907,0.0003423423423423424,0.00025825825825825824,0.0017357357357357358,0.0015855855855855855
2313905107,0.14905105105105104,0.42863063063063056,0.03571771771771772,0.30227027027027026,0.07133333333333333,0.001393393393393393,0.006198198198198199,0.0014054054054054054,0.0012852852852852856,0.0012552552552552553,0.0014594594594594596
2313906127,0.1792912912912913,0.2557117117117117,0.0038558558558558563,0.4982282282282282,0.0612912912912913,6.006006006006007e-06,0.0006186186186186186,0.0004624624624624624,0.0002042042042042042,0.0003243243243243243,6.006006006006007e-06
2313907005,0.1976276276276276,0.13307507507507507,0.0004984984984984984,0.5107207207207207,0.03075075075075075,0.0,0.0006546546546546547,5.4054054054054054e-05,0.0,0.1265825825825826,3.603603603603604e-05
2313907535,0.03599399399399399,0.17384984984984986,0.0020540540540540547,0.7818438438438438,0.005063063063063063,6.006006006006007e-06,0.0008708708708708709,0.00024624624624624625,4.204204204204204e-05,6.006006006006007e-06,2.4024024024024028e-05
2313909335,0.06288288288288288,0.7095315315315314,0.008138138138138138,0.1667087087087087,0.048954954954954964,0.00021621621621621621,0.001963963963963964,0.0004024024024024024,5.4054054054054054e-05,0.0003903903903903904,0.0007567567567567568
2313910111,0.13644444444444445,0.6227327327327328,0.07399999999999998,0.07536936936936937,0.031063063063063064,0.0,0.0008648648648648649,0.0004444444444444444,0.00017417417417417416,0.05804804804804805,0.0008588588588588589
2313912667,0.22052252252252247,0.7077897897897898,0.00019219219219219217,0.048984984984984985,0.02216816816816817,0.0,0.0,0.0003363363363363364,6.006006006006007e-06,0.0,0.0
2313913101,0.26456456456456456,0.2824804804804805,0.001009009009009009,0.1008168168168168,0.007627627627627627,0.0,0.001099099099099099,0.0002882882882882883,0.0,0.342018018018018,9.609609609609608e-05
2314715700,0.09195195195195197,0.6006846846846847,0.007273273273273273,0.16903303303303302,0.12477477477477478,8.408408408408409e-05,0.0038438438438438438,0.001039039039039039,0.00016816816816816817,0.0008948948948948948,0.00025225225225225225
2314716412,0.1061921921921922,0.2302102102102102,0.02551951951951952,0.3669309309309309,0.2606186186186186,0.00023423423423423422,0.005891891891891893,0.00021021021021021022,0.0009489489489489488,0.0016396396396396395,0.0016036036036036036
2314720094,0.20536336336336336,0.2917477477477477,0.0013993993993993994,0.13643243243243244,0.01187987987987988,0.0,0.0003603603603603604,3.003003003003003e-05,0.0,0.35276276276276275,2.4024024024024028e-05
2523908185,0.11869866666666665,0.6110986666666666,0.007813333333333334,0.062656,0.18133866666666668,0.0,0.001328,0.007136,2.133333333333333e-05,0.008330666666666665,0.0015786666666666664
2523918981,0.046256,0.22976,4.266666666666666e-05,0.624272,0.010490666666666669,0.0,0.0014506666666666667,0.03728533333333333,0.0,0.050442666666666656,0.0
2523921613,0.15055466666666667,0.6179946666666666,0.010538666666666668,0.087504,0.10278933333333333,0.0,0.002256,0.015248,0.001024,0.011962666666666668,0.000128
2523921999,0.36389866666666665,0.2326026666666667,0.0,0.03594666666666667,0.0015413333333333336,0.0,7.466666666666666e-05,0.0052693333333333325,0.0,0.36066666666666664,0.0
2523930235,0.083664,0.7404373333333331,0.005397333333333333,0.10629333333333334,0.03648,3.733333333333333e-05,0.005285333333333335,0.012277333333333331,0.000352,0.009509333333333331,0.0002666666666666667
2523932903,0.13198933333333332,0.69544,0.0014293333333333332,0.10120533333333333,0.03334933333333333,0.0,0.0007306666666666666,0.014991999999999998,7.466666666666666e-05,0.020784,5.333333333333334e-06
2523944107,0.15641066666666667,0.6214186666666666,0.03943466666666666,0.07187733333333333,0.04837866666666666,3.2e-05,0.02734933333333333,0.02332266666666666,0.001456,0.010005333333333331,0.00031466666666666665
2523949851,0.16967466666666667,0.6459626666666666,0.011792,0.079584,0.05707733333333333,5.333333333333334e-06,0.002314666666666667,0.006154666666666666,0.00019733333333333327,0.025424,0.0018133333333333328
2524735294,0.056362666666666665,0.7288213333333333,0.005376,0.039712,0.156576,5.333333333333334e-06,0.0006933333333333333,0.0056,5.333333333333334e-06,0.005930666666666666,0.0009173333333333332
2524738124,0.29106666666666664,0.416448,0.009386666666666666,0.04826666666666666,0.09344,0.0,0.0004746666666666666,0.0056746666666666655,8e-05,0.13515733333333332,5.333333333333334e-06
2524751584,0.06370133333333332,0.7980586666666667,0.002256,0.09428266666666665,0.017552,2.133333333333333e-05,0.0023946666666666665,0.013968000000000001,0.0003253333333333333,0.007370666666666667,6.933333333333333e-05
2524759686,0.273808,0.4504586666666666,0.0020693333333333327,0.03214933333333333,0.09035733333333332,0.0,0.00021333333333333333,0.0021973333333333333,0.0,0.14869866666666667,4.8e-05
2524762934,0.205808,0.43127466666666653,5.333333333333334e-06,0.09750933333333331,0.0023733333333333328,0.0,4.266666666666666e-05,0.005098666666666665,0.0,0.257888,0.0
2524765658,0.05139199999999999,0.8836533333333333,0.000704,0.041221333333333325,0.011472,0.0,0.0013493333333333332,0.008576,1.0666666666666667e-05,0.0016106666666666667,1.0666666666666667e-05
2524771260,0.25461866666666666,0.4588906666666666,0.02402666666666667,0.13868266666666668,0.037456,2.133333333333333e-05,0.042501333333333335,0.023994666666666668,0.000608,0.018794666666666668,0.0004053333333333333
2613272151,0.28612048192771083,0.3050963855421687,0.031132530120481925,0.12392771084337348,0.07962650602409639,2.4096385542168674e-05,0.008240963855421685,0.0013734939759036144,1.2048192771084335e-05,0.15471084337349394,0.009734939759036144
2613284933,0.1697615894039735,0.2463576158940397,0.08378807947019867,0.17854304635761586,0.1264635761589404,0.00013245033112582781,0.008264900662251657,0.003920529801324503,3.9735099337748346e-05,0.14286092715231788,0.039867549668874167
2613546193,0.072096,0.5312853333333334,0.0020213333333333333,0.15118933333333334,0.0015893333333333337,0.0,0.004944,0.001002666666666667,0.0,0.23571199999999998,0.00016
2614110022,0.17233557046979867,0.33605369127516777,0.02496644295302013,0.2608993288590604,0.06497986577181207,0.0003758389261744967,0.027114093959731543,0.0077449664429530204,0.00032214765100671143,0.0996241610738255,0.005583892617449664
2614112752,0.10293258426966292,0.3644719101123596,0.022146067415730337,0.2781797752808989,0.06747191011235955,0.0003258426966292135,0.032752808988764044,0.009719101123595506,0.0005393258426966292,0.11541573033707865,0.00604494382022472
2614342944,0.346304,0.5539093333333334,0.0027253333333333326,0.035488,0.045104,5.333333333333334e-06,0.0004426666666666666,0.008026666666666666,1.6e-05,0.007397333333333333,0.0005813333333333333
2614355710,0.019082666666666668,0.8133333333333334,7.466666666666666e-05,0.03255466666666667,0.0009973333333333331,0.0,0.000416,0.0008053333333333332,0.0,0.13270933333333335,2.666666666666667e-05
2614359260,0.06755733333333333,0.6058613333333334,0.002117333333333333,0.09760533333333331,0.00456,0.0,0.0013333333333333333,0.000896,0.0,0.2196,0.0004693333333333333
2614369444,0.08722666666666665,0.7248533333333333,0.011098666666666666,0.0768,0.01544,0.0010346666666666666,0.0060533333333333324,0.011034666666666668,0.001536,0.062096,0.0028266666666666666
2614372366,0.10349333333333334,0.6051306666666667,0.005824,0.04661866666666666,0.12937066666666666,0.0,0.00024,0.002016,5.333333333333334e-06,0.09552,0.011781333333333331
2614375716,0.137328,0.465168,0.0046293333333333325,0.12418666666666668,0.0032053333333333326,0.0,0.008330666666666665,0.0008853333333333332,0.0,0.2557013333333333,0.0005653333333333334
2614387646,0.09006933333333332,0.83464,8e-05,0.025018666666666668,0.00136,0.0,0.0002293333333333333,0.0006026666666666667,0.0,0.047968,3.2e-05
2615604743,0.05365034965034965,0.7146013986013986,0.0009230769230769231,0.03716083916083916,0.0036923076923076922,0.0,0.0001818181818181818,4.195804195804196e-05,0.0,0.1896083916083916,0.00013986013986013986
2616426152,0.03260266666666667,0.7493493333333333,0.00024,0.05399466666666667,0.0021973333333333333,0.0,0.001632,0.0013973333333333331,0.0,0.15854933333333332,3.733333333333333e-05
2771191157,0.05274666666666666,0.03359466666666667,0.4108373333333333,0.024922666666666662,0.003418666666666666,0.003941333333333333,0.26777066666666666,0.030618666666666662,0.08061333333333333,0.088896,0.00264
2771193237,0.13904533333333333,0.3985813333333333,0.0009493333333333332,0.254896,0.092592,0.0,0.0004693333333333333,3.733333333333333e-05,0.0,0.11267733333333335,0.0007519999999999998
2771193533,0.0017920000000000002,0.08143466666666667,0.0,0.4868266666666666,2.133333333333333e-05,0.0,0.0,0.0,0.0,0.4299253333333333,0.0
2771193635,0.475536,0.0007253333333333333,0.2473546666666667,0.010656,0.029013333333333325,0.098016,0.006944,0.0027146666666666673,0.09117866666666669,0.004506666666666666,0.033354666666666664
2771193867,0.033168,0.81192,2.666666666666667e-05,0.106912,0.008864,0.0,4.8e-05,4.266666666666666e-05,0.0,0.038997333333333335,2.133333333333333e-05
2771194339,0.2673333333333333,0.288416,0.191664,0.19141866666666665,0.004736,0.0,0.017008,0.0011146666666666666,9.066666666666667e-05,0.038218666666666665,0.0
2771195589,0.10509333333333333,0.012005333333333331,0.42812266666666665,0.014629333333333331,0.058506666666666665,0.12328533333333333,0.0476,0.005797333333333333,0.13508266666666666,0.02431466666666666,0.04556266666666666
2772036020,0.15143466666666666,0.18957866666666667,0.2476586666666667,0.183248,0.003402666666666667,0.0,0.007664,0.00010133333333333332,0.0,0.216912,0.0
2772036760,0.013242666666666666,0.156016,0.014010666666666666,0.6092373333333333,0.09437866666666665,0.0,0.0005866666666666667,0.0,0.0,0.11233066666666666,0.00019733333333333327
2772038328,0.025909333333333333,0.592816,0.0,0.2468906666666667,0.0003893333333333333,0.0,6.4e-05,5.333333333333334e-06,0.0,0.13392533333333334,0.0
2772039126,0.22082133333333331,0.279696,6.4e-05,0.24223466666666665,0.009178666666666665,0.0,2.666666666666667e-05,0.0,0.0,0.24797866666666665,0.0
2772039580,0.2941013333333333,0.0,0.4841973333333333,0.16498666666666667,0.008474666666666665,9.6e-05,0.028922666666666662,0.0,0.005749333333333335,0.013472,0.0
2772040972,0.133616,0.19627733333333333,0.19466666666666665,0.252752,0.048197333333333335,0.003530666666666667,0.016986666666666667,0.0030293333333333327,0.027872,0.122832,0.00024
2772041130,0.289776,0.6935786666666666,2.133333333333333e-05,0.006522666666666667,6.933333333333333e-05,0.0,0.0,3.733333333333333e-05,0.0,0.009994666666666669,0.0
2814999674,0.10368,0.5387573333333333,0.00018666666666666666,0.335136,0.004154666666666667,0.0,5.333333333333334e-06,0.0,0.0,0.01808,0.0
2920018703,0.055271493212669685,0.2407330316742081,0.0014705882352941176,0.049122171945701364,0.009660633484162896,0.00041176470588235296,0.0008778280542986425,0.005565610859728507,0.000253393665158371,0.6342398190045249,0.0023936651583710412
3170652501,0.18250133333333327,0.6651306666666666,1.6e-05,0.042037333333333336,0.0043413333333333325,0.0,0.0,0.0,0.0,0.10597333333333334,0.0
3170653137,0.20253333333333332,0.537728,1.6e-05,0.19231466666666666,0.012384,0.0,0.0,5.333333333333334e-06,0.0,0.05501866666666666,0.0
3170653823,0.17331733333333332,0.5678826666666666,0.00016533333333333333,0.2342453333333333,0.008426666666666667,0.0,0.0,0.00022400000000000002,5.333333333333334e-06,0.015733333333333332,0.0
3170655067,0.31804266666666664,0.564704,0.0008373333333333334,0.09388800000000001,0.014624000000000002,0.0,0.00021866666666666668,0.00013866666666666666,5.333333333333334e-06,0.00752,2.133333333333333e-05
3170657309,0.3833173333333333,0.4667786666666666,0.017637333333333338,0.044288,0.03067733333333333,0.0,0.0004426666666666666,0.0040746666666666665,0.00022400000000000002,0.05256,0.0
3170658109,0.348752,0.5186613333333333,6.4e-05,0.02878933333333333,0.09478933333333331,0.0,5.333333333333334e-06,5.333333333333334e-06,0.0,0.008933333333333333,0.0
3170658801,0.20496533333333333,0.6552746666666666,0.0,0.108544,0.029866666666666663,0.0,0.0,0.0,0.0,0.0013493333333333332,0.0
3170659495,0.284384,0.370128,0.005626666666666667,0.28002666666666665,0.058,0.0,8e-05,0.0004693333333333333,0.00011200000000000001,0.0011733333333333333,0.0
3170660905,0.250832,0.4979893333333333,0.002954666666666666,0.059056,0.16453333333333334,0.0,0.0003893333333333333,3.733333333333333e-05,0.0,0.024138666666666662,6.933333333333333e-05
3171484234,0.21888,0.4965386666666666,0.00011200000000000001,0.08798933333333332,0.14642133333333332,0.0,8e-05,2.666666666666667e-05,0.0,0.049893333333333324,5.8666666666666665e-05
3171487000,0.16005866666666665,0.7092746666666667,4.266666666666666e-05,0.11949333333333333,0.0011466666666666667,0.0,0.0,5.8666666666666665e-05,0.0,0.009925333333333331,0.0
3171488340,0.082544,0.887472,0.001728,0.023914666666666667,2.133333333333333e-05,0.0,0.0,0.0041333333333333335,1.0666666666666667e-05,0.000176,0.0
3171489052,0.30584533333333336,0.21541333333333332,0.08486933333333335,0.13215466666666667,0.02545066666666667,0.0014986666666666664,0.004821333333333335,0.008479999999999998,0.01909866666666667,0.20229866666666665,6.933333333333333e-05
3171494112,0.4270986666666666,0.4645333333333334,0.011264,0.08244266666666665,0.014581333333333332,0.0,0.0,8e-05,0.0,0.0,0.0
3171494954,0.047237333333333326,0.8044906666666667,0.00023466666666666666,0.12101333333333332,0.027024,0.0,0.0,0.0,0.0,0.0,0.0
3184871233,0.028445783132530118,0.7881566265060242,0.0030843373493975907,0.1673313253012048,0.0025240963855421685,0.0,2.4096385542168674e-05,1.2048192771084335e-05,0.0,0.010132530120481929,0.0002891566265060241
3184874163,0.05340361445783132,0.8226325301204819,0.00026506024096385544,0.08180722891566265,0.00035542168674698797,3.614457831325301e-05,0.0037289156626506025,0.000391566265060241,4.216867469879517e-05,0.037301204819277116,3.614457831325301e-05
3184875263,0.11324096385542168,0.6424096385542168,0.0,0.16723493975903614,0.002716867469879518,0.0,6.0240963855421675e-06,6.0240963855421675e-06,0.0,0.07438554216867468,0.0
3184878905,0.0978012048192771,0.8804939759036144,0.0,0.0005481927710843373,0.000391566265060241,0.0,0.0,2.4096385542168674e-05,0.0,0.020740963855421686,0.0
3184881083,0.12516867469879514,0.5709759036144578,0.007963855421686747,0.21317469879518072,0.0009036144578313252,0.0,3.614457831325301e-05,0.00023493975903614457,0.0,0.08127108433734939,0.0002710843373493976
3184882031,0.03298192771084337,0.5203915662650602,0.02021084337349397,0.1731867469879518,0.007102409638554217,0.0,0.00029518072289156624,1.8072289156626505e-05,0.0,0.2457710843373494,4.216867469879517e-05
3185623536,0.17481066666666667,0.0014826666666666664,0.0011786666666666664,0.5248693333333333,0.0007946666666666667,0.0,3.2e-05,0.0010506666666666668,1.0666666666666667e-05,0.2957706666666667,0.0
3185714822,0.03105421686746988,0.7116987951807229,0.06283132530120482,0.04010843373493976,0.06510240963855422,0.00205421686746988,0.007777108433734941,0.0009638554216867468,0.0032469879518072287,0.05593373493975903,0.019228915662650604
3185715876,0.09613253012048192,0.6816566265060241,0.0016325301204819275,0.18646987951807228,0.0011144578313253013,0.0,3.614457831325301e-05,0.00010843373493975904,0.0,0.032644578313253014,0.0002048192771084337
3185723398,0.11672289156626504,0.7144759036144578,0.0,0.0007951807228915662,0.0010843373493975904,0.0,0.0,1.8072289156626505e-05,0.0,0.16690361445783133,0.0
3185723606,0.20040361445783134,0.6002951807228916,0.0003795180722891566,0.02322289156626506,0.00010240963855421688,0.0,5.421686746987952e-05,3.614457831325301e-05,0.0,0.1755,6.0240963855421675e-06
3185723928,0.0035843373493975907,0.7058915662650602,0.0,0.10974698795180723,0.00015060240963855426,0.0,0.0,0.0,0.0,0.1806265060240964,0.0
3185725074,0.03603614457831325,0.782710843373494,0.00847590361445783,0.1284879518072289,0.0030963855421686746,1.2048192771084335e-05,6.0240963855421675e-06,1.8072289156626505e-05,0.0,0.03960240963855422,0.0015542168674698795
3185725590,0.008981927710843373,0.97455421686747,3.012048192771084e-05,0.015596385542168675,0.00010843373493975904,0.0,1.2048192771084335e-05,2.4096385542168674e-05,0.0,0.0006686746987951808,2.4096385542168674e-05
3185726020,0.18452409638554215,0.3883795180722892,0.0029939759036144574,0.21162048192771085,0.0016024096385542168,0.0,7.83132530120482e-05,6.0240963855421675e-06,0.0,0.2107530120481928,4.216867469879517e-05
3213336488,0.28389075630252103,0.0006554621848739496,0.4231764705882353,0.0393781512605042,0.07713445378151261,0.03302521008403361,0.003016806722689076,0.0014201680672268908,0.000680672268907563,0.08652941176470588,0.051092436974789913
3312398493,0.3189653333333333,0.05881066666666665,0.004784,0.25094933333333336,0.09921600000000001,7.466666666666666e-05,0.001002666666666667,0.0005973333333333333,0.00034666666666666667,0.2607893333333333,0.004464
3312411015,0.17016533333333336,0.3659093333333333,0.02078933333333333,0.4324853333333333,0.008922666666666667,0.00014933333333333332,3.2e-05,0.0014186666666666664,5.333333333333333e-05,0.0,7.466666666666666e-05
3312415455,0.43265066666666663,0.4014506666666666,0.022042666666666662,0.0012373333333333331,0.003877333333333333,4.266666666666666e-05,0.000176,0.0034613333333333328,6.933333333333333e-05,0.12827733333333333,0.006714666666666666
3312420079,0.76656,0.016405333333333334,0.009173333333333332,0.017957333333333332,0.0009866666666666667,0.0009226666666666668,0.009258666666666665,0.00528,0.00017066666666666668,0.15826133333333334,0.015024
3312421765,0.6785973333333334,0.03219733333333333,0.009344000000000002,0.004821333333333335,0.0026506666666666666,0.0019893333333333334,0.004661333333333332,0.0011306666666666668,0.000608,0.2506773333333333,0.013322666666666668
3312424155,0.5595466666666666,0.10562133333333333,0.007328,0.10810133333333333,0.019061333333333333,0.0,0.003381333333333333,0.0012106666666666667,6.933333333333333e-05,0.19512533333333332,0.0005546666666666666
3312428867,0.44185066666666667,0.12410133333333333,0.004832,0.18618133333333334,0.014890666666666668,0.0,0.003578666666666666,0.000368,0.0,0.22073066666666666,0.0034666666666666665
3312442081,0.4531253333333333,0.027904,0.005338666666666666,0.317584,0.005162666666666667,5.333333333333334e-06,0.008901333333333334,0.0002826666666666667,0.0,0.17644266666666664,0.005253333333333333
3313056116,0.507136,0.000176,0.10015466666666667,0.2649813333333333,0.010223999999999999,0.0030026666666666665,0.0005066666666666666,0.000352,0.0,0.037936,0.07553066666666665
3313224208,0.4974826666666666,0.21231466666666668,0.01232,0.18989866666666666,0.00964266666666667,8e-05,0.001968,0.0006133333333333334,2.666666666666667e-05,0.071488,0.0041653333333333325
3313230114,0.047541333333333324,0.629408,0.06136,0.002464,0.055578666666666665,0.013696000000000002,0.00022400000000000002,0.0005226666666666666,0.004064,0.00010133333333333332,0.18504
3313254336,0.2672533333333333,0.08498133333333335,0.02489066666666666,0.44709866666666653,0.014725333333333332,0.0,0.014592,0.0034933333333333327,0.0,0.125776,0.017189333333333334
3313259918,0.229424,0.02016533333333333,0.09202666666666669,0.509888,0.01645866666666667,0.0006453333333333334,0.007776,1.0666666666666667e-05,0.0,0.05546666666666666,0.06813866666666667
3313264608,0.5171413333333333,0.060677333333333326,0.008768,0.194608,0.005717333333333333,0.0,0.006426666666666666,0.00010133333333333332,0.0,0.19170133333333333,0.014858666666666666
3313272320,0.38967466666666667,0.0,0.18883733333333333,0.21804266666666666,0.011824,0.01007466666666667,0.0017920000000000002,5.8666666666666665e-05,0.0,0.03942933333333333,0.14026666666666668
3755043132,0.06064444444444445,0.5841555555555555,0.07353333333333335,0.11751111111111112,0.056,0.004955555555555556,0.012933333333333331,0.005311111111111111,0.0023777777777777773,0.0644,0.018177777777777775
3917718572,0.399952,0.012522666666666666,0.009802666666666666,0.008864,0.009344000000000002,0.0013066666666666667,0.007717333333333333,0.004346666666666667,0.0007519999999999998,0.544576,0.000816
3917725408,0.10115733333333334,0.02288533333333333,0.027546666666666667,0.06794133333333334,0.09681600000000001,0.0007093333333333332,0.013850666666666669,0.006490666666666665,0.00033066666666666666,0.6608906666666666,0.0013813333333333336
4105861783,0.008346666666666667,0.7363413333333333,0.0005706666666666668,0.148032,0.008122666666666667,0.0,0.00031466666666666665,0.000368,0.0,0.097904,0.0
4105862127,0.016133333333333333,0.2282666666666667,0.016506666666666666,0.152016,0.507856,0.00012266666666666668,0.010421333333333331,0.004330666666666667,0.0012053333333333336,0.059664,0.0034773333333333327
4105862885,0.02573333333333333,0.5677653333333333,0.01271466666666667,0.15284266666666665,0.098608,0.0,6.4e-05,4.266666666666666e-05,0.0,0.140864,0.0013653333333333336
4105863265,0.086885,0.588375,0.0015550000000000002,0.26183,0.05827,0.0,0.000515,0.002295,0.0,0.00021,6.5e-05
4106628128,0.027973333333333333,0.5204746666666666,0.005648,0.15155733333333332,0.102272,0.0,0.0005813333333333333,0.0009066666666666666,0.0006666666666666666,0.189824,9.6e-05
4106628270,0.06800533333333332,0.35296,0.0034666666666666665,0.11648,0.2324693333333333,0.0,0.0012586666666666664,0.000768,1.6e-05,0.22449066666666667,8.533333333333334e-05
4106628746,0.033568,0.812432,8e-05,0.11268800000000001,0.031861333333333325,0.0,1.0666666666666667e-05,0.00013866666666666666,0.0,0.009216,5.333333333333334e-06
4106628892,0.00896,0.6756213333333333,0.021210666666666662,0.15889066666666668,0.12370666666666667,0.0,0.00011200000000000001,5.333333333333334e-06,0.0,0.01126933333333333,0.00022400000000000002
4106629292,0.083344,0.10195733333333333,0.00013333333333333334,0.6901546666666666,0.025413333333333333,0.0,0.0002613333333333333,0.00011200000000000001,0.0,0.098624,0.0
4106629436,0.09485333333333332,0.4560746666666666,1.0666666666666667e-05,0.053088,0.04787733333333333,0.0,0.0,5.333333333333334e-06,0.0,0.34809066666666666,0.0
4106629618,0.044101333333333326,0.640096,0.029152,0.10207999999999999,0.059733333333333326,0.0002773333333333333,0.0036906666666666663,0.008069333333333333,0.003392,0.104496,0.004912
4106629912,0.36841066666666666,0.2815733333333333,5.8666666666666665e-05,0.036144,0.038085333333333325,0.0,2.133333333333333e-05,0.0017120000000000002,0.0,0.27399466666666666,0.0
4106630092,0.060315,0.37404,0.00233,0.132275,0.23474,0.0,0.00083,0.001265,5e-06,0.192755,0.001445
4106630422,0.01548,0.20437,0.009725,0.13546,0.55719,0.000175,0.003885,0.00303,0.001375,0.06681,0.0025
4106630562,0.070055,0.57263,0.002075,0.096925,0.15895,0.0,0.0007249999999999998,0.00093,3.5e-05,0.09763,4.5e-05
5056614025,0.2312289156626506,0.5083253012048192,0.046253012048192765,0.07658433734939758,0.039289156626506026,0.00016265060240963855,0.009066265060240964,0.0007048192771084337,0.0004819277108433735,0.08371084337349399,0.004192771084337349
5056736599,0.1158395061728395,0.662037037037037,0.06919135802469137,0.061506172839506164,0.011450617283950618,0.016956790123456786,0.005012345679012346,0.000345679012345679,0.002845679012345679,0.05290123456790123,0.0019135802469135805
5057268406,0.057698795180722885,0.14388554216867466,0.6920843373493976,0.006879518072289157,0.0009096385542168674,0.0,0.08819277108433735,9.638554216867468e-05,0.0,0.008566265060240963,0.0016867469879518072
5057313604,0.1070060975609756,0.007878048780487807,0.13820731707317074,0.0018475609756097558,0.013170731707317073,0.4977134146341464,0.03404268292682928,0.0004939024390243904,0.07695731707317073,0.05193292682926829,0.07075
5057317848,0.22647590361445785,0.21812048192771086,0.3143132530120482,0.04437951807228915,0.04010843373493976,0.03137951807228916,0.006451807228915664,0.0006626506024096385,0.01569879518072289,0.028,0.07440963855421687
5057320116,0.10412631578947368,0.13729473684210527,0.1978,0.033410526315789474,0.18597894736842105,0.03280526315789474,0.002594736842105263,0.003484210526315789,0.015984210526315788,0.18213684210526315,0.1043842105263158
5059340137,0.006032608695652174,0.003516304347826087,0.01065217391304348,0.021141304347826087,0.02558695652173913,0.00019021739130434785,0.11092391304347826,0.16527173913043475,0.06167391304347826,0.5945,0.0005108695652173913
5059343337,0.18255045871559636,0.08340672782874617,0.2766666666666667,0.3275718654434251,0.0012721712538226301,0.007767584097859327,0.008079510703363914,0.0008685015290519878,0.0010825688073394495,0.10898470948012233,0.0017492354740061165
5059954072,0.11817365269461078,0.0712874251497006,0.6293473053892216,0.08955688622754492,0.003347305389221557,0.012353293413173651,0.0052095808383233536,0.0008263473053892215,0.006401197604790419,0.0565688622754491,0.00692814371257485
5059955700,0.18417307692307688,0.0074487179487179485,0.22918589743589746,0.25848076923076924,0.017897435897435896,0.02742948717948718,0.006121794871794872,0.009185897435897436,0.0008525641025641026,0.24165384615384616,0.017570512820512817
5059957124,0.15918518518518518,0.006228395061728395,0.207820987654321,0.2317469135802469,0.0070864197530864205,0.029179012345679014,0.030611111111111113,0.009290123456790127,0.001845679012345679,0.2952469135802469,0.021759259259259256
5236075993,0.054690690690690685,0.042642642642642635,0.17856456456456454,0.05488888888888889,0.0021141141141141143,0.0006066066066066065,0.035741741741741745,0.04826426426426426,0.029741741741741743,0.5523723723723724,0.0003723723723723724
5236087833,0.1466186186186186,0.17372372372372372,0.159975975975976,0.1092912912912913,0.007087087087087087,0.013387387387387387,0.12702102102102106,0.05464264264264265,0.0187987987987988,0.18630630630630632,0.0031471471471471468
5236089799,0.0494054054054054,0.05658858858858859,0.15684084084084085,0.093987987987988,0.023225225225225226,0.030294294294294293,0.082,0.011609609609609607,0.024852852852852853,0.4672132132132133,0.003981981981981981
5236658882,0.12894294294294295,0.181951951951952,0.15828228228228228,0.03281081081081081,0.0032912912912912914,0.0007207207207207206,0.017963963963963964,0.052828828828828826,0.0065645645645645645,0.4164564564564565,0.00018618618618618615
5236664668,0.0307987987987988,0.10451651651651653,0.07317117117117117,0.009255255255255257,7.207207207207206e-05,0.002228228228228228,0.031555555555555566,0.01699099099099099,0.03681681681681682,0.6945465465465466,4.8048048048048055e-05
5236672840,0.08839039039039039,0.042516516516516514,0.05495495495495496,0.004150150150150151,5.4054054054054054e-05,0.004660660660660661,0.008396396396396397,0.041159159159159166,0.014294294294294296,0.7413153153153154,0.00010810810810810812
5236687054,0.2055735735735736,0.09221021021021021,0.18538138138138135,0.07331531531531532,0.0070810810810810814,0.010390390390390393,0.11483483483483485,0.04424024024024024,0.025729729729729728,0.22502702702702704,0.016216216216216217
5268900519,0.092656,0.149888,5.333333333333333e-05,0.18093333333333333,0.007338666666666667,0.0,0.000176,0.0009706666666666666,1.6e-05,0.567968,0.0
5268902791,0.042293333333333336,0.295936,9.066666666666667e-05,0.10415466666666667,0.009621333333333334,0.0,0.000144,0.0008,5.8666666666666665e-05,0.5469013333333334,0.0
5268904045,0.12730133333333332,0.2479413333333333,0.0344,0.096416,0.02778133333333333,0.001973333333333333,0.015424,0.012805333333333332,0.036416,0.398832,0.0007093333333333332
5268904225,0.042432,0.4887573333333333,5.333333333333333e-05,0.08243733333333332,0.006495999999999999,0.0,0.00012266666666666668,0.0005653333333333334,2.133333333333333e-05,0.37911466666666666,0.0
5268904525,0.21718933333333332,0.4798346666666666,0.04159466666666666,0.08230933333333333,0.033696,0.001312,0.012821333333333334,0.013472,0.006501333333333333,0.10834666666666666,0.002922666666666667
5269511496,0.06996266666666667,0.39248533333333335,0.016074666666666668,0.13693333333333332,0.18757333333333331,0.00020266666666666667,0.027936,0.033402666666666664,0.003221333333333333,0.12031466666666668,0.011893333333333334
5269511646,0.440384,0.1824,0.0007626666666666668,0.030154666666666663,0.029114666666666667,0.0,0.0012693333333333333,0.020378666666666663,0.0007146666666666666,0.2948213333333333,0.0
5269511806,0.14979733333333334,0.4323573333333333,0.00019733333333333327,0.09760533333333331,0.013008,0.0,0.0002453333333333333,0.0025546666666666665,0.0,0.30423466666666665,0.0
5269512796,0.0793475935828877,0.28211229946524063,0.0006096256684491977,0.09005347593582888,0.11808021390374332,0.0,0.004834224598930482,0.006796791443850267,0.0,0.4181604278074865,5.347593582887701e-06
5269513024,0.038010666666666665,0.253168,1.6e-05,0.22428266666666666,0.002357333333333333,0.0,0.0014026666666666664,0.0014026666666666664,0.0,0.47936,0.0
5269513210,0.18754133333333334,0.0016373333333333333,3.2e-05,0.24245866666666666,0.023856,0.0,0.0004053333333333333,4.266666666666666e-05,0.0,0.5440213333333334,5.333333333333334e-06
5269513328,0.11321066666666668,0.2857333333333333,5.333333333333334e-06,0.255968,0.0021493333333333334,0.0,0.000176,0.0005653333333333334,0.0,0.342192,0.0
5269513586,0.261808,0.26443733333333336,0.0006826666666666667,0.022010666666666668,0.09373866666666665,0.0,0.003141333333333333,0.002805333333333333,5.333333333333334e-06,0.3512533333333333,0.00011733333333333333
5269515926,0.21735466666666667,0.07014933333333333,0.08214933333333335,0.4505493333333334,0.06534933333333333,0.002629333333333333,0.018058666666666667,0.016912,0.00819733333333333,0.06374933333333334,0.004901333333333333
5269516684,0.2309173333333333,0.0053866666666666655,0.134752,0.009530666666666666,0.5117386666666666,0.00096,0.012016,0.000336,0.035488,0.018496,0.04037866666666666
5285625077,0.293021021021021,0.024882882882882883,0.15486486486486487,0.20463663663663664,0.20767567567567569,0.0023783783783783785,0.00557957957957958,0.008816816816816819,0.03598198198198198,0.05061261261261262,0.01154954954954955
5285625445,0.0003,0.0,0.108136,0.001664,0.000164,0.001052,0.055224,0.000152,0.075392,0.7578559999999998,6e-05
5285625683,0.0,0.049645645645645636,0.0,0.00872072072072072,0.0,0.0,0.00011411411411411411,0.00013213213213213214,0.0,0.9413873873873873,0.0
5285625961,0.0887927927927928,0.680042042042042,0.016612612612612612,0.11366966966966968,0.032246246246246245,7.807807807807808e-05,4.8048048048048055e-05,0.0006906906906906907,0.00025825825825825824,0.06705705705705706,0.0005045045045045045
5285626787,0.26545345345345345,0.00027627627627627627,0.10668468468468467,0.499003003003003,0.07858258258258258,0.0007507507507507506,0.02601201201201201,0.002762762762762763,0.0005585585585585586,0.014048048048048049,0.0058678678678678675
5286222758,0.2565105105105105,0.08423423423423422,0.15694294294294295,0.18419219219219216,0.16572972972972974,0.0005525525525525524,0.015681681681681683,0.005981981981981982,0.001015015015015015,0.11362762762762765,0.015531531531531532
5286223212,0.1054894894894895,0.07508708708708707,0.14893693693693694,0.209993993993994,0.07147147147147147,0.009327327327327327,0.02082882882882883,0.032414414414414415,0.015135135135135137,0.2927147147147147,0.0186006006006006
5286223914,0.1475855855855856,0.08564564564564564,0.04171171171171171,0.24945945945945944,0.013117117117117116,0.0003003003003003003,0.005597597597597597,0.015885885885885884,0.009075075075075077,0.4306546546546545,0.0009669669669669668
5497362355,0.14854654654654656,0.0005285285285285286,0.0,0.5718738738738738,0.010276276276276277,0.0,0.0,0.00019219219219219217,0.0,0.2685825825825826,0.0
5497365227,0.10393599999999999,0.000144,0.0014613333333333336,0.2823306666666667,0.07493333333333335,5.333333333333334e-06,4.8e-05,9.066666666666667e-05,5.333333333333334e-06,0.537008,3.733333333333333e-05
5497366735,0.065456,0.0010346666666666666,0.0,0.15392,2.666666666666667e-05,0.0,0.0,4.8e-05,0.0,0.7795146666666667,0.0
5497372167,0.18170666666666666,0.31068266666666666,0.011349333333333331,0.18446933333333332,0.16840533333333332,8e-05,0.002597333333333333,0.0019093333333333332,0.000144,0.134112,0.004544
5497373953,0.1876,0.21855466666666667,0.007674666666666666,0.3100373333333333,0.160272,0.0,0.0008053333333333332,0.000768,5.333333333333334e-06,0.11270933333333333,0.0015733333333333333
5497376933,0.19976533333333327,0.0016693333333333336,0.0,0.24767466666666665,0.00017066666666666668,0.0,4.8e-05,0.0005333333333333334,0.0,0.5501386666666666,0.0
5497378599,0.10813333333333333,0.09234666666666666,0.004592,0.08705599999999998,0.4294613333333333,9.066666666666667e-05,0.002634666666666667,0.000528,0.0,0.2526773333333333,0.02248
5497383891,0.36784,0.3336266666666667,0.010384,0.021370666666666663,0.19178666666666666,0.00012266666666666668,0.0002506666666666667,0.0011306666666666668,0.000544,0.07017066666666667,0.002773333333333333
5497388857,0.35602133333333336,0.14355733333333334,0.087968,0.10804266666666666,0.24429866666666664,0.00032,0.0004746666666666666,0.011770666666666669,0.037333333333333336,0.006666666666666667,0.003546666666666667
5497962124,0.11669866666666667,0.223296,8.533333333333334e-05,0.15651733333333334,0.0014293333333333332,0.0,0.000336,0.0007946666666666667,0.0,0.5008426666666665,0.0
5497964096,0.008746666666666666,0.4420053333333333,0.000576,0.486192,0.01104,0.0,0.00015466666666666667,0.00011200000000000001,0.0,0.051072,0.00010133333333333332
5497969214,0.007978666666666667,0.5598346666666667,0.0015893333333333337,0.374464,0.01746666666666666,0.0,2.133333333333333e-05,0.00011200000000000001,0.0,0.03816,0.0003733333333333333
5497974242,0.19122666666666666,0.6001013333333334,0.005402666666666666,0.08342933333333331,0.10703466666666668,5.333333333333334e-06,0.00029866666666666664,0.0006666666666666666,0.00017066666666666668,0.01083733333333333,0.0008266666666666666
5497980908,0.2265706666666667,0.015077333333333331,0.02725333333333333,0.13586666666666666,0.504368,3.2e-05,0.002944,0.004170666666666665,0.045301333333333325,0.03254933333333333,0.005866666666666666
5497986160,0.316512,0.014074666666666666,0.007050666666666666,0.03481066666666666,0.6259306666666666,0.0,0.00012266666666666668,0.00031466666666666665,0.0002506666666666667,0.000512,0.00042133333333333335
6077356765,0.07155891238670695,6.042296072507552e-06,0.3380422960725076,0.009256797583081572,0.4944290030211481,0.00013293051359516617,3.021148036253776e-05,0.0,2.416918429003021e-05,0.005069486404833836,0.08145015105740183
6077442803,0.002145015105740181,0.0013051359516616315,0.2449667673716012,0.01899093655589124,0.5470755287009064,0.0005438066465256798,0.000459214501510574,0.0,3.021148036253776e-05,0.01291238670694864,0.17157099697885198
6077451511,0.00313595166163142,5.4380664652567966e-05,0.28589728096676736,0.020604229607250755,0.5244712990936558,0.0005015105740181269,0.00016918429003021147,0.0,6.042296072507552e-06,0.010779456193353474,0.15438066465256794
6077486331,0.0004229607250755287,0.0,0.08118429003021149,0.10454984894259818,0.44771601208459216,0.00036858006042296077,0.0001027190332326284,0.0,0.0,0.024120845921450154,0.3415347432024169
6077516071,0.010247734138972809,0.009365558912386707,0.06790332326283988,0.09437462235649545,0.6253353474320241,0.00016918429003021147,0.000459214501510574,1.2084592145015104e-05,4.229607250755287e-05,0.1311963746223565,0.060894259818731124
6077850234,0.03780060422960725,0.0,0.2550332326283988,0.006453172205438066,0.46397583081571,9.667673716012083e-05,0.0002960725075528701,5.4380664652567966e-05,1.812688821752266e-05,0.024453172205438068,0.2118187311178248
6077891352,0.012302114803625376,3.021148036253776e-05,0.18920845921450152,0.008308157099697884,0.43708761329305135,0.0013836858006042296,0.000229607250755287,6.042296072507552e-05,1.812688821752266e-05,0.009099697885196377,0.34227190332326285
6077910084,0.008990936555891239,3.021148036253776e-05,0.2344652567975831,0.01602416918429003,0.4601993957703928,0.0009909365558912384,0.00024773413897280966,0.0,4.229607250755287e-05,0.015323262839879156,0.2636858006042296
6078127064,0.01289425981873112,4.833836858006042e-05,0.3055166163141994,0.00604833836858006,0.6029909365558912,0.01286404833836858,0.0003323262839879154,0.0,0.00014501510574018128,0.0028096676737160123,0.05635045317220544
6078152574,0.19061631419939576,0.0002054380664652568,0.081607250755287,0.009534743202416918,0.6716737160120846,0.026362537764350453,3.021148036253776e-05,6.042296072507552e-06,7.250755287009064e-05,0.0024531722054380663,0.017438066465256797
6318555208,0.0999335347432024,0.4454380664652568,0.11873716012084592,0.09790936555891239,0.11758308157099698,0.0009728096676737161,0.007299093655589123,0.0025498489425981874,0.0006163141993957704,0.01708761329305136,0.09187311178247734
