10405932235,0.16990014438418327,0.05173564348026548,0.05353134592751671,0.0281003166745532,0.051219985682912916,0.025151967386160958,0.05233016658780136,0.04592994333830792,0.0412222909765952,0.05404700372486927,0.0236049939941033,0.05405913684951286,0.026183282980866064,0.05752921049757944,0.054150135284339776,0.2113044322304323
10423178764,0.15039783800079676,0.058609774217513476,0.08057969141983484,0.024214821753501942,0.038696340321069805,0.016785641224415088,0.0773496129289275,0.03248920615437622,0.03049194095416518,0.0740010982266869,0.015832768069597426,0.03898704738525146,0.02508694294604692,0.08916093327734531,0.0650107130936615,0.18230563002680966
10423185434,0.10212554397654927,0.05075607897829258,0.03881119332636009,0.02669843360580586,0.04148426503441418,0.014914965327548137,0.06192616123658621,0.04555843954596521,0.024057645372486728,0.03861103578300339,0.014772918038714344,0.03948914629579411,0.01921512416224383,0.053971513061893885,0.06735624168700526,0.36025129456733684
10423191424,0.0962994067422505,0.05988565522142189,0.04375679662349129,0.026642764085833957,0.03140174639577075,0.014836827201567662,0.055035154020909374,0.03841101672103966,0.01833607890005061,0.0605101370629973,0.009060370166995058,0.03574081850188959,0.01825532693777792,0.09733841532349236,0.0542976194321522,0.3401918666623599
10650631163,0.128584151802281,0.05439416804796187,0.045867247222978164,0.024096385542168683,0.049149369552130485,0.019160832240666975,0.055350766515755004,0.03878759390745735,0.02513132612585867,0.047817553581884005,0.015132398175865681,0.05094711494850037,0.0172064026125034,0.06296232156552288,0.0420862093136406,0.3233261588448249
10753757385,0.13057053953077727,0.07067950084520387,0.03151479914295251,0.024866220915834927,0.03424959893192072,0.012495020295659852,0.04415517297070319,0.03226848412416422,0.01973577957944378,0.03788343723419146,0.010637725163388135,0.03566006653961691,0.02153385660604886,0.05418456668497045,0.07913153956307804,0.36043369187204577
10753820836,0.16251063234169924,0.07123399765280963,0.05146053382430527,0.02233060930047267,0.06427317850490434,0.01573048225071869,0.06511299891254024,0.026680448334894538,0.02235752662123023,0.05128826297145688,0.013307923382538195,0.05335012974148605,0.0229174068929875,0.06710488064859976,0.06444544935775272,0.22589553926160405
10753851726,0.13701992958428894,0.07837785458186634,0.038362565543676036,0.02376799422892643,0.036429901913283165,0.012888013178720244,0.04733680028424691,0.030874166908922557,0.022088353413654616,0.03270992818458822,0.013108735208932245,0.03483101306028402,0.0225674817231392,0.05015773549963931,0.09795751370091625,0.3215220129849155
10753856126,0.14662402963058668,0.07388266201535364,0.03534782561882921,0.02578679328574351,0.04018217642688717,0.011741335314448141,0.045409520118005524,0.033264424992193974,0.023584956447775016,0.0393100552343422,0.01149369596347858,0.04091432755149284,0.02672889951225815,0.05633795234557532,0.08306146839368195,0.3063298771493481
10753860484,0.13646004931253164,0.06208210859523886,0.04525339965761168,0.02380567847798701,0.04033829688728103,0.01616654284699118,0.050895270088396484,0.035547013792435155,0.02432249103653219,0.04398828558200631,0.014901428771385812,0.04160879442703791,0.022335992764624175,0.06289501168211721,0.06784779870150845,0.3115518373763149
10753880654,0.12930004199102038,0.047062243612519775,0.05097063858651765,0.026136718455591804,0.05163818814130517,0.015240587012931081,0.054588326496333855,0.039266987521130094,0.029980511859771526,0.0431484651743704,0.014250029609052832,0.05020618667700292,0.024661649278077458,0.07208996845290007,0.06239434951602658,0.2890651076154484
10754056253,0.17081731752748258,0.08585548628831681,0.05179430860169903,0.027407215995348688,0.03613381138494999,0.01711403253765733,0.04901105763536721,0.03568698386037447,0.030578076380589382,0.044311293431097035,0.0172324687489906,0.037565812849252235,0.02676120029716722,0.05715085543245368,0.0819740086350765,0.23060607039417724
10754058903,0.1407668206337414,0.09430752500619098,0.0307611141617408,0.02376261076477492,0.033167522637466765,0.013162569850447366,0.04110274879679576,0.02937218041065065,0.01891210956426241,0.03624148066798023,0.011450628250266482,0.035956157067950086,0.01995111814550427,0.050050066216609054,0.09274093693810093,0.3282944108875179
10754059703,0.1362608611389257,0.07572919021932233,0.03584848778491984,0.024419393391259408,0.03887937810222122,0.013302539918386685,0.04577559568030837,0.03197777705998256,0.021178547972049055,0.041205034615674485,0.012258147872993314,0.040090657536311455,0.022362910085381743,0.05509437212657601,0.08094576698213767,0.3246713395135502
10754066633,0.143453169245346,0.08568321543546842,0.03139636293161924,0.027202644357591226,0.030508091346619724,0.0148960453072343,0.03765733173982794,0.03282836439592149,0.02241674472689686,0.03610689406419243,0.012500403759811363,0.03459952410176901,0.022249857338199983,0.05148206768091131,0.0803428189971683,0.3366764645714224
10754272665,0.1444598770416788,0.06017097882145204,0.05345779902451629,0.022185255768381842,0.04377833048009733,0.012274298265447852,0.053662370662273765,0.03166015267504334,0.023547272198714428,0.04185105031385596,0.011671350280478485,0.041091981868492736,0.020624051164443297,0.06353026045199565,0.06371868169729858,0.3123162892858297
10754351066,0.13930790184868158,0.07387727855120213,0.03897628045694844,0.02538841693853161,0.03040042206358948,0.012785727359841513,0.04505421148400573,0.034330350894193395,0.025684507466864775,0.033275191920497,0.012387351012629607,0.031444814108982845,0.02326194859868428,0.0507283826996996,0.09113128115679875,0.3319659334388492
10754359856,0.11911991128051078,0.06790163334302356,0.03914316784564532,0.02192146602495774,0.03950924340794815,0.013092584816477707,0.04969475758260926,0.028919969421923618,0.015854301926203473,0.0420017873100983,0.01086921412190316,0.03879324267579703,0.017975386801899286,0.06216824402166305,0.07149778739623372,0.36153730202310586
10754361846,0.14518126123798142,0.08687296101295261,0.03722127114355545,0.022648233685411887,0.03584848778491984,0.013431743058022977,0.04574867835955081,0.028596961572832886,0.02137773614565501,0.04419285721976377,0.011531380212539164,0.038567137181433515,0.022012984915533447,0.058604390753361976,0.08071966148777415,0.3074442542287111
10754568493,0.13200254099507952,0.09241254562485869,0.02890381902946908,0.0255176200781679,0.02971133865219592,0.010734627518115356,0.03948232608719058,0.029194526093650745,0.01932663630392885,0.03813107658516102,0.008941933955661788,0.030443489776801575,0.022583632115593742,0.051315180292214435,0.0934838549910096,0.3478148519009012
138908177,0.17316989136169342,0.06593128546357009,0.0607793102705729,0.025350732689471016,0.047116078254034896,0.019628110296413537,0.0605101370629973,0.0386532726078577,0.03530475790561711,0.05983182057990676,0.019181282771838018,0.04928023084294282,0.024505528817683603,0.06356256123690472,0.056127997243666364,0.20106700259482968
138908525,0.17297070318808747,0.07460942967580779,0.057032419221120415,0.024230972145956483,0.045947866533156766,0.01836299622080817,0.051218277937487205,0.03447032096213272,0.031288693648588994,0.05858285689675592,0.016419565662112254,0.047013792435156174,0.02206681955704857,0.0694143867695985,0.0556219516134242,0.2207489475327584
138909372,0.14735079729104086,0.058744360821301286,0.053538550986788974,0.024349408357289746,0.045221098872702606,0.016107324741324546,0.056601742088999436,0.03338286120352724,0.023078910817532862,0.045495655544429726,0.014858361058173713,0.047062243612519775,0.020941675549382515,0.06176986767445115,0.0687522206789625,0.28274492070157303
138909924,0.16577301161751565,0.0737373084832628,0.07754880110253345,0.024290190251623114,0.03879324267579703,0.016979445933869526,0.06552214218805516,0.030890317301377087,0.026621230229227903,0.0646069532822981,0.01542900825823401,0.041576493642128835,0.0215069392852913,0.0789754191026842,0.0650537808068736,0.19269571583922826
1850401943,0.08911549813712681,0.046057724875405236,0.04616054579764842,0.01565902162868341,0.023727439880001932,0.010808293414622343,0.05181569652102386,0.0239996129094692,0.016275947162142545,0.04668069869840809,0.008903082208351478,0.02418710988532443,0.014213480427735037,0.06080345478298736,0.04663231238205835,0.4749600812890114
1850421881,0.10225843131562394,0.06219456137804229,0.0547430686601829,0.01838075192335608,0.026297962936081675,0.012078434218802923,0.0654969274689118,0.025511685295398462,0.01637271979484202,0.07322059321623844,0.009973629457589393,0.02790075966516669,0.01663279624522185,0.08394421057724875,0.05755552329801133,0.34743794454928145
1850437547,0.12761286108288575,0.08760342575119756,0.05574103643489621,0.0223302849954033,0.026406832147868584,0.013929210819180336,0.06385179271302076,0.03019306140223545,0.020358542604151545,0.07580926114094935,0.010221609328881793,0.03109425654424928,0.015398945178303576,0.08172448831470461,0.06451710456282964,0.2732072869792423
1850556281,0.07793221077079401,0.04146102482218029,0.04903348333091402,0.01453403977355204,0.024664924759278083,0.00950791116272318,0.057857937775197175,0.02193109788551797,0.012665118304543477,0.047333913969129525,0.007451492717859389,0.022729472105288626,0.01361469976290705,0.07213794938791308,0.0391203367687618,0.4880243867034402
1850703607,0.09143199303237044,0.05331567232786568,0.04222915759423235,0.01569531136594571,0.024477427783422847,0.010312333672037549,0.05471887550200803,0.02474960081289012,0.017050128223738328,0.05185803454782988,0.009108724052837856,0.024531862389316303,0.015398945178303576,0.061535297817777126,0.046765374752020125,0.4568212609474041
1850748831,0.09673634296221027,0.06247883098659699,0.04642062224802826,0.01614893308172449,0.018271882711569168,0.01030628538249383,0.053714859437751006,0.02285648618570668,0.014848550829825325,0.051192722698021,0.008219625489911455,0.019493637199400008,0.012429235012338512,0.057628102772535925,0.046372235931678524,0.4628816470702086
1850761519,0.12227826970532732,0.054543475105240234,0.0560918372284318,0.02080006774084289,0.030828131804325736,0.015767890840470315,0.05675110078869696,0.03292688827599555,0.024477427783422847,0.05185803454782988,0.014673150433057532,0.03411235302656409,0.02145328301156433,0.07015411041757391,0.053938646150868526,0.33934533313978804
1850833667,0.12096579087434076,0.05494266221512556,0.0620554507185368,0.020177093917840037,0.03408815986838922,0.01432839792906566,0.06892025935065564,0.03203778971306914,0.02402380606764407,0.06533362365123144,0.0141650941113853,0.03696714569119852,0.021791987226012485,0.08015798132288189,0.05464024773793971,0.29540450960468373
1850838881,0.09830284995403299,0.06047079885808294,0.05594667827938259,0.016439250979822906,0.02655803938646151,0.009501862873179464,0.08892195287172787,0.022100449992742053,0.013868727923743166,0.07357744229931776,0.007336575216528766,0.025644747665360238,0.014866695698456474,0.07369235980064838,0.06150505637005855,0.3512665118304543
1851342008,0.08610949823389945,0.04761213528814051,0.051428605990225966,0.01573764939275173,0.023116562636086517,0.009955484588958242,0.06843639618715827,0.022421009338559054,0.012937291334010741,0.06245463782842212,0.007602699956452316,0.023830260802245123,0.012913098175835871,0.0727367300527411,0.04937823583490589,0.4333297043596071
1851515838,0.07279116465863456,0.06143247689553395,0.05492451734649441,0.011570377897130692,0.011340542894469443,0.005485798616151352,0.0770794019451299,0.014709440170319834,0.0066833599458073255,0.07869429525330236,0.003683408332123675,0.012894953307204722,0.007463589296946822,0.08716794890404994,0.06097885517975516,0.4330998693569458
1851537978,0.13236076837470365,0.07393429138239704,0.06771664973145594,0.01912469153723327,0.02588667924710892,0.012949387913098177,0.06859970000483864,0.026467315043305756,0.02213069144046064,0.06536386509895001,0.012054241060628057,0.028771713359461944,0.01973556878114869,0.07978298737117143,0.07679513233657521,0.26832631731746265
1851554226,0.11590337252624958,0.05501524168965017,0.06206754729762424,0.021344413799777424,0.027428993080756758,0.0133122852857212,0.06464411864324769,0.029049934678472927,0.01753399138723569,0.05258987758261963,0.011068369865002177,0.02912856244254125,0.01651183045434751,0.0749806454734601,0.053841873518169055,0.3555789422751246
1851633042,0.10832486572797212,0.052142304156384565,0.05512411090143708,0.02025572168190836,0.028795906517636805,0.01377800358058741,0.06422678666473121,0.029134610732084967,0.02080006774084289,0.06151715294914599,0.01172158513572362,0.03166279576135868,0.018658973242367056,0.07880316446508928,0.05724706053128175,0.3478068902114482
1880070931,0.10037136497798424,0.04844075095562975,0.06140828373735908,0.01914888469540814,0.0315599748391155,0.011969565007016016,0.07836163932839793,0.028935017177142305,0.017812212706246673,0.06458363574781052,0.010197416170706923,0.03353776551991097,0.015997725843131562,0.07991604974113321,0.056497072627860835,0.34126264092514635
2482756687,0.13973719652021985,0.07581382933546876,0.032662371540542835,0.017914558536259843,0.042356738130770816,0.008305123818536988,0.05056479695215909,0.023750591489826372,0.01486307768839709,0.033475290891663324,0.00860238537230493,0.03981484851793882,0.01723510355621883,0.050024872905519366,0.07928996954585715,0.3655892451983159
2482764143,0.1370193766000558,0.07184023101469321,0.043321321539936175,0.02335626493890972,0.03545905677089021,0.013692231160290709,0.04811997233647581,0.03061187347577622,0.023313799002657155,0.04359431684441694,0.01311590773972021,0.036005047379851725,0.023277399628726388,0.059798104805930674,0.08223225227192758,0.31524284448974144
2482772123,0.15733629381574638,0.06595566556255232,0.05176597629187445,0.02662614203035708,0.045220155546657925,0.018648612577197004,0.06346837501061649,0.03943872165398756,0.03391208337883255,0.054289666217741055,0.01953433067617904,0.047513316104296335,0.02860384134726216,0.058524126718353775,0.07558936652956234,0.21357332653878355
2482775717,0.1323177908006649,0.07055411980247273,0.03377255244543127,0.02023198534318543,0.025194433322413518,0.011556801223018965,0.04254480156274645,0.02682027202465451,0.02143316468290079,0.02851284291243524,0.011320205292468969,0.026401679224450674,0.020280517841759788,0.04280566374258363,0.09527536126378626,0.3909778085150269
2482779969,0.10440553755808732,0.056965020201652526,0.03215278030551208,0.018454482582899574,0.02609228454603914,0.012163457455198435,0.03376648588310948,0.02528543175724044,0.019491864739926472,0.03872893386233757,0.009852097210594643,0.027293463885754498,0.019042939128113664,0.08684890619881337,0.05482352370205899,0.4346327909826618
2482786763,0.09653113966439776,0.06527014402018952,0.03988158070347857,0.021912423106322573,0.03158252344726337,0.010064426891857459,0.0573472136279256,0.029222630704085224,0.011738798092672809,0.045456751477207916,0.006830949174340868,0.031643189070481324,0.014468751137480437,0.06600419806112669,0.055266382751550006,0.4167788980696199
2482788211,0.15737875975199894,0.06372923719045366,0.047610381101445054,0.026322813914267343,0.03230444436355695,0.016804377631371402,0.0452565549205887,0.035349858649097905,0.03076353753382108,0.03990584695276574,0.01703490699959961,0.034124413060095365,0.026134750482291705,0.054890255887598736,0.07281694754850217,0.29957291401254565
2482789731,0.12002693553670875,0.05612783460124486,0.03170992125602106,0.0202683847171162,0.029489559446244193,0.011854062776786906,0.041871413145027236,0.02813064948616217,0.019940790351739283,0.02914983195622368,0.01189652871303947,0.028531042599400626,0.019133937562940583,0.04249020250185031,0.08828061490675695,0.4210982904427377
2482817075,0.1183768305851806,0.050740727259491136,0.0423749378177362,0.01938873318045596,0.04464383212608744,0.01568206360183938,0.04369744840388745,0.03166138875744671,0.024466445843798156,0.03860153605357988,0.014869144250718887,0.04417064026498744,0.019892257853164924,0.062315728169475476,0.04082189786335675,0.3882963879687936
2483574130,0.17446219925017287,0.1199784030381344,0.03885633167109526,0.0170470401242432,0.04201701064075032,0.011314138730147177,0.045456751477207916,0.020456448149091838,0.01718050449532268,0.0384620051201786,0.011071476237275384,0.03968745070918114,0.017787160727502152,0.05268809376478725,0.10719008966379112,0.2463448962011187
2483578418,0.13062521991288414,0.0695531370193766,0.03396061587740691,0.020747643140537984,0.02477584052220969,0.011635666533202296,0.04327885560368362,0.02714179982770963,0.022076220289011027,0.027997185115082687,0.011829796527499726,0.026516943908564773,0.02012278722139313,0.04103422754461957,0.09619747873669905,0.3925065822201192
2483590658,0.1404955168104442,0.08296023975054295,0.07970856234606097,0.02336233150123151,0.020153120033002098,0.009639767529331829,0.10032880767784128,0.025564493624043,0.014171489583712494,0.07698467586357514,0.007953263203872895,0.02262827746029435,0.013765029908152246,0.08421601815115447,0.08281464225481988,0.21525376430192067
2483597646,0.12401266698212793,0.05274875938800519,0.041762215023234926,0.020953906259479,0.033748286196144096,0.016446450454385517,0.044340504009997686,0.035004064596755605,0.028622041034227545,0.03297783278127616,0.015675997039517588,0.034809934602458174,0.021700093425059755,0.05394993872772055,0.07209502663220861,0.3711522828474017
2483644362,0.09483250221429523,0.06277678690593189,0.035926182069668404,0.02099637219573157,0.027329863259685262,0.011732731530351013,0.04656693238209636,0.03172205438066465,0.015451534233611182,0.042399204067023376,0.00801392882709084,0.029817153811621106,0.015724529538091944,0.1057037818949514,0.04924228636600784,0.4017641563231779
2483652182,0.06992926388332787,0.04469236462466178,0.0327048374767954,0.019419065992064936,0.02610441767068273,0.007801599145828027,0.057565609871510215,0.030187214113250583,0.013862094905300965,0.0393901891554132,0.006418422936458825,0.0241813174146738,0.015584998604690668,0.0618364697460537,0.06873415110593431,0.481587983353353
251982623,0.12806184523617256,0.06338490691990481,0.04697610818609559,0.02259439904389677,0.0359615405321016,0.013517878484447172,0.05277948254142576,0.03116487397310421,0.019170515843535,0.04969475758260926,0.011294507789872628,0.03746891049452502,0.019353553624686413,0.06858533329026562,0.06378328326711673,0.3362081031902409
2886513934,0.17048892621424033,0.08091346619722861,0.05542276343981825,0.02911915759552957,0.031207941686316312,0.020441013383291882,0.05022233706945745,0.03796418919646414,0.03164938574674031,0.05268258018669854,0.017824649805656945,0.03538550986788979,0.026093650742379702,0.06291654553872325,0.07709659011380644,0.22057129321575847
2908373128,0.15956049398667055,0.05493825166618215,0.04869881671457949,0.03403426036586022,0.04477965481227861,0.02040332913423129,0.05139593225448712,0.04775132702391335,0.03332364309786061,0.03560623189810179,0.021329284968291395,0.04924793005803375,0.030992603120255827,0.049576321371275996,0.06753555778072073,0.25082636174725714
2914167342,0.12585462493405256,0.04539875318970251,0.044451263499036366,0.024462461104471502,0.04902720802782174,0.019934967753049728,0.048914155280639984,0.03985378511364492,0.029426015052165768,0.03834103168707,0.02195915027401833,0.05066916459403297,0.03081494880325592,0.0613499574706332,0.07246142747935441,0.29708108573705005
2943175092,0.15578130215230898,0.07872777975171462,0.04348762341591567,0.028338555293560292,0.04176491488743177,0.018142274190596164,0.04810663565791316,0.034594140637617496,0.025980597995197946,0.04698149165024709,0.015095233480840253,0.046776920012489634,0.027886344304833274,0.05801759316084714,0.07455021157014115,0.2557683818383453
2976176423,0.12796531471230266,0.05081587611708094,0.0668258620065849,0.02406020478309635,0.04915759132626602,0.019453188127886926,0.07304895256702486,0.03482398060711313,0.02154564202756974,0.0428380187416332,0.016498426136980354,0.04701086628797472,0.019410977242302545,0.10172823425835474,0.050466128779381794,0.2543507362784471
2976178615,0.15587877033660166,0.09063883160268704,0.04823498196992172,0.02436774123521112,0.03727221197100714,0.016383853733251325,0.04937467588069998,0.035517445155999375,0.023324529348625733,0.03957572029861186,0.014737629195460518,0.03664507881375352,0.017969777005921585,0.05635756238165876,0.08390318028872246,0.2698180107818661
2976179201,0.17778621995489466,0.062152513959742875,0.0549826935369104,0.028637070805745506,0.04736061362567387,0.013929592242845257,0.056592737315628874,0.03571643933089716,0.0309827900189346,0.04052245016100438,0.01326627832651929,0.04318173595282029,0.026044116405562187,0.07063087183569111,0.054096264939638435,0.2441176115874911
2976179619,0.10796941519833086,0.058166600335275036,0.03981089523258198,0.016848173474679498,0.049302314362555326,0.014273309454032346,0.05940880639675821,0.028329534353630736,0.018036108397554176,0.03471543832989616,0.010576841902143109,0.03927421397300916,0.01762605979473449,0.08834738352810641,0.05120783434036446,0.366107070926348
2977031608,0.16826465019236106,0.1213080550429948,0.030826006729621182,0.017632089921246548,0.030023999903517975,0.010908498860306088,0.041445059517348684,0.021750666328979585,0.01711952916772194,0.03171846545340521,0.0112100051859088,0.03477573959501671,0.018096409662674718,0.04678172148051666,0.10676942002243207,0.291369682935948
2977032484,0.17358322177599286,0.10633525091356416,0.040588781552636975,0.01950745926649541,0.03832145398410458,0.015256220075497184,0.04798774678292751,0.02550140501947731,0.021816997720612175,0.03900285827996671,0.013025073266037121,0.04015461244376906,0.01773460207195147,0.05395154190334913,0.09766392898923021,0.2495688459543881
2998910157,0.1307934440464561,0.091639832603688,0.04078174560102271,0.02267930581183593,0.04877166322949456,0.013959742875405528,0.0563394720021226,0.03405815454008225,0.02510341666968173,0.04716161945077608,0.01260899453670538,0.0435495736700556,0.021135593424750045,0.06811027895365244,0.07496050267134605,0.268346659912925
2998910511,0.1674385228602096,0.0962408191323854,0.04193349976482506,0.021810967594100124,0.05050230953845412,0.017258222077499184,0.04441791188779141,0.031495350772459206,0.026888334117249776,0.044146556194748963,0.01568435905785303,0.04732443286660154,0.019224043320428864,0.06109724182013339,0.08105093044852081,0.2334864985467395
2998911107,0.08216650385325085,0.05470530771735591,0.03181494747759808,0.017523547644029573,0.05005005005005005,0.0093527262201961,0.08832326302205822,0.025242109579458976,0.00982307608813633,0.036669199319801726,0.0059095239818131385,0.03344308163585272,0.0120662831506205,0.0816720334792624,0.05696057503286419,0.4042777717476513
2998912353,0.13770999915578228,0.08179263600950348,0.04412243568870075,0.021955690630389425,0.053276167733999055,0.011891409481770927,0.057539467178021386,0.02730441284658152,0.01898283825994669,0.04088425775172763,0.010848197595185549,0.044598815683153034,0.016184859558353533,0.06593340328280088,0.07093237816129383,0.29604303098279
2998912711,0.12264674312867085,0.08777452150946126,0.03211042367668874,0.01882002484412123,0.04116767369779418,0.009214033310418852,0.04861487994018114,0.022582823787643064,0.013139645669766152,0.03370237707587105,0.008176851550345527,0.03510136642666764,0.01667932993234198,0.06326205723796086,0.08212429296766646,0.36488295524440095
2999749448,0.12256835148401415,0.056194748965833305,0.046914384263781854,0.018844145350169445,0.048964627277880285,0.010625082914239541,0.06613239745769867,0.026598888044671174,0.01700495676399291,0.03403403403403404,0.010733625191456516,0.04158375242712592,0.018126560295234996,0.0663253615060844,0.07701074568544447,0.3383383383383383
2999750116,0.15859835739353811,0.10803574658996347,0.045889262756732635,0.015244159822473074,0.04521388858738256,0.013356730224200105,0.049103320187657534,0.021738606075955475,0.018904446615289987,0.050984719659418455,0.01272356694043441,0.048542518422036496,0.01660696841419733,0.06646405441586165,0.085742368874899,0.2428512850199597
2999750460,0.13787281257160774,0.10269908462679547,0.03228529734553831,0.02257679366113101,0.054409831518265256,0.012036132518060228,0.047059107300071165,0.02796169663639543,0.017523547644029573,0.037037037037037035,0.009829106214648385,0.049326434868603546,0.018036108397554176,0.05265506470325748,0.08217856410627496,0.29651338085073026
2999751672,0.1068297212875526,0.08506096457903686,0.0567736411109905,0.019410977242302545,0.039756624093973486,0.009406997358804587,0.08642980329727319,0.02228734758855241,0.01156578265012,0.0626771349662916,0.00632560271114488,0.031621983429212346,0.01149342113197535,0.09492022142624552,0.058498257293438015,0.2969415198330861
3019561247,0.13438741561419942,0.06678187279950903,0.05781840498724119,0.029092240274772006,0.03980533393628132,0.01599427199414279,0.07615986735144331,0.03431958396589037,0.022454428975957445,0.06356794470105624,0.013232554884417023,0.042863141574340256,0.023482670628896283,0.06604972167490336,0.0763321382042917,0.23765840843265826
3038902071,0.15052165767628153,0.08794427037910353,0.03926160405697858,0.02441400992710789,0.028322404901105762,0.013458660378780535,0.04678230347664114,0.028882285172863037,0.01995111814550427,0.049608622156185056,0.010562356665266968,0.03173013770901299,0.023057376960926815,0.062179010949966085,0.0871798184695888,0.2961443629746869
3039742328,0.1652669659872735,0.08883792542825457,0.057683818383453385,0.031724754244861486,0.027557952991591028,0.015665880680900544,0.06561904454278239,0.03624148066798023,0.0238433627270476,0.06182908578011779,0.013426359593871465,0.032058529022255235,0.022734369111836083,0.061209987402693886,0.07753803417423041,0.2187624492608504
3118939717,0.16754955478751468,0.08088654887647102,0.054238401326485566,0.031708603852406946,0.03646220269819223,0.014863744522325225,0.058717443500543726,0.033883523369617884,0.025307664976258918,0.05480366506239434,0.012699591933417315,0.038604821430494096,0.0269711553990762,0.05909428599114959,0.07888390021210849,0.22532489206154374
3168952218,0.14655942806076855,0.05933115841381612,0.08478956038631738,0.024602431172410826,0.035756968894344134,0.016091174348870012,0.0784424561516845,0.03377047062243613,0.033905057226223924,0.09323621564004006,0.013297156454235171,0.040440582706159765,0.023881046976108187,0.08985540015289038,0.04697610818609559,0.17906478460759934
3213272217,0.14423915501146678,0.0750078060230197,0.04212022352143157,0.03164938574674031,0.03942310798152395,0.014433067390204246,0.05172432356772936,0.03404502729416325,0.023423452523229648,0.05401229583212205,0.010169363782206576,0.043056946283794695,0.027041140433045858,0.06915598049032591,0.0688868072827503,0.2716119168362458
3213610937,0.13590555250492584,0.061952905455602565,0.06140917557629984,0.027681772667075808,0.0415172755364622,0.0139270217599621,0.07165390785662758,0.03516478783767779,0.024263272930865557,0.056058012209696695,0.012651140756053706,0.041937185740280165,0.02337500134586604,0.06528526976538863,0.06596358624847916,0.2612541318087363
3213771883,0.13320843696501825,0.05368928798303132,0.07616525081559482,0.027132659323621564,0.03751197820773712,0.013103351744780731,0.08036435285377434,0.032849898252527536,0.02326194859868428,0.06821925772796279,0.011881305382387458,0.040537485060886974,0.024833920130925845,0.08582318550340771,0.06329338802932913,0.2281242934203301
3215991839,0.1413913024753168,0.10104762212388428,0.04126963618549264,0.02341806905907813,0.03381892179979973,0.010363168491661016,0.05726390817963544,0.025894462568773757,0.017334754567869332,0.053080956533910435,0.00860815917826803,0.03485254691689008,0.02202375184383647,0.05969185051196744,0.1066948760188206,0.2632460135447959
3249151290,0.1585268688695802,0.072499111728415,0.06510223198423722,0.03402887690170872,0.03334517695446666,0.013781668227871273,0.06347104234632901,0.03465874220743564,0.022788203753351208,0.050082367001518135,0.012387351012629607,0.0375065947435856,0.026917320757561074,0.06686262476178173,0.07524467844568622,0.2327971403038427
3259219916,0.14660787923813215,0.11187376853257534,0.059358075734573676,0.029280661520074937,0.02194299988156379,0.008274384400874274,0.07215995348686972,0.024074851685562625,0.012941847820235363,0.06572133036166113,0.005211193298663824,0.02474240124035014,0.016861009722536256,0.07208458498874856,0.09282707236452514,0.2360379857230531
3397457265,0.08560526092284546,0.07674201337070335,0.05479925745277181,0.02102670500734054,0.01357696647617661,0.00721920916293573,0.08977298923791843,0.028179181984736526,0.010331355634016428,0.07064511823729965,0.005290042344605006,0.016070323590434244,0.009506303158252344,0.09375872068333758,0.09670100340940804,0.32077554932721825
3397462655,0.10378674820126428,0.06419029592691004,0.048047173588614274,0.018636479452553416,0.018660745701840595,0.009093776920370302,0.06246132566519856,0.026541210157851956,0.014681080818743253,0.0548113905774154,0.0072495419745447045,0.021778958735243086,0.011550734660697169,0.06977153326296122,0.06697484803261385,0.4017641563231779
3397465641,0.1176973756051396,0.05724408206845509,0.07210715975685217,0.018794210072920082,0.031588590009585166,0.012151324330554849,0.07985415984178405,0.026893070772516046,0.01748989917373421,0.0631043812713088,0.011775197466603576,0.033542023077203074,0.01662238076171757,0.08561739404748905,0.08087940887416736,0.2746393428699693
3397468387,0.11989347116562928,0.061933534743202415,0.07186449726398039,0.01969812785886749,0.031297395018139024,0.012175590579842029,0.07929603610817895,0.027075067642169888,0.017392834176585496,0.06488795059391644,0.011508268724444607,0.03245004185928002,0.016786177944406018,0.08400368846989165,0.08176512697314942,0.2679721908783169
3397472543,0.150402213081935,0.0701355270022689,0.07026292481102657,0.021596961865589244,0.04038510537618753,0.0147417464419612,0.07674201337070335,0.029544158507140345,0.022276416845630254,0.06281925284218445,0.014359553015688132,0.038904864169669616,0.01989832441548672,0.0698989310717189,0.0854353971778352,0.21259661000497454
3397500309,0.12407939916766765,0.09291546852060813,0.07916863829942125,0.01914607068758417,0.017629430107135486,0.008377922566398525,0.10187578106989892,0.024836506145427636,0.014147223334425313,0.0832575013043109,0.007874397893689563,0.02023198534318543,0.013765029908152246,0.09170822261857096,0.09181135417804147,0.20917506885548234
3397529403,0.12215629891165873,0.08237784976765065,0.07309600941530472,0.021190502190029,0.020917506885548238,0.009736832526480544,0.09439570972712602,0.025036702702046856,0.014183622708356084,0.07077251604605735,0.008274791006928012,0.022403814654387944,0.014753879566604787,0.09457770659677987,0.09844817335808491,0.2276780839369563
3397551299,0.15202805178417594,0.054544461835256436,0.06636212523811257,0.02759072543952244,0.03979058226865165,0.02330773244033536,0.05643116271733459,0.04139822128392725,0.035240660527305595,0.06050182603525886,0.022464480277605888,0.04542035210327716,0.026359213288198114,0.07995122483893276,0.056006503354808966,0.2126026765672964
3398261716,0.0941105812980017,0.06409323092976134,0.05493878838617309,0.01795095791019061,0.025000303328116088,0.010555818439922834,0.08985185454810177,0.0269476698334122,0.01578519516130989,0.07009912762833813,0.00801392882709084,0.026159016731578884,0.01492374331161504,0.08882660551571844,0.08260837913587886,0.3101347990147903
3398303642,0.11832829808660625,0.08354262973343525,0.08905106832162486,0.020814375326077723,0.017890292286972663,0.009657967216297213,0.09787791649983621,0.022986204637280242,0.016088523277399628,0.08197139009209041,0.007504337592060083,0.01976486004440724,0.01591259297006758,0.09724092745604776,0.08505320375156214,0.2163154127082348
3398318160,0.1303582911707252,0.05553331149370897,0.051037988813259084,0.019892257853164924,0.03402734806294665,0.011065409674953593,0.09586988437132216,0.027536126378626288,0.01925526880937648,0.08375495941469806,0.008074594450308788,0.03380895181936204,0.017696162292675233,0.0963794756063529,0.05229983377619239,0.2634101360123273
3398324266,0.12641502566155866,0.07650541744015336,0.0900581176670428,0.022349215593491796,0.018357417585750855,0.008735849743384412,0.08729783181062618,0.025540227374755826,0.012691248377194578,0.06556133901163566,0.007898664142976741,0.020935706572513615,0.014080491148885571,0.09735619214016185,0.09058590858903891,0.2356313471408292
3398327000,0.08726749899901722,0.10606777563425908,0.06960773608027275,0.0178478263507201,0.01425642145621762,0.0066246860553998465,0.09391038474138244,0.019685994734223902,0.007000812919351121,0.08538686467926085,0.0035732052075370968,0.015597131729334256,0.008820781615889539,0.11134568485422053,0.08292384037661217,0.27008335456630145
3398330080,0.11059949768863976,0.08747982868028004,0.056036836166417935,0.019036872565791868,0.023799123988400728,0.0073466069716934205,0.08114027105400452,0.018897341632390586,0.0127822468120215,0.0716157682087868,0.005775367330348584,0.022688943083512297,0.015839794222206046,0.08702483650614543,0.08734636430920055,0.2925903007801599
3398354030,0.0982176439898567,0.07021439231245223,0.054435263713464126,0.02023198534318543,0.023968987733410985,0.011047209987988207,0.07807665708149822,0.02762105825113141,0.014608282070881712,0.0716279013334304,0.008954245986969022,0.026432012036059646,0.01688324294155474,0.09406204879942733,0.08570839248231596,0.2979106759363739
3676878611,0.15128610958579627,0.06080084412717896,0.05554119965115152,0.02596983106689493,0.046906123152125924,0.020338727564413146,0.050195419748699885,0.04035983074388708,0.03073958030513475,0.040155259106129604,0.020064170892686025,0.048052801016398035,0.02671274911980361,0.06101079922908794,0.0705556811697191,0.2513108735208932
3677692912,0.1408098883469535,0.06653961691269097,0.04344455570270357,0.024117919398774727,0.04510804612552085,0.015552827933718791,0.0496247725486396,0.03422268161116316,0.024645498885622917,0.03914316784564532,0.01662952076402123,0.04577559568030837,0.026201320025409952,0.060725475629057786,0.08044510481604703,0.2870140077737222
3677693352,0.16242988037942654,0.07723656018174575,0.0573823443909687,0.027767908093500004,0.04343378877440055,0.02033334410026164,0.050179269356245365,0.04149574167985615,0.03247305576192168,0.04079589134015957,0.02087707397956437,0.04527493351421773,0.024710100455441062,0.0576892018476049,0.0780494632686241,0.21987144287606186
3677694004,0.14933191209879734,0.060682407915845685,0.04705686014836828,0.026502794017894637,0.046819987725701735,0.018901342635959387,0.04978627647318497,0.039665363868342,0.0295283008710445,0.042061005415764935,0.01956350872659539,0.048058184480549535,0.02746105063686381,0.0576030664211807,0.07426488797011101,0.2627130505937961
3951504485,0.15425448015627466,0.07113650978536502,0.038947330105922176,0.024187383976995595,0.04566908115847074,0.012988509930962521,0.054417064026498735,0.031012266589014674,0.023447263373736642,0.03863793542751065,0.013140173989007391,0.04449216806804256,0.02538249675438916,0.05566677586478846,0.08001189046215072,0.2866086703308703
3951520407,0.1887489535179995,0.1008626651621592,0.04543855179024254,0.02905276695907497,0.03186765187638772,0.022209684660090517,0.03879566604787731,0.03925672478433371,0.03705456266152223,0.043145391232604136,0.019746660357441853,0.03526492677659278,0.02669287421589682,0.053058154066416716,0.08334849973913783,0.20545626615222215
3952254100,0.16174061806136936,0.03900799572914013,0.054368531527924396,0.0340880136861646,0.04549921741346049,0.015014741746441962,0.06571300306968053,0.050983389752362926,0.03800701294604399,0.04460136618983487,0.015948992343998346,0.04837476795399119,0.027930452929542944,0.049078489183319376,0.048411167327921965,0.261232240138803
3978328679,0.0996425379803396,0.04392906747633968,0.054367604466121856,0.022529797474078617,0.034405719392314564,0.013722450122204636,0.0583513679382409,0.03699516564919194,0.019240500877504656,0.036542954660464914,0.01271574232587185,0.034448787105526665,0.018605252107626216,0.07228377316235451,0.06291654553872325,0.37930273372309614
3985075445,0.141918881962165,0.07243451015859685,0.05835675140239241,0.02663738062168244,0.04157111017797732,0.017275536462202697,0.06499994616535848,0.03436803514325398,0.02686886958019747,0.05700550190036285,0.01580585074883986,0.04473120363491499,0.025937530281985848,0.07354350377380836,0.07268214950956643,0.22586323847669496
3985077169,0.14365235741895194,0.07542771622683765,0.06286809436135965,0.024623965029016873,0.039218536343766486,0.015342872831809812,0.0588412631760285,0.03259687543740646,0.024354791821441256,0.0485696135749432,0.014842210665719176,0.04131808736285625,0.02638435780656137,0.08227548262756118,0.07592299492877676,0.2337607803869634
3985087547,0.14675323277022298,0.08213012909547035,0.04966245679770018,0.027977863195408983,0.03536935947543525,0.01787848444717207,0.054426822571788484,0.03645681923404072,0.02433864142898673,0.0491833284882156,0.016317279843233525,0.0419102684195226,0.024527062674289647,0.06279272586323847,0.08089193234062254,0.24938359335465185
3985091689,0.17368132045608708,0.056467155485211626,0.06204980781032979,0.028860751316256983,0.04335303681212786,0.021544623534351885,0.05344703209621327,0.043272284849855194,0.03474487763385984,0.04235709594409811,0.024575513851653262,0.04758982309936798,0.0300128126446806,0.05872282696469524,0.06590436814281253,0.21341666935839876
3985098227,0.13496344627841125,0.05340396438300117,0.04502729416324817,0.029775940222014064,0.05232188808854722,0.018099206477384062,0.0622759133046933,0.040882026766583764,0.0256952743951678,0.048273523046610034,0.016118091669627573,0.053780806873607034,0.02804784822937864,0.06089236301775465,0.06580746578808533,0.26463494729588594
3985102209,0.15404782669552206,0.05597187678327249,0.04641622791433832,0.03209621327131582,0.049576321371275996,0.023030459640169258,0.04814431990697374,0.04326151792155216,0.03003434650128665,0.044311293431097035,0.021054728296564275,0.05557888390021211,0.028101682870893763,0.059067368670392015,0.058216781334453085,0.2510901514906812
3985111577,0.12532704544720435,0.06004177568181573,0.05465831153030352,0.02677735068962176,0.033275191920497,0.015439775186537032,0.07204690073968797,0.046809220797398715,0.03380815487149671,0.05624643345499962,0.0179377025528387,0.037199737286949405,0.028322404901105762,0.06155452910839066,0.07965373558577475,0.2509017302453783
3985761536,0.13375216684432098,0.0741733690795353,0.06052090399130033,0.023859513119502136,0.04418209029146075,0.011456011714417994,0.08638306577516498,0.023886430440259697,0.011014567653993992,0.06420319347093467,0.007752188378177591,0.041205034615674485,0.018890575707656364,0.08368595023525738,0.06952743951678025,0.24550749916556305
3985823224,0.12660292645111276,0.09685390354985625,0.03680674440388902,0.028860751316256983,0.02334270056095697,0.012069726627690387,0.060574738632815435,0.03709206800391916,0.02440324299880487,0.05565963586248479,0.009830205540661306,0.028096299406742246,0.02356342259116896,0.06149531100272404,0.10862215618506196,0.26612616686585483
3985829810,0.16894925546690784,0.07264984872465732,0.062458951085844726,0.027261862463257857,0.03419576429040559,0.01978423075680739,0.05588035789269679,0.036925180615222285,0.03083648265986197,0.05046459295627551,0.02068865273426144,0.037942655339858085,0.025264597263046824,0.0653175705502977,0.07771568849123035,0.2136643087093683
3985836358,0.13281006061780634,0.0471106947898834,0.06970509383378017,0.02206681955704857,0.05511052251903054,0.016758723903657527,0.07438332418144428,0.03043810631265006,0.021679210138139688,0.0765528602345037,0.013657848552386487,0.05842673643636208,0.019698095330383195,0.08992000172270853,0.04200717077424981,0.22967473109596565
