10125352554,0.07672259476705902,0.058307131528423164,0.031020154521086658,0.022890638767541296,0.03451682016750605,0.011264457367576542,0.05897956722965765,0.03493883153862564,0.011626181399964757,0.04806292143168517,0.006478570169824796,0.033431648070341415,0.015067197195247503,0.08386432566292885,0.05571941345056902,0.4171095467319625
103560488,0.1437289945279608,0.10701415935645907,0.046876327060507886,0.027687790436671158,0.031006200026692875,0.012145257768233051,0.05976170543199991,0.027414795132190396,0.01788422572465087,0.0752071731032893,0.007631735400817774,0.03377255244543127,0.020322983778012352,0.0810735388684648,0.07254395224402142,0.2359286086945971
103561230,0.1058311797037091,0.03667843579757095,0.0520571712833206,0.023344131814266127,0.02895570196192625,0.013121974302042004,0.08545359686480061,0.05192370691224111,0.021475630619153346,0.02787585386864679,0.01475994612892658,0.03138839345296594,0.01857581382933547,0.041762215023234926,0.07448525218699571,0.3723109962508645
103568430,0.181523677792742,0.10308302697193608,0.04983680947354372,0.03878353292323372,0.03069073878595955,0.014893410500006069,0.048787294191873234,0.042108009075577234,0.03133379439206979,0.06185466943301909,0.011429403414261274,0.03452480617333382,0.02582535580388017,0.056340164282507675,0.062036666302672926,0.20694864048338368
103568891,0.17322462053652676,0.09324912944830681,0.05640082990572561,0.02747546075540834,0.03738822358922093,0.020007522537279027,0.045189822735048964,0.03350562370327231,0.027493660442373724,0.04730098642303352,0.01739890073890729,0.03895946323056577,0.02200342154114949,0.06097501789635885,0.0816316626020699,0.21779565391475267
103569212,0.11448816413691018,0.07083318166927527,0.05617030053749743,0.024612043339521227,0.04161055096519006,0.013983426151736858,0.06733884177192152,0.03550758926946457,0.01809048884359189,0.053585944988412876,0.012454652446644584,0.04037903881386574,0.018915541319355973,0.07941130079229304,0.06755117145318434,0.28506776350113444
103569702,0.13826302187602374,0.07914437205013407,0.05259102876763853,0.023095402759072545,0.033469224329341525,0.013874228029944551,0.05800846892100123,0.029968817869665976,0.02078404251446875,0.053585944988412876,0.012588116817724069,0.0354711898955338,0.021530229680049504,0.0695470704570548,0.08829274803140051,0.26978609301253353
103570249,0.05486598963831155,0.04653659957048738,0.030648272849706983,0.020037855348888,0.021851757483104625,0.0073587400963370094,0.06267365534646137,0.031291328455817224,0.0064062898118152365,0.04454676712893872,0.003773401764156323,0.02211868622526359,0.008080661012630582,0.07387252939249443,0.053494946553585936,0.512442519322001
103571386,0.1602907096664604,0.09425011223140296,0.045432485227920746,0.02893750227496087,0.03268057122750822,0.014723546754995816,0.04603307489777843,0.03747315546172606,0.026620075468035284,0.04960021354299373,0.012988509930962521,0.03535592521141969,0.02356859462017253,0.06004683386112425,0.080594280445043,0.25140440917749546
103572526,0.16902049284752302,0.12093691988497797,0.03815867700408886,0.03798881325907861,0.0281003166745532,0.0123211880755651,0.04161055096519006,0.04218687438576056,0.028069983862944226,0.04253266843810286,0.010082626578822845,0.0308606025309698,0.024496778655407128,0.043187857168856696,0.07602009245440977,0.2544255572137493
103573052,0.1992441063347044,0.07118504228393939,0.044109974641769495,0.037200160157245296,0.03981484851793882,0.015724529538091944,0.043570050595129764,0.04617260583117971,0.04299372717455927,0.04566908115847074,0.015221004865382982,0.038546936992683724,0.0342032783702787,0.04486829493199384,0.06981399919921376,0.2116623594074182
103573258,0.10728108809861804,0.1736371467744088,0.0190004731918611,0.0340880136861646,0.013868161467622757,0.013637632099394557,0.02289520620245332,0.03818294325337604,0.017277569492471397,0.06473021997354979,0.005283975782283211,0.022288549970273845,0.014183622708356084,0.07430932187966366,0.047319186109998905,0.3320168893095039
103573701,0.15888326720780402,0.09884856647132337,0.041125225979446484,0.04001504507455805,0.0252186995717007,0.01616132202526117,0.038449871995535005,0.05118358630898216,0.036927164852764524,0.043970443708368216,0.012691248377194578,0.028531042599400626,0.028979968211213437,0.049606280105315516,0.07697254273893156,0.2524357247722006
103574232,0.18395030272145985,0.09619141217437727,0.04255693468739005,0.03617491112486199,0.03249250779553258,0.01622805421080091,0.03796454700979143,0.04311505842099516,0.03679370048168505,0.04451643431732974,0.014122957085138138,0.03342069183076718,0.03030854535968648,0.05066186194930781,0.06887974860165738,0.23262233222921894
103574519,0.17781094165180358,0.10624370594159112,0.03127312876885184,0.03132772782974799,0.03420934493260049,0.01244858588432279,0.03192225093728388,0.03414867930938255,0.026043752047464785,0.03485846710103253,0.009597301593079264,0.03429427680510562,0.025127701136873775,0.03929919072058628,0.09039784515706327,0.28099710018321017
103574946,0.18385323772431114,0.13327630764750847,0.04713112267802328,0.030332811608973657,0.03277156966233514,0.018442349458255985,0.03709096203545299,0.03278370278697873,0.0274087285698686,0.05128671786845266,0.014711413630352225,0.03560465426661328,0.02140889843361361,0.05394387216539875,0.07653575025176233,0.2034179012120992
1039576012,0.1172578512809,0.06622764349322756,0.026403751652573026,0.022749382623662356,0.02180772780563247,0.013270473197136371,0.030700441517623286,0.030550774526678138,0.023560078824615232,0.038140138192521635,0.011642844670607895,0.025717777944074437,0.024613983885853976,0.07271944922547331,0.08176806605303201,0.39286961510638824
108586683,0.07856341189674523,0.04302056711695266,0.027848768812624238,0.019228428866983085,0.021851716630833098,0.0074439170824712984,0.05012643165253607,0.03014076508052412,0.011588441307316807,0.028842643300474625,0.0064635646964964245,0.0225075385717956,0.014029180695847365,0.050930996714129234,0.0764539640041648,0.5109596635701054
1306844642,0.16336660314178966,0.037215887679403946,0.05677401294184783,0.03414731311304198,0.0513905487903356,0.028365472614317863,0.04422515800467285,0.056203365741787525,0.040122958321220537,0.03083109919571045,0.033684335196011925,0.05302173842824381,0.031008753512710364,0.046572348374732175,0.05624104999084811,0.23682935495332536
1306848216,0.1637326787040925,0.045420287046308565,0.05421686746987952,0.03411501232813291,0.04432744382355158,0.028489292289802643,0.04196410306103772,0.0554873650096364,0.04313769824606738,0.033528214735618074,0.030852633052316506,0.048429643507003885,0.03298986832046685,0.05212269991494126,0.058825112783573975,0.23236107970757025
1306850114,0.0817654456208673,0.037795626952253455,0.03531702567847146,0.01785728773680581,0.03204738144497181,0.009845442375562858,0.050930996714129234,0.025171392641272158,0.0116668694981948,0.037162792584479326,0.007898259705488622,0.032307005800981704,0.013743864346273985,0.057198490933430685,0.041320838911200364,0.5079712790556165
1306855842,0.16089020963209405,0.08045587174435005,0.0571185546475446,0.025097709874349942,0.043740646231036746,0.017103265609354306,0.05456679263972782,0.032386920335497484,0.02676120029716722,0.05106215747709336,0.016177309775294205,0.04458585010282416,0.023902580832714238,0.06700259482972104,0.07922844191780526,0.21991989405342546
1434412981,0.13598092100304704,0.07793102705729081,0.03302216910537593,0.022615932900502816,0.03698439872088892,0.012764193503235462,0.040424432313705225,0.031100272403286063,0.021969917202321346,0.036634473551040624,0.011407560537054384,0.037711166381343066,0.0225190305457756,0.05950342926666451,0.08291611486159113,0.336514960646877
1465972308,0.12271068186956945,0.08236161805398537,0.039213152879614965,0.02790249469728781,0.03168168653164938,0.0151167673374463,0.05763536720608978,0.037194353822797885,0.02508694294604692,0.05886818049678608,0.012704975397568829,0.03601537517361672,0.02513001065925902,0.06869838603744738,0.08322297231822734,0.2764570345726068
1486670103,0.17543063821551266,0.07192625925388302,0.050436686505056366,0.028977355203948323,0.034118401316107806,0.014775971355300722,0.060386122804470886,0.041612232060773205,0.03292688827599555,0.05578337446170223,0.015991677553587845,0.036313930420477085,0.02908017612619151,0.0544587990516282,0.07140610635312332,0.22637538104224125
1516342106,0.17905254652242605,0.06575249948743925,0.051189743960828295,0.027141599430756055,0.049097290061145486,0.020894388364267883,0.044659116948273576,0.04095058914336023,0.03235162873717091,0.0411917942038424,0.0218411182266604,0.0526912454623298,0.027642099931256558,0.05830529324505228,0.06610827695165045,0.2211307693235404
1516349522,0.18454279844312985,0.0703533930064732,0.04913742373091337,0.03143680118933317,0.033986847131456416,0.015109280308896253,0.054898256264131085,0.04458966973291624,0.03947409173970949,0.049003210786591096,0.017984534539185016,0.038410712257771436,0.035762587625566535,0.05259598806537203,0.06998172639142689,0.21273267878712795
1523263873,0.12458871631102725,0.07570039192916243,0.05382372864953791,0.019499685488943725,0.035709101466105383,0.011745778293898486,0.05582571248850825,0.024211303043499298,0.018967436009096627,0.056351913678811635,0.011159094208157931,0.035080079353558814,0.018114627183432524,0.07879106788600182,0.06948879856776503,0.3109425654424929
1523271735,0.1168035505384903,0.04280183798256088,0.04060687193217314,0.019055199778091343,0.04026315472098605,0.014255219074496185,0.05515153707924792,0.032665195315797715,0.02712350905121989,0.057527406924997276,0.012645175295777706,0.04127018584849909,0.01654063702256473,0.052305317365558324,0.04188525875272863,0.3890999433168108
1523277395,0.14390090482411574,0.0654969274689118,0.06460782890598539,0.02158029709198239,0.02570523056079741,0.03558208738568733,0.03151763681230948,0.041956984564765085,0.030011612715923938,0.032303914452992695,0.03830381768036,0.027060047418590024,0.01810857889388881,0.0828252770116611,0.059037354236222,0.2820014999758069
1523281215,0.14459037350603615,0.09607197559004788,0.05396360215637324,0.02497075388641654,0.030120481927710843,0.01990544761629099,0.03401594365449787,0.03652447628351242,0.02609838754417068,0.03843602638783362,0.01704113752306524,0.033431021382828614,0.02076172558100269,0.07116755309526394,0.0716077523306439,0.2812933415343054
1889799985,0.1569818146580962,0.058954315923210265,0.06392325333505604,0.02259439904389677,0.05277948254142576,0.017663145881111578,0.06444006589360121,0.038798626139948535,0.02923221034271133,0.049231779665579206,0.017916168696232655,0.05355470137924352,0.021307751111685348,0.07556230283062546,0.060214046534664126,0.216845936022912
1894854074,0.1957589069414387,0.07898618603098721,0.052784866005577274,0.0366237066227376,0.036101510600040916,0.019122064666171387,0.0355685476490412,0.04634085941621714,0.044919624880217925,0.03829796397385791,0.01836299622080817,0.037538895528494674,0.03308677067519408,0.05152513539412341,0.07380191005308095,0.20118005534201147
19323760,0.06292192900287476,0.053080956533910435,0.03761964749076736,0.01834146236420212,0.02888766863701455,0.005501900362845484,0.11725723268408755,0.030357354350377376,0.010056311035024818,0.04383754858576397,0.004118350075906846,0.02301969271186623,0.008915016634904226,0.05841596950805904,0.03762503095491887,0.4600439290674763
1979427420,0.15031170257437254,0.11350495817048355,0.05576730514551504,0.032661477007224604,0.026082883814076682,0.014912195699688838,0.04858576396739774,0.04058055277409908,0.02728339631986391,0.04790206402015569,0.012651140756053706,0.031380212539164704,0.023897197368562724,0.061134618904572724,0.06475769027854043,0.24858684066022804
1979433292,0.13735908782583414,0.051826609386608095,0.06544139022578249,0.028430074184136005,0.03548779568676852,0.016543385337597038,0.0620982589876934,0.045393369725551,0.03314598878086071,0.04806895140885257,0.017733130915081236,0.03863712221540317,0.027897111233136297,0.06790701680717508,0.06994196625644669,0.25408874102307355
2132545386,0.17701368476587315,0.09262250072676766,0.04900029070706418,0.030007429180529087,0.04105968108358366,0.01948814022847422,0.04677153654833813,0.03749044435113106,0.02911915759552957,0.04739601838991354,0.016171926311142698,0.04685228851061081,0.020952442477685542,0.06318033528214735,0.06449928399926785,0.2183748398419415
2142285729,0.15981890026594314,0.09383916362500942,0.039934537075917605,0.02942063158801425,0.029679037867286838,0.016538001873445524,0.04341763838194602,0.03675829322652541,0.02544225158004673,0.04306771321209772,0.013598630446719856,0.035547013792435155,0.02259439904389677,0.05894354899490725,0.07667129644583696,0.2747289425799713
2356257081,0.09871607642691982,0.05683947912863575,0.03392357308019959,0.02618960691249848,0.03002920774005112,0.01211512717536814,0.04867956675185591,0.037836193257880006,0.02024461482292808,0.04154192527686504,0.0097298284045272,0.030010952902519168,0.01909456005841548,0.06276621638067421,0.05315200194718267,0.41913106973347936
2356257745,0.18966776195691856,0.09947060971157357,0.03941219423147134,0.03375927954241207,0.03437385907265425,0.02545941341122064,0.02747961543142266,0.04464524765729585,0.038901058780576855,0.03372276986734817,0.023347937203358888,0.036314956796884505,0.029140805646829745,0.04428623585250091,0.06727516125106486,0.2327430935864671
2356258145,0.17255080929779726,0.12741876597298285,0.0353717901910673,0.0276682487525861,0.03143483023001095,0.016995253742241694,0.031690397955458194,0.03206157965194109,0.027345746622855056,0.04127418765972983,0.0136485335280516,0.0338505537300718,0.02414506510892053,0.04813192162589752,0.08485456979432883,0.2515577461360594
2356259091,0.13060727759522942,0.06740294511378847,0.03770840939515639,0.024930023122794208,0.03268224412802726,0.015516611902154072,0.044529633686260194,0.036223682609224775,0.027637824023366196,0.03899841791408056,0.015108920530607278,0.03472070098576123,0.02604965315808689,0.06049653158086892,0.08529877084093952,0.3220883534136546
2356261145,0.18386880856760374,0.1052391383716685,0.040111963003529275,0.02874528416697092,0.03358281611293659,0.01890592673725204,0.03756237069490082,0.03616283315078496,0.03328465376658148,0.043105756358768406,0.017323840817816717,0.03689911159790678,0.0258123402701716,0.04895947426067908,0.07505172203967385,0.23538396008275525
2356262181,0.1582755263478155,0.0660825118656444,0.057441888767189975,0.024260679079956188,0.04467567238651576,0.017548983814044055,0.06129365948643058,0.03443470853109407,0.02940245831812097,0.05585371790191068,0.017579408543263966,0.04533284653766582,0.02480832420591457,0.06739077522210052,0.07193014482171109,0.22368869417062187
2356263285,0.15798344894730434,0.07149811366678836,0.04313618108798832,0.02567238651576001,0.04181574783984422,0.015656565656565657,0.05403431909456006,0.03142266033832298,0.024005111354508942,0.04323354022149203,0.014092734574662287,0.04393939393939394,0.025915784349519286,0.05669952537422416,0.08786661798709991,0.26302786905196546
2356264285,0.19649651236525048,0.08297664341576835,0.04160061297822871,0.03696364404988375,0.04112502642147538,0.028588036355950117,0.03222098922003805,0.04977805960684845,0.03745244134432466,0.03543119847812302,0.023581166772352568,0.04592052420207144,0.028997569224265482,0.04679243288945255,0.05930300147960262,0.2127721411963644
2356265081,0.15198977729098212,0.08035779481562615,0.05570767920165511,0.028544480954119513,0.035505658999634905,0.017110867713277352,0.055080929779724966,0.04112814895947426,0.034221735426554704,0.04811366678836558,0.016867469879518072,0.03901058780576853,0.025867104782767436,0.0677011074601436,0.07668248752586102,0.2261105026165267
2357088640,0.06549227211877814,0.04319094560058415,0.028368017524644032,0.021236460995497145,0.03406961178045515,0.010003650967506387,0.06190823901667275,0.03444687842278204,0.010958987465011562,0.033369843008397224,0.004989655592065231,0.029737130339539977,0.012358525009127418,0.0656383108190337,0.04746257758305951,0.4967688937568456
2357090456,0.19303273700864065,0.09458439819885604,0.043197030546428136,0.031757332359742,0.03428258488499453,0.01617987099914811,0.03454423755628575,0.03726420834854569,0.03493975903614458,0.04117682852622612,0.014007545332846538,0.034903249361080683,0.030065717415115007,0.04770597541681879,0.08371668492150419,0.22864184008762325
2357091390,0.18438602896434225,0.08472070098576123,0.04202263599853962,0.028453206766459776,0.04519289278325423,0.01538274309358647,0.045022514299622736,0.03090543994158452,0.02733357673116709,0.04693318729463308,0.013338201290008518,0.04774857003772666,0.02567238651576001,0.04609954971400754,0.08123402701715955,0.2355543385663868
2357092050,0.1963490324936108,0.09411585736886942,0.03977120603626628,0.03394791286357552,0.030844590483144693,0.01781063648533528,0.03571254715833029,0.041535840331021055,0.037203358890105884,0.03651576000973592,0.017707192405987587,0.03199464524765729,0.031726907630522085,0.045399780941949616,0.08120360228793964,0.22816112936594865
2357094424,0.1879822319581356,0.09307533162954848,0.038712425459413405,0.03473895582329317,0.028976512109042233,0.016946574175489837,0.035177071924059874,0.04110989412194231,0.036588779359863696,0.03610806863818912,0.017336010709504687,0.0314530850675429,0.03221978824388463,0.044608737982231965,0.08238408178167216,0.24258245101618595
2357095710,0.19965924303273705,0.07875745405865886,0.05405865887793598,0.027303152001947183,0.044852135815991234,0.020433248144091518,0.043154435925520256,0.03262747961543142,0.031191432396251675,0.04479128635755142,0.020153340635268347,0.046714129244249725,0.026682487525861016,0.05216015577461361,0.07552634781550444,0.20193501277838627
2497966897,0.17610507175280926,0.06483262038381539,0.05139123268317569,0.029276715984459006,0.03870858024933611,0.02160433264000628,0.045393299582695605,0.04393469644048506,0.03961775440524312,0.04673416794212682,0.022474261868320185,0.04186125609931583,0.03250134086835943,0.05916826916787672,0.06198736313331502,0.22440903679866045
2516194346,0.15280168292216484,0.1412794033275961,0.03161853764263403,0.025721935360489574,0.01630330847198317,0.01391279403327596,0.035172435774845405,0.026694077898897176,0.017116083381143617,0.03781793842034806,0.007729330018486645,0.020972780008924587,0.013594058774781669,0.04264677758653662,0.06259960476827947,0.35401925160961306
2579660742,0.02050537918095741,0.010838976343329523,0.007775628059683991,0.0036936065429601615,0.007782956644094626,0.0024330900243309003,0.013066866004162635,0.005562395567672149,0.003143962712162519,0.009197373435347229,0.0018541318558907161,0.00617799665816551,0.0039867499193855715,0.013140151848268987,0.010509190044850935,0.8803315451587371
2579660906,0.017953852945293242,0.007752188378177591,0.0057172389289059725,0.00240640847572596,0.005125057872239629,0.0018519116681202017,0.008382053683904519,0.003025506853149865,0.002384874619119911,0.005496516898693972,0.0014912195699688835,0.0036069209815131845,0.0027886344304833273,0.008538174144298371,0.00641708926860256,0.9170623512818028
259719624,0.14735820157506904,0.07933837451909741,0.03710336842866963,0.025537585778549636,0.03704306716354909,0.012542663145072784,0.05206411230507616,0.03243002038182761,0.02108132228614156,0.03987722662421458,0.012198945933885694,0.03895461726787028,0.025706429320887157,0.05354752342704149,0.08878155263697432,0.29643498920607353
260611919,0.1455491636214528,0.07354945306752536,0.03525814971598104,0.024898392368271887,0.034395841624757284,0.012054222897596393,0.04757769818010782,0.03393152188332911,0.025561706284597845,0.03774256183894738,0.012874320103235764,0.03575262008996949,0.02564612805576661,0.0537585778549634,0.08864285972719707,0.31280678268630074
2612111118,0.10594168203759664,0.07235456483916121,0.05168556964012402,0.025267192548696416,0.017993799301440287,0.007319178996114751,0.0722106667713198,0.035366220582656364,0.016999594469081537,0.03542508797404602,0.008234893973287286,0.01895530002747145,0.016214695917219368,0.044673809243488606,0.09691534869118167,0.37444239498711457
2829747023,0.17787503903011506,0.1028241652938833,0.04390215015558211,0.029533684335196007,0.03450262174704179,0.015159835050658398,0.04598555078221734,0.03222541641095212,0.025447635044198242,0.04675000269173207,0.013103351744780731,0.034405719392314564,0.026233620810319026,0.045969400389762806,0.08966159544343594,0.23642021167781044
2829747487,0.1801253270454472,0.05986950482896735,0.05247262508478956,0.03663985701519214,0.02694423807831864,0.015547444469567278,0.043466089559309626,0.05193966213378985,0.047869763235246617,0.05148206768091131,0.015079083088385712,0.031132573188195137,0.0356546830754654,0.06062318981017905,0.06391786987090453,0.22723602183533054
2829747841,0.11699344294066345,0.12762578463990007,0.024699333527138042,0.03217696523358851,0.02675581683301571,0.0179377025528387,0.02981362447107465,0.033883523369617884,0.0167479569753545,0.08143566221992528,0.006519375087481292,0.03868018992861527,0.017216318356536062,0.09720382871970457,0.03840024979273663,0.29391022535180933
2829748335,0.16662898241760607,0.07104019294335519,0.04828967343906457,0.026890403436803517,0.05521819180206079,0.019940351217201245,0.05585344057193922,0.0366237066227376,0.028860751316256983,0.06036478353090648,0.015978121601688253,0.05784532230799875,0.02240597779859384,0.06098388190833036,0.059821053651603735,0.21325516543385334
2829748803,0.16085252538303346,0.1114161740796968,0.03198854398828558,0.039600762298523856,0.023617257232684086,0.020091088213443586,0.02508155948189541,0.04795051519751929,0.03448108789043574,0.04867728285797345,0.012322749442811459,0.032822980931769975,0.02713804278777308,0.06042938510072461,0.05414149897175834,0.26938854614167124
2829751953,0.1592805538507919,0.08423506357871163,0.041474207823250106,0.030890317301377087,0.036209179883071166,0.017851567126414506,0.05298405417918322,0.037565812849252235,0.03286604864498207,0.061710649568784526,0.014766842167598004,0.04062900395146269,0.028936119814378155,0.0566340428739085,0.0752339115173832,0.228732624869451
2829752767,0.14950956641579724,0.042206358947855765,0.048117402586216176,0.03151479914295251,0.04814431990697374,0.02980824100692313,0.040209093747644725,0.05352240059433444,0.043229217136643086,0.03770578291719155,0.029894376433347324,0.05574038782475747,0.03161170149767973,0.0599825575761491,0.05130441336391141,0.24749938090162255
2829754583,0.11379028177051367,0.05511052251903054,0.04083895905337166,0.02716496010853064,0.03905164895506961,0.01635496409229411,0.060305565425239835,0.04019832681934171,0.021776112492866914,0.05438913832272791,0.012818028144750585,0.04378909740840035,0.021948383345715302,0.07687586808359444,0.0596272489421493,0.3159608945164034
2830583346,0.159323621564004,0.1012737276182478,0.04838657579379179,0.03814184351346405,0.028037081301075614,0.01134834243138775,0.05541199651151523,0.03861020489464561,0.02195915027401833,0.0625397030481174,0.0069285183629962215,0.03182165659958871,0.02318658010056311,0.05715623889660519,0.07682741690623081,0.2390473421837484
2830585968,0.15573285097494535,0.05343626516791025,0.08632384766949838,0.027654855346318247,0.0460124681029749,0.026572779051864292,0.05269873057915307,0.040973545657159466,0.02641665859147044,0.03972458197400863,0.021856864455139596,0.05172432356772936,0.018659086749141338,0.08429966514852978,0.04966784026185169,0.2182456367023052
2830586752,0.14920809242331254,0.06210364245184492,0.05088988662424497,0.030427339384347038,0.04026831185331137,0.022045285700442518,0.05241879044327444,0.04533415161988436,0.03736662467564628,0.052871001432001456,0.020279509458746514,0.044785038276430114,0.02781635927086361,0.068095438052478,0.06103771654984549,0.23505281178332635
2830587346,0.14892815228743392,0.056687877515423625,0.06812773883738707,0.03402887690170872,0.03866942300031224,0.02376799422892643,0.05080913466197229,0.055977260247424006,0.05384002497927366,0.04002605596649332,0.025022341376228774,0.04327766831400669,0.02896303713513572,0.06018174574975505,0.0683592277959021,0.2033334410026164
2830587782,0.16784026185169634,0.08196862517092497,0.04663694994455032,0.03170322038825543,0.04546335475952066,0.018901342635959387,0.046453912163398905,0.03350129741486052,0.02677735068962176,0.05310249039051649,0.014061608363749905,0.04688997275967139,0.02606134995747063,0.05832983408163485,0.06961357494320446,0.232694854484964
2830588252,0.15166833554055364,0.0863399980619529,0.03529399097731408,0.027493351421772883,0.049937013469427305,0.013496344627841123,0.048257372654155486,0.02635744048580381,0.017227085284839086,0.04641622791433832,0.010583890521873016,0.04796666558997384,0.022196022696684862,0.05013620164303326,0.08860643646973955,0.27802362264069685
2830589086,0.1297468695155959,0.05516974062469718,0.08040203710283493,0.02223909040989696,0.02742874985195473,0.036752909762373887,0.033528214735618074,0.04393983440464269,0.02732108056892449,0.03290373289404266,0.04285237464603722,0.02933987962574157,0.016613370371566696,0.09831820579906758,0.04874188442779159,0.2747020252592137
286430209,0.18707537926504947,0.08310453610689407,0.0386532726078577,0.02503849176868331,0.053188625816940685,0.021157014115443004,0.034303433573435835,0.03547702875846549,0.03166553613919485,0.033215973814830366,0.02181379674192749,0.05272564789991063,0.02532919883286497,0.04388061629897606,0.08101575201610732,0.2323556962434187
31732960,0.061473777146117986,0.0309818361919528,0.03628454838119233,0.009900190574630964,0.03520785555088988,0.007978293872541104,0.046846905046459296,0.01450305242417391,0.009873273253873405,0.03935312294755429,0.0067885482950569035,0.02996436146731699,0.007816789947995737,0.0966923996253109,0.028182434833166445,0.5381526104417671
31735699,0.10661118369058564,0.06943033176884243,0.04190254995887163,0.01974161707069241,0.03328172126256028,0.008520023870582732,0.062297382300285475,0.026616506185384102,0.018177126175384268,0.05557571652070128,0.007270044031547878,0.03153981387396977,0.015382816406186996,0.07300688698569377,0.05087417944871857,0.3797721004499928
31737040,0.0455279563293388,0.03113795665234665,0.017883867911323573,0.007838323804601786,0.016317279843233525,0.0037845752985130867,0.029878226040892793,0.011246056612509015,0.008102113548025884,0.02374107690816887,0.0033969658796042077,0.013431743058022977,0.007197691570571831,0.04371372891027919,0.01903592923974719,0.7177665083928206
31757769,0.1469255036230714,0.14660249577398066,0.03177858888637661,0.023471903700593256,0.035035584698041494,0.009566415797237207,0.04393983440464269,0.02299277539110867,0.018287627722686998,0.041188884223219965,0.007978293872541104,0.03374893676583007,0.019046696168050214,0.04612552085015666,0.09900728921046113,0.2743036489120019
31758569,0.1287293947909601,0.059492662338361486,0.03818491122667614,0.02080708894559471,0.040698988985432345,0.009840972468964327,0.051745857424335406,0.020532532273867588,0.015671264145052058,0.04521033194439957,0.009189573306631352,0.038583287573888035,0.017092498681051282,0.04712684518233793,0.049829344186397055,0.40726444652605054
31799359,0.1460533824305264,0.12408346522820506,0.05992333947048248,0.02401563357989599,0.014260796537355857,0.0054211484005728,0.07103480947920368,0.021200081828655102,0.012204313231478192,0.06492457766723732,0.0034131162720587443,0.01632266330738504,0.0148529775940222,0.07140626850565801,0.1014459984710962,0.24943742799616694
31800148,0.04719683021630759,0.03037350474283192,0.021609225104170036,0.008818114280177008,0.02165767628153364,0.003730740656997965,0.039100100132433216,0.010293183457691354,0.005647253894936314,0.022056052628745545,0.0037576579777555256,0.019461222907716656,0.0058572089968452895,0.05227343691118361,0.021808413277775985,0.6863593785328983
31802280,0.1270659043681428,0.17772968549802426,0.02633590662919776,0.025216146085683216,0.013103351744780731,0.006433239661057097,0.03344746277334539,0.02326194859868428,0.013743983978810685,0.03909471666828171,0.004802050023148896,0.014443834318507275,0.013932405224113613,0.04800973330318594,0.061312273221572615,0.3720673579034637
31802307,0.17034895614630102,0.08538712490713524,0.04597478385391432,0.024424776855410918,0.03729125617752512,0.012091260484296436,0.04559255789915695,0.02412330286292624,0.01995111814550427,0.04800434983903442,0.009814055148206768,0.035703134252829005,0.02032257717195861,0.06287347782551116,0.08004134500468361,0.2780559234256059
31802322,0.1224791929110544,0.15504915102770334,0.041350388147765316,0.022836654930714816,0.0160857908847185,0.007698353736662467,0.05065301420157843,0.021926849489109248,0.012979532069295951,0.06455311864078297,0.004968937411845774,0.017000979790475573,0.01256500532962951,0.08056892449153182,0.060946197659269785,0.3083379092778621
31829745,0.181352756871992,0.13202945831583707,0.03952001033625117,0.03130484404104353,0.02332655016850243,0.009905574038782476,0.044828105989642215,0.02682041840283385,0.0205379157380191,0.04862883168060984,0.0077468049140260765,0.02560913896874361,0.02345575330813872,0.04888185449573091,0.09533576665912982,0.2407162160707172
31921946,0.11246586345381526,0.10999732262382864,0.05477376171352075,0.0237429718875502,0.020546184738955826,0.006548862115127175,0.06830522088353413,0.025065595716198125,0.011319946452476573,0.061590361445783136,0.004899598393574297,0.022157965194109768,0.013504685408299869,0.08484605087014725,0.07204283801874163,0.3081927710843373
32118433,0.1369768618710768,0.06902677735068963,0.07917999074044166,0.020667118877655398,0.02633590662919776,0.029598285905014163,0.03995607093252366,0.04033829688728103,0.03222541641095212,0.054093047794394736,0.03344207930919388,0.025463785436652776,0.01698482939802104,0.12483176674526525,0.04590479881994466,0.22497496689169547
32118479,0.14144513711683193,0.06417627615017711,0.07605758153256457,0.020855540122958326,0.026648147549985464,0.02911915759552957,0.04078512441185654,0.04149574167985615,0.0337597036941331,0.05023310399776048,0.0336251170903453,0.02716496010853064,0.017587777382990406,0.11466240296305867,0.04903259149197325,0.2333516371114485
32118529,0.18030836482659865,0.08449346985798421,0.03826566318894883,0.025899846032925267,0.05589112482099982,0.006799315223359928,0.06297038018023839,0.017194784499930015,0.011773636099357214,0.05765151759854431,0.006126382204420901,0.06119383701023935,0.02635205702165229,0.05134748107712351,0.06929595055826523,0.2444361897994121
3291755114,0.12588116817724068,0.07172496633057912,0.07646295150390078,0.02409031897984688,0.030757470971499286,0.02211868622526359,0.0469794586199784,0.04395224402140283,0.029871752872517258,0.037570220458874766,0.022458413715284096,0.03118819689634672,0.018915541319355973,0.08811681772406847,0.07845278394544945,0.2514590082383916
3516536035,0.06648345648454848,0.05774760674116405,0.025570560186364798,0.022913405889418703,0.02886470352709933,0.009943095645421566,0.04533542023077203,0.034822067727101766,0.012600249942367659,0.03978451570632985,0.005623703272303717,0.02716606607699681,0.015390868610393234,0.07367233283587521,0.06166053943872165,0.4724214076851211
355399445,0.16235989534545686,0.09736533264424993,0.035180938230132325,0.0255176200781679,0.036559105052919455,0.014869127986476738,0.0383894828644336,0.03412577925643593,0.025991364923500973,0.03499790044898092,0.01407775875620444,0.03773270023794911,0.024580897315804776,0.0488764710315794,0.09467360056849379,0.2747020252592137
355400046,0.18744683829150385,0.07569150597026172,0.05048612681288155,0.034012726509254174,0.03771654984549457,0.020618667700291783,0.036725992441616326,0.04405827061597597,0.038771708819190974,0.03396965879604208,0.01847066550383841,0.03948232608719058,0.030933385014589188,0.051982729847001946,0.07610603270992819,0.22352681503493868
36031964,0.15616891157121784,0.10275956372406517,0.04151189207231069,0.02397794933083541,0.03057269291643787,0.012026658914478287,0.048305823831519115,0.026771967225470247,0.02107087868901881,0.04851577893342808,0.01173595185029663,0.031902408561861384,0.01955274179829236,0.05488441702466703,0.08246928733701561,0.28777307621908543
36535126,0.1377682311013491,0.16910537592730174,0.03334517695446666,0.025905229497076774,0.011041484974751551,0.00576030664211807,0.03984301818534191,0.0238002950138355,0.012258147872993314,0.054001528903819034,0.003461567449422355,0.013668615480689516,0.013157186386295854,0.05986412136481582,0.09405450219106992,0.3029652120546529
3725184123,0.1751295211055703,0.08413715284097113,0.05291862313301544,0.027311663572719882,0.041228357538917,0.018606146640944444,0.04844150013953093,0.032965699656632576,0.027493660442373724,0.055351314624055126,0.01642218420509834,0.04221114063504775,0.024612043339521227,0.062085198801247285,0.07276841504992781,0.21831737827442704
3799085111,0.10358655164464503,0.06255839066234728,0.03676943423239786,0.02747546075540834,0.03619917737414916,0.012181657142163821,0.05479319089045002,0.03664810298596197,0.01530593673788811,0.047470850168043775,0.007801599145828027,0.037436756087795287,0.017502032298377802,0.07544983559616109,0.0659738652495177,0.3628471590288647
394174579,0.1413805355470138,0.07708582318550339,0.064343163538874,0.02799401358786352,0.04316461556682494,0.01787848444717207,0.04722913100121666,0.041188884223219965,0.024688566598835015,0.04226019358937089,0.016591836514960646,0.04429514303864251,0.01950429062092876,0.0739957147625354,0.0593634591987252,0.25903614457831325
3970789234,0.15842144086550286,0.08088681255634783,0.03858700106548644,0.028932054749610688,0.043144004589787725,0.021604786492910415,0.038742726006065084,0.03797229735267601,0.02986640439308253,0.03994754528317351,0.019137775592164574,0.04540611425293009,0.02611261372018687,0.05346283091549873,0.07693631669535284,0.2608392754692238
4021813422,0.15818561254079766,0.07759739865807641,0.041768281585556725,0.027517926691660904,0.03732149140368119,0.024533178029337896,0.03287470122180565,0.046251471141363035,0.04188961283199262,0.028391511665999344,0.030890935342578776,0.04170761596233878,0.03254104029410694,0.04686419393586431,0.08852327739962873,0.2431417512952111
405023985,0.12449799196787148,0.08340601009937874,0.03646758616234375,0.028225502546378543,0.03395350840358754,0.015380557080870397,0.04893568913724604,0.03571390118113203,0.024058701293108088,0.07625138624201902,0.00974945357838862,0.039869935506099456,0.02320811395716916,0.08776123259795213,0.06427856196905585,0.26824186827739915
4090707851,0.16502262827746028,0.06736917458353049,0.06073842196580885,0.02474550771060071,0.0453778861670246,0.01599752484257271,0.058487727344423014,0.033687620572926145,0.026971936082699374,0.0532037515621398,0.016792244506727817,0.046554799257452775,0.021936689355609745,0.06903141265970225,0.06837015736662663,0.2257125177446948
415958652,0.1497141380535547,0.06031633235354285,0.052531843190456194,0.02612056806313727,0.03686596250955565,0.01980576461341344,0.03968689772494805,0.03745814356622199,0.03167630306749788,0.04328305177815821,0.01851373321705051,0.03930467177019068,0.026933471150015608,0.08102113548025885,0.05991257254217944,0.2768554109198187
415961769,0.16003962229615512,0.06962972533565899,0.06595820278432768,0.03162785189013426,0.04044596617031127,0.027008839648136784,0.0421309904497346,0.04885493717497335,0.04598555078221734,0.040736673234492926,0.024796235881865258,0.041048914155280634,0.030405805527740994,0.06729330189390269,0.06533910440690376,0.19869827836816434
416345703,0.1778804224942666,0.07674128147980662,0.043805247800854895,0.02359572337607804,0.06517760048235839,0.01288262971456873,0.04791283094845871,0.02594291374613736,0.022007601451381937,0.04430590996694553,0.012118177805053995,0.05767843491930188,0.02396179893838087,0.05022233706945745,0.07308590932092984,0.24268118048601914
416345707,0.15739634139776262,0.09759143813861344,0.04153342592891674,0.027552569527439518,0.03151479914295251,0.01756624352638436,0.03990761975516005,0.034868697309344616,0.025377650010228583,0.03986455204194795,0.014982180733658496,0.03472872724140529,0.020839389730503786,0.054093047794394736,0.07266599911711187,0.2895173186041754
416345714,0.19040774357483556,0.09298319282491896,0.053780806873607034,0.0278109758067121,0.04119426768737147,0.01976269690020134,0.043702961981976166,0.03227386758831573,0.029006104848347813,0.046453912163398905,0.017291686854657234,0.04425745878958192,0.024478611496926043,0.05662865940975699,0.07703737200813982,0.20292968119125296
416345717,0.17730977529420633,0.04850501200512506,0.06037555045920949,0.03310830453180012,0.03263455968646705,0.022863572251472376,0.03494406580746578,0.05846442068542265,0.050346156744942236,0.03470719338479925,0.024177137504441358,0.03521862247919292,0.031417896788225284,0.061134618904572724,0.053883092692485764,0.2409100207801716
416345720,0.19097839077489584,0.09213260548898004,0.047988199446579886,0.03523477287164745,0.03603152556607125,0.017883867911323573,0.04083895905337166,0.04188335109876503,0.03802879076628229,0.04782669552203452,0.014201578431689225,0.04066668820052328,0.03255380772419436,0.05202041409606253,0.06936055212808337,0.20236980091949566
416352187,0.17699215090926707,0.10914973567191016,0.04630855863130808,0.028919969421923618,0.03983225125703888,0.01825532693777792,0.03768963252473702,0.03548779568676852,0.031207941686316312,0.04729911603518632,0.01588121924696103,0.04193180227612865,0.024930822485653068,0.05415226590006137,0.0726336983322028,0.2193277129967592
416352193,0.1667689524855454,0.12376045737911433,0.03707591761146462,0.03398580918849661,0.02713804278777308,0.01919743316429256,0.0309818361919528,0.04184566684970445,0.031697836924103925,0.04145267396664406,0.015655113752597517,0.03286604864498207,0.02595368067444039,0.04985626150715462,0.07497550523811063,0.2467887636336229
416352197,0.19196894817877408,0.08439118403910548,0.04112428265340181,0.028225502546378543,0.03687134597370716,0.01990266696814066,0.03774885063040365,0.039595378834372336,0.03509480280370812,0.042276343981825434,0.018486815896292943,0.041630328283643964,0.0260882672782282,0.048811869461761255,0.07727962789495783,0.2305037845752985
416352200,0.1679694649913326,0.06947898833941665,0.044246691861278886,0.027843276591621176,0.0564563885569086,0.01175748570690268,0.043945217868794205,0.03062114409380148,0.01861601903592924,0.04399366904615782,0.010174747246358086,0.045662542933126604,0.022971241534502626,0.05384002497927366,0.07374807541156582,0.27867502180302983
416352209,0.06314803449723828,0.04422515800467285,0.026545861731106728,0.02467241620638048,0.02600751531595551,0.00911420480851018,0.05312402424712254,0.04003682289479634,0.010104762212388428,0.03496559966407184,0.004904335842027628,0.027541802599136488,0.014675323277022296,0.07085715516220377,0.059670316655361384,0.4904066668820053
416352213,0.11646047998966375,0.061403792112148324,0.037974956124767166,0.02355265566286594,0.0360476759585258,0.011143770793630286,0.05022233706945745,0.031094888939134563,0.01735090496032387,0.034933298879162765,0.009787137827449208,0.03360358323373925,0.018825974137838212,0.05444297296424303,0.08256618969174286,0.3805893816553075
416354018,0.13526585907663352,0.07800137881225172,0.03586006149940361,0.025518969611415688,0.029080901261722636,0.011402558462733768,0.04476215488657628,0.03346902596763074,0.019615245724040574,0.03183852576518609,0.01065296608778438,0.029846908068240263,0.021672521147259337,0.04527647374238097,0.09578915115502884,0.3519472987317116
4196545078,0.0627585872189665,0.06065349009330372,0.029198364454798044,0.021239034688603355,0.020262318154794404,0.008444654751938266,0.05262136157924751,0.03185551875174414,0.008493187250512624,0.053155219063565434,0.0036702702046858132,0.022318882781882817,0.010950144990839492,0.08153459760492118,0.05293682281998083,0.4799075455902159
