1642761792,0.157968,0.13445333333333334,0.02755733333333333,0.11141333333333334,0.17888533333333334,0.0013226666666666669,0.003504,0.04709333333333333,0.0024266666666666672,0.331616,0.00376
1642763740,0.10795865633074936,0.10966925064599484,0.041379844961240315,0.0465374677002584,0.4531007751937984,0.003338501291989664,0.006335917312661499,0.040852713178294565,0.0021705426356589145,0.1794832041343669,0.00917312661498708
1693646001,0.09680851063829789,0.1089255319148936,0.031686170212765964,0.12947340425531914,0.16807978723404254,0.0014361702127659575,0.009569148936170212,0.019367021276595744,0.017680851063829786,0.39700531914893616,0.019968085106382975
1693648021,0.19104533333333332,0.13978666666666667,0.006789333333333333,0.4237493333333333,0.03143466666666666,0.0,0.00015466666666666667,0.0036106666666666665,0.0,0.20332266666666668,0.00010666666666666668
1694496320,0.16685866666666666,0.09493866666666669,0.0049973333333333345,0.4389333333333333,0.03096533333333333,0.000176,0.0015253333333333336,0.007936,0.005610666666666666,0.247856,0.00020266666666666667
1698065985,0.2754895833333333,0.00109375,0.2457239583333333,0.43957291666666665,0.015760416666666666,0.0,0.006052083333333333,0.00459375,5.208333333333333e-06,0.011234375,0.0004739583333333333
1698067249,0.5291093333333333,0.030208,0.04425066666666666,0.15103466666666668,0.042768,0.026442666666666663,0.024,0.04018666666666666,0.02947733333333333,0.05344,0.029082666666666663
1698917908,0.6488586666666666,0.022901333333333333,0.08768533333333332,0.048416,0.03993066666666667,0.013989333333333331,0.007674666666666666,0.01321066666666667,0.031082666666666668,0.042714666666666665,0.043536
1709427114,0.13642133333333334,0.02075733333333333,0.00128,0.706288,0.0066293333333333326,0.0,0.0013706666666666667,0.008538666666666665,0.0,0.11867733333333333,3.733333333333333e-05
1709429962,0.677648,0.011242666666666666,0.05506666666666666,0.01658133333333333,0.02450133333333333,0.021498666666666662,0.011573333333333331,0.015290666666666666,0.027312,0.059781333333333325,0.079504
1712659557,0.6399466666666666,0.01454933333333333,0.12293333333333335,0.028698666666666667,0.056832,0.01728533333333333,0.008101333333333334,0.01901333333333333,0.02654933333333333,0.021066666666666668,0.045024
1712662249,0.08622933333333335,0.022490666666666662,0.21453866666666666,0.33649066666666666,0.03748266666666666,0.04509866666666666,0.055216,0.015877333333333334,0.024512,0.16202133333333332,4.266666666666666e-05
1717395294,0.08799425287356322,0.00929310344827586,0.10314367816091954,0.4534310344827586,0.26536206896551723,0.0002413793103448276,0.0058333333333333345,0.004241379310344828,0.0005459770114942528,0.026603448275862068,0.04331034482758621
1720254795,0.25536729222520105,0.060847184986595165,0.08198927613941019,0.11945844504021448,0.125656836461126,0.00193029490616622,0.007099195710455764,0.011533512064343164,0.0053994638069705106,0.31630026809651474,0.014418230563002682
1721103986,0.12668181818181815,0.0273989898989899,0.0257020202020202,0.2705454545454545,0.25555050505050503,0.0019040404040404039,0.00755050505050505,0.006904040404040404,0.006328282828282828,0.2661616161616161,0.005272727272727273
307605480,0.3636898395721925,0.0050802139037433155,0.027866310160427808,0.030566844919786094,0.019983957219251336,0.0,0.0009090909090909092,0.0012085561497326206,0.00023529411764705883,0.5504224598930482,3.74331550802139e-05
307617800,0.35113903743315505,0.3204331550802139,0.0018235294117647054,0.2877540106951872,0.002283422459893048,0.0,0.0004224598930481284,0.0015775401069518715,0.0,0.03431550802139038,0.0002513368983957219
307617851,0.21547058823529408,0.10090909090909092,0.01974866310160428,0.4908449197860962,0.037,0.00018716577540106954,0.005358288770053476,0.013989304812834223,0.004909090909090909,0.10824064171122996,0.0033422459893048127
307617886,0.11214973262032084,1.0695187165775403e-05,0.08055080213903744,0.2866684491978609,0.4937379679144385,0.0,0.00010160427807486633,0.0,0.0,0.021395721925133688,0.005385026737967914
307617931,0.2072941176470588,0.00034224598930481285,0.331096256684492,0.2714491978609625,0.07242780748663101,5.347593582887701e-06,0.002593582887700535,4.278074866310161e-05,2.67379679144385e-05,0.06435828877005348,0.05036363636363636
308604130,0.3613013333333333,0.0008,0.06722133333333333,0.4393013333333333,0.06503466666666667,0.0,0.0014133333333333333,0.00112,0.000144,0.05848,0.005184
308612787,0.349392,0.056986666666666665,0.09445866666666665,0.3446186666666667,0.078208,0.007034666666666666,0.003578666666666666,0.021296,0.010933333333333331,0.014901333333333334,0.018592
308612814,0.11984615384615385,0.008098461538461539,0.11679384615384615,0.3388553846153846,0.03189538461538462,0.0005292307692307693,0.25112,0.01696,0.018953846153846158,0.09519384615384616,0.0017538461538461538
308612827,0.267008,0.003946666666666666,0.10163733333333333,0.4821173333333333,0.05101333333333333,0.000496,0.002933333333333333,0.005498666666666666,0.014229333333333332,0.06616533333333334,0.004954666666666665
308612839,0.20690133333333333,0.024634666666666662,0.15365866666666667,0.2930986666666667,0.07319466666666667,0.0014826666666666664,0.035178666666666664,0.044085333333333324,0.015253333333333334,0.14107733333333333,0.011434666666666666
308612973,0.2860693333333333,0.430304,0.02067733333333333,0.18578133333333333,0.060048,0.001808,0.0007839999999999998,0.0022186666666666665,0.0012906666666666667,0.009322666666666665,0.001696
308613046,0.387952,0.36456533333333335,0.008213333333333333,0.142864,0.056336,1.0666666666666667e-05,0.00036266666666666663,0.003429333333333333,0.00022400000000000002,0.03527466666666667,0.000768
308613076,0.4464053333333333,0.08946666666666665,0.007248,0.14584,0.036453333333333324,5.333333333333334e-06,0.0023893333333333327,0.009989333333333331,0.0002453333333333333,0.2610826666666667,0.0008746666666666667
308613113,0.23512,0.08342933333333331,0.011717333333333331,0.453584,0.057936,2.133333333333333e-05,0.008101333333333334,0.00528,0.000304,0.14344533333333334,0.0010613333333333334
309043880,0.19794666666666666,0.22578666666666666,0.004373333333333333,0.5207093333333334,0.011466666666666668,0.0,0.0009973333333333331,0.0056,3.733333333333333e-05,0.032474666666666666,0.000608
3172446287,0.6379159159159159,2.4024024024024028e-05,0.27175375375375377,0.02106906906906907,0.029879879879879882,0.00011411411411411411,0.003129129129129129,0.0008228228228228228,0.0016156156156156155,0.03364564564564564,3.003003003003003e-05
3172459435,0.2628828828828829,0.0002042042042042042,0.17435435435435434,0.15087087087087087,0.010282282282282285,1.2012012012012014e-05,4.204204204204204e-05,0.0004024024024024024,3.003003003003003e-05,0.4008588588588589,6.006006006006006e-05
3172496917,0.134990990990991,4.8048048048048055e-05,0.7121801801801801,0.027513513513513516,0.033015015015015005,0.004066066066066066,0.0018258258258258254,0.00034834834834834833,0.0005525525525525524,0.011621621621621621,0.07383783783783784
3172500399,0.0756036036036036,1.2012012012012014e-05,0.7596516516516516,0.07239639639639639,0.03871471471471472,0.0003123123123123123,0.0010870870870870874,0.00017417417417417416,0.00012612612612612612,0.010252252252252252,0.04166966966966967
3173167500,0.16509309309309309,0.02433033033033033,0.7255375375375376,0.0146006006006006,0.02636036036036036,0.012282282282282285,0.0036876876876876883,0.004846846846846847,0.00772972972972973,0.005555555555555557,0.009975975975975977
3173195672,0.16437237237237234,0.016522522522522527,0.6745765765765765,0.031345345345345346,0.0799159159159159,0.006402402402402402,0.0014834834834834836,0.0036936936936936937,0.007543543543543542,0.0057417417417417425,0.008402402402402403
3173253844,0.027753753753753756,0.01911111111111111,0.6748528528528529,0.08995195195195195,0.04183783783783784,0.09750150150150147,0.006978978978978978,0.0034174174174174173,0.016612612612612612,0.004762762762762762,0.01721921921921922
3173282152,0.4135735735735736,0.0003363363363363364,0.3942702702702703,0.11466666666666668,0.029027027027027023,4.204204204204204e-05,0.006972972972972973,0.0025525525525525524,0.0015435435435435436,0.036420420420420416,0.0005945945945945945
3173336908,0.11705705705705705,6.006006006006007e-06,0.6981081081081081,0.0590990990990991,0.0415015015015015,8.408408408408409e-05,0.0009249249249249248,7.207207207207206e-05,0.0003723723723723724,0.008288288288288287,0.07448648648648648
3388813619,0.30031831831831834,0.0035195195195195195,0.07084684684684685,0.457015015015015,0.0030510510510510513,0.0003663663663663664,0.007987987987987987,0.0006306306306306306,0.016744744744744744,0.13867267267267264,0.0008468468468468467
3388813749,0.6801474358974359,0.038224358974358975,0.05792948717948718,0.054371794871794873,0.02903205128205128,0.012397435897435898,0.007897435897435898,0.009512820512820512,0.02532692307692308,0.04096794871794872,0.04419230769230769
3388814039,0.14372372372372372,0.013081081081081079,0.6954474474474474,0.01888888888888889,0.034558558558558564,0.010156156156156157,0.008288288288288287,0.009057057057057056,0.005363363363363363,0.02947747747747748,0.031957957957957965
3388815995,0.4226726726726727,0.01563963963963964,0.19431831831831833,0.22502102102102106,0.031057057057057056,0.005153153153153153,0.008798798798798798,0.005333333333333333,0.0025345345345345344,0.06395195195195197,0.02551951951951952
3388816457,0.07286486486486486,0.008846846846846845,0.7268708708708707,0.14081681681681682,0.01484084084084084,0.0013573573573573573,0.00042642642642642644,0.0014414414414414415,0.00236036036036036,0.004072072072072072,0.026102102102102103
3388816651,0.893373801916933,0.01823003194888179,0.00762300319488818,0.005047923322683706,0.03425559105431309,0.004498402555910543,0.0054185303514377,0.008319488817891374,0.004268370607028753,0.007079872204472844,0.011884984025559105
3388816703,0.8385878594249202,0.02274760383386581,0.03976996805111821,0.018638977635782747,0.02045367412140575,0.011092651757188498,0.0002492012779552716,0.0009584664536741214,0.0022619808306709264,0.009578274760383386,0.03566134185303514
3388816935,0.5203642172523961,0.040722044728434506,0.08237699680511182,0.12657507987220448,0.0372076677316294,0.009712460063897765,0.00394888178913738,0.00805111821086262,0.05226198083067093,0.06631309904153354,0.05246645367412141
3388817009,0.8572843450479232,0.012012779552715656,0.017789137380191694,0.014747603833865816,0.01746325878594249,0.007789137380191694,0.008236421725239619,0.003214057507987221,0.009987220447284345,0.025386581469648558,0.026089456869009583
3388817135,0.21156549520766774,0.005361022364217253,0.4508562300319489,0.26056869009584666,0.03815335463258786,0.0019233226837060704,0.001047923322683706,0.001718849840255591,0.00270926517571885,0.008645367412140573,0.017450479233226842
3389624448,0.2564153354632588,0.15578274760383387,0.018300319488817888,0.2827859424920128,0.03882428115015974,0.0,1.9169329073482428e-05,0.00011501597444089456,0.0,0.2470415335463259,0.0007156549520766773
3389624832,0.5936346153846154,0.002948717948717949,0.12764743589743593,0.1837948717948718,0.02906410256410256,8.974358974358976e-05,0.004141025641025641,0.002884615384615385,0.00045512820512820507,0.053217948717948715,0.0021217948717948717
3389625072,0.2331693290734824,0.0023130990415335465,0.579258785942492,0.08371884984025559,0.027712460063897763,0.009258785942492012,0.0030031948881789135,0.0017827476038338656,0.026249201277955277,0.03236421725239617,0.001169329073482428
3389627808,0.4131757188498402,0.0047476038338658145,0.2456932907348243,0.2563578274760384,0.03281150159744409,0.002242811501597444,0.000939297124600639,0.0009137380191693291,0.0014504792332268373,0.025527156549520768,0.016140575079872203
3389628258,0.8521597444089458,0.00913738019169329,0.034121405750798715,0.013335463258785945,0.017201277955271564,0.005578274760383386,0.005693290734824282,0.0032779552715654953,0.007955271565495206,0.01977635782747604,0.03176357827476038
347358821,0.23185585585585586,0.13186186186186186,0.001915915915915916,0.2546066066066066,0.005225225225225226,6.006006006006007e-06,0.012222222222222223,0.0004444444444444444,6.006006006006007e-06,0.35581381381381383,0.006042042042042042
347369751,0.5577357357357358,6.006006006006007e-06,0.317027027027027,0.032954954954954964,0.06291891891891893,0.0004624624624624624,0.0022762762762762764,0.0006126126126126127,0.0005825825825825825,0.004846846846846847,0.020576576576576574
347449936,0.2575687331536388,0.2459730458221024,0.02333153638814016,0.2879245283018868,0.07184366576819408,0.001045822102425876,0.007708894878706198,0.008016172506738542,0.006048517520215634,0.0882210242587601,0.002318059299191375
347451895,0.3025813333333333,0.08584,0.009248,0.44312,0.05504,0.0,0.003066666666666667,0.028784,2.666666666666667e-05,0.07170666666666667,0.0005866666666666667
347453072,0.151168,0.0002613333333333333,0.187968,0.5359306666666666,0.050757333333333335,0.003717333333333333,0.016736,0.0016266666666666669,0.0016213333333333336,0.047024,0.0031893333333333326
3567700775,0.2927253333333333,0.05885866666666665,0.01321066666666667,0.15346666666666667,0.036549333333333336,0.00016,0.006959999999999999,0.043018666666666656,0.001088,0.3930186666666666,0.000944
3567762071,0.052496,0.19205333333333333,0.0034613333333333328,0.5299306666666665,0.02988266666666666,0.0,0.008250666666666665,0.06542933333333334,0.0,0.11806400000000002,0.000432
3567766835,0.226224,0.19008533333333333,0.0392,0.316768,0.09856533333333331,0.00031466666666666665,0.011216,0.038272,0.0002453333333333333,0.06650666666666667,0.012602666666666668
3567790093,0.2541866666666667,0.05141866666666666,0.33759466666666665,0.15305066666666667,0.08706666666666665,0.0002773333333333333,0.0066026666666666655,0.024874666666666663,0.00056,0.068464,0.015904
3567803219,0.511392,0.24436799999999997,0.032288,0.043413333333333325,0.055621333333333335,5.333333333333334e-06,0.0012533333333333333,0.02744,8.533333333333334e-05,0.08178666666666666,0.0023466666666666666
3567829989,0.44217066666666666,0.08583466666666667,0.002064,0.035450666666666665,0.0073866666666666655,5.333333333333333e-05,0.0004586666666666666,0.022816,0.0013333333333333333,0.402384,4.8e-05
3568564146,0.36496,0.12583466666666668,0.00912,0.053509333333333325,0.06252266666666667,0.0,0.000528,0.023189333333333333,0.00039466666666666665,0.359552,0.0003893333333333333
3568580402,0.12570133333333333,0.14625066666666667,0.11295466666666665,0.19389866666666666,0.144896,0.00096,0.004176,0.009941333333333332,0.00011733333333333333,0.19994133333333333,0.06116266666666665
3568588428,0.9223946666666668,0.01845866666666667,0.023856,0.006149333333333333,0.007610666666666666,0.001696,0.0006293333333333333,0.013791999999999999,0.002304,0.0030346666666666673,7.466666666666666e-05
3568604796,0.2682346666666667,0.07082133333333332,0.06613866666666667,0.386896,0.09478933333333331,7.466666666666666e-05,0.004938666666666666,0.055621333333333335,0.00010666666666666668,0.05043733333333333,0.001941333333333333
3568608944,0.3576693333333333,0.345728,0.007525333333333333,0.08328533333333332,0.051541333333333335,0.00013866666666666666,0.008528,0.009354666666666669,0.0002293333333333333,0.133328,0.002672
3568617568,0.3050613333333333,0.10723733333333334,0.07516266666666667,0.09393066666666665,0.036064,0.00010666666666666668,0.0022613333333333326,0.011109333333333334,0.0007306666666666666,0.36823466666666665,0.00010133333333333332
3568621734,0.35741333333333336,0.03624,0.056730666666666665,0.305376,0.08068799999999998,0.02603733333333333,0.011973333333333334,0.008949333333333333,0.049461333333333336,0.05148266666666667,0.015648
3568637792,0.466464,0.13131733333333334,0.002368,0.12264000000000001,0.012730666666666666,0.000128,0.001328,0.025082666666666663,0.0008426666666666667,0.2368373333333333,0.0002613333333333333
3568646278,0.49783999999999995,0.08373866666666667,0.03584,0.11398399999999999,0.028464,8.533333333333334e-05,0.004416,0.030063999999999997,5.333333333333333e-05,0.20215466666666668,0.00336
4402144343,0.5482642642642642,0.11756156156156156,0.028828828828828826,0.028336336336336337,0.0650930930930931,0.02311111111111111,0.019675675675675675,0.027495495495495497,0.04834834834834834,0.0541981981981982,0.03908708708708709
4402166451,0.38627627627627625,0.0558978978978979,0.11938738738738737,0.061531531531531534,0.05043243243243242,0.05135135135135136,0.006378378378378378,0.009351351351351352,0.07666066066066066,0.07547747747747748,0.10725525525525527
4402903800,0.11123723723723723,0.2610750750750751,0.049519519519519516,0.17589789789789786,0.08878078078078076,0.0003543543543543544,0.003129129129129129,0.0017057057057057055,0.011945945945945946,0.28667267267267266,0.00968168168168168
4402907532,0.5281141141141141,0.007015015015015015,0.03986786786786786,0.02750750750750751,0.33427627627627626,0.001135135135135135,0.002858858858858859,0.0010030030030030027,0.0008288288288288287,0.04984984984984985,0.007543543543543542
4402929890,0.6691471471471472,0.07466066066066065,0.022960960960960963,0.012714714714714716,0.06512912912912913,0.01836636636636637,0.012054054054054054,0.016504504504504504,0.0444024024024024,0.02956756756756757,0.03449249249249249
4405329102,0.8215315315315315,3.603603603603604e-05,0.04692492492492493,0.000882882882882883,0.009729729729729727,0.04744744744744745,0.0005945945945945945,0.0003543543543543544,0.005279279279279279,0.01972972972972973,0.047489489489489486
4405330628,0.4743003003003002,0.0206006006006006,0.014798798798798796,0.24963363363363364,0.012948948948948949,0.0,0.003741741741741741,0.0006906906906906907,0.0,0.2227927927927928,0.0004924924924924925
4423585993,0.3375573333333333,0.208912,5.8666666666666665e-05,0.05770133333333333,0.13444266666666665,0.0,0.0012213333333333336,0.002490666666666666,0.0,0.2575946666666667,2.133333333333333e-05
4423591761,0.16713066666666668,0.2432,0.108608,0.2876586666666667,0.10074133333333334,0.0002666666666666667,0.00819733333333333,0.03472,0.0036106666666666665,0.030416,0.015450666666666666
4423592469,0.4012373333333333,0.016309333333333332,0.053077333333333324,0.3581173333333333,0.095632,5.333333333333334e-06,0.005114666666666666,0.004192,0.0003893333333333333,0.06269866666666667,0.003226666666666667
4423593135,0.310464,0.03592,0.10630933333333334,0.306064,0.06223466666666666,0.0016853333333333336,0.013888,0.08536533333333332,0.010010666666666666,0.06589866666666665,0.00216
4424351668,0.226512,0.048469333333333336,0.015056,0.41945066666666664,0.08109333333333332,0.0,0.006666666666666667,0.015040000000000001,0.00016533333333333333,0.185968,0.0015786666666666664
4424352348,0.4292533333333333,0.024736,0.07925866666666667,0.27841066666666664,0.0804,0.0033226666666666665,0.004794666666666666,0.003562666666666667,0.003488,0.08261333333333333,0.01016
4424354946,0.07616,0.19277866666666665,0.18885866666666667,0.094624,0.07757333333333331,0.012522666666666666,0.05197866666666666,0.04671466666666666,0.053248,0.024096,0.18144533333333326
4424355700,0.5232853333333334,0.0017173333333333333,0.12729066666666666,0.13666133333333333,0.151488,0.015306666666666666,0.005845333333333334,0.012421333333333331,0.015882666666666666,0.004858666666666666,0.0052426666666666654
4881459899,0.8803626666666666,0.04157866666666666,0.02823466666666667,0.007573333333333333,0.0052,0.0035146666666666672,0.0008266666666666666,0.004608,0.0048533333333333345,0.021824,0.001424
4881460063,0.9588000000000002,0.0006666666666666666,0.031909333333333324,0.0008319999999999998,0.0010613333333333334,0.0003093333333333333,0.0006613333333333333,0.0015093333333333332,0.0010453333333333332,0.0027466666666666672,0.0004586666666666666
4881460225,0.9931466666666666,1.6e-05,0.004149333333333333,3.2e-05,0.00010133333333333332,0.0005226666666666666,5.333333333333334e-06,0.00031466666666666665,0.000336,0.00023466666666666666,0.0011413333333333336
4881494463,0.7314453333333331,0.027146666666666663,0.13754133333333332,0.03253866666666667,0.010896,0.0021813333333333333,0.0021386666666666668,0.015312,0.010042666666666668,0.02878933333333333,0.001968
4881495115,0.9726186666666666,2.133333333333333e-05,0.022698666666666662,4.266666666666666e-05,0.0038666666666666663,0.0,0.0,0.00018666666666666666,0.0,0.0,0.0005653333333333334
4881495417,0.7918666666666667,0.0010453333333333332,0.17147733333333334,0.005429333333333335,0.006192,8.533333333333334e-05,1.0666666666666667e-05,0.005024,0.00208,0.003568,0.013221333333333331
4881496733,0.42402666666666666,0.06490133333333334,0.196992,0.04728,0.052517333333333326,0.01704,0.01711466666666667,0.035941333333333325,0.04719466666666666,0.0644,0.032592
4881498167,0.7177973333333333,0.028282666666666668,0.03423466666666666,0.11609066666666665,0.009536,1.0666666666666667e-05,0.007861333333333333,0.042165333333333326,0.001008,0.042373333333333325,0.00064
4881498543,0.522352,0.091952,0.16888533333333333,0.124992,0.02734933333333333,0.0,0.0011413333333333336,0.010997333333333331,0.0003413333333333333,0.051888,0.00010133333333333332
4881501233,0.39797866666666665,0.046293333333333325,0.0014986666666666664,0.288496,0.010181333333333334,0.0,0.0006506666666666666,0.003114666666666666,0.0,0.2514826666666667,0.000304
4881502983,0.7561866666666666,0.004234666666666667,0.18589333333333333,0.03066666666666666,0.006512,5.333333333333334e-06,0.003504,0.010565333333333331,0.00011200000000000001,0.001312,0.001008
4882069104,0.8680746666666666,0.03010666666666667,0.068864,0.006864,0.003386666666666667,0.003237333333333333,0.0008213333333333333,0.0048053333333333325,0.004496,0.008629333333333331,0.0007146666666666666
4882105602,0.3194773333333333,0.051205333333333325,0.191232,0.272096,0.02174933333333333,0.013850666666666669,0.008837333333333334,0.024624,0.013253333333333334,0.069952,0.013722666666666666
4882108290,0.3366613333333333,0.020629333333333333,0.09333333333333331,0.20474133333333333,0.06585066666666667,5.333333333333334e-06,0.003232,0.0016,0.0006826666666666667,0.2714026666666667,0.0018613333333333331
4882108722,0.376048,0.10447999999999999,0.01192,0.4168266666666666,0.01954133333333333,0.0,0.0011466666666666667,0.015077333333333331,0.0,0.05460266666666666,0.0003573333333333333
5652448759,0.3031891891891892,0.4374714714714715,0.025003003003003003,0.17492492492492492,0.009447447447447445,0.0001021021021021021,0.003021021021021021,0.00042642642642642644,0.00039639639639639637,0.04472072072072072,0.0012972972972972972
5652456005,0.5740840840840841,0.014594594594594596,0.14243243243243242,0.16266666666666665,0.029285285285285286,0.0008708708708708709,0.01479279279279279,0.014048048048048049,0.0023903903903903906,0.04247447447447447,0.00236036036036036
5652457927,0.4608108108108108,0.16169969969969966,0.14171171171171174,0.1125045045045045,0.017453453453453453,0.0,0.0018018018018018016,4.8048048048048055e-05,0.0,0.10314114114114116,0.0008288288288288287
5652463155,0.4087507507507507,0.12590390390390394,0.025741741741741743,0.00578978978978979,0.06094294294294295,0.06396996996996997,0.04151351351351351,0.07618618618618618,0.06085885885885886,0.06296696696696696,0.06737537537537536
5652464583,0.309981981981982,0.003921921921921922,0.24819819819819816,0.31580180180180173,0.0423963963963964,0.004606606606606607,0.006324324324324325,0.003423423423423424,0.010090090090090088,0.05165165165165165,0.003603603603603604
5652465827,0.07204204204204204,0.00019219219219219217,0.35908108108108105,0.008696696696696699,0.0191951951951952,0.2096216216216216,0.0009489489489489488,0.0007807807807807806,0.006858858858858858,0.005573573573573572,0.317009009009009
5652466389,0.2004144144144144,0.005249249249249249,0.43733333333333335,0.1806066066066066,0.041129129129129124,0.0251951951951952,0.019183183183183183,0.009843843843843843,0.009657657657657656,0.035075075075075075,0.03631231231231232
5653016770,0.3778918918918919,0.4818918918918919,0.01559159159159159,0.09944144144144144,0.0060780780780780785,0.0,0.0010030030030030027,0.0004864864864864865,1.2012012012012014e-05,0.017453453453453453,0.00015015015015015014
5653019042,0.5578018018018018,0.0,0.0,0.333015015015015,0.0,0.0,0.0,0.0,0.0,0.10918318318318318,0.0
5653019748,0.5723783783783783,0.0,0.0,0.3608468468468469,0.0,0.0,0.0,0.0,0.0,0.06677477477477478,0.0
5653021618,0.5902762762762763,0.062414414414414414,0.06316516516516517,0.2575195195195195,0.02153153153153153,0.0,0.00024024024024024023,0.003891891891891892,2.4024024024024028e-05,0.0008948948948948948,4.204204204204204e-05
5653022524,0.6308168168168168,0.0007147147147147147,0.144,0.15434834834834835,0.022342342342342343,0.00021021021021021022,0.002738738738738739,0.0006846846846846848,0.0005165165165165165,0.042522522522522525,0.0011051051051051053
5653025092,0.16893693693693693,0.011465465465465466,0.3655375375375376,0.25006006006006004,0.03796996996996997,0.0005225225225225224,0.013609609609609608,0.0007567567567567568,0.0005405405405405405,0.14421621621621622,0.006384384384384385
5653025752,0.10871471471471472,0.0007987987987987989,0.6822522522522522,0.08869669669669669,0.02210810810810811,0.008366366366366366,0.014762762762762763,0.0004864864864864865,0.005993993993993993,0.04445645645645645,0.02336336336336336
5653035956,0.2218875,0.04208125,0.4058625,0.209125,0.04738125,0.0134,0.00766875,0.00645,0.00129375,0.03399375,0.01085625
5898162139,0.12536533333333333,0.02328,0.002992,0.6519413333333334,0.04431466666666666,0.0,0.0033226666666666665,0.0037653333333333328,0.0,0.14493866666666666,8e-05
5898163583,0.18540266666666666,0.020832,0.01637333333333333,0.6243573333333333,0.03952,0.0,0.0022133333333333328,0.004698666666666667,5.333333333333334e-06,0.10654933333333333,4.8e-05
5898164801,0.2208,0.016464,0.016768,0.482752,0.04024533333333333,0.00056,0.014976,0.005445333333333332,0.00376,0.197632,0.0005973333333333333
5898168125,0.571488,0.00592,0.192784,0.0776,0.09155733333333331,0.000176,0.001264,0.030298666666666668,0.0061653333333333326,0.02205333333333333,0.0006933333333333333
5898170771,0.35074666666666665,0.0037546666666666666,0.013114666666666669,0.2409333333333333,0.019264,0.0,0.00037866666666666664,0.0019146666666666667,0.0,0.36989333333333335,0.0
5898171817,0.11056,0.062832,0.053477333333333335,0.5775626666666666,0.035658666666666665,0.0,0.001056,0.00168,2.666666666666667e-05,0.15699733333333332,0.00014933333333333332
5898175457,0.575184,3.2e-05,0.045413333333333326,0.343872,0.012032,6.4e-05,0.0,0.001168,0.0002773333333333333,1.6e-05,0.02194133333333333
5898178647,0.033861333333333334,0.037813333333333324,0.2447413333333333,0.5657333333333333,0.03134933333333333,0.0,0.0033066666666666665,0.001962666666666667,0.00010666666666666668,0.081088,3.733333333333333e-05
5898183199,0.054272,0.034592,0.02411733333333333,0.5779626666666666,0.14660266666666666,4.8e-05,0.004368,0.000944,8.533333333333334e-05,0.15627733333333332,0.0007306666666666666
5898725970,0.19204266666666667,0.020416,0.011024,0.39327466666666666,0.043653333333333336,0.0008533333333333333,0.001648,0.003792,0.001152,0.331968,0.000176
5898733584,0.3616693333333333,0.028181333333333333,0.21948266666666666,0.195536,0.11962133333333333,0.00016533333333333333,0.0013653333333333336,0.034512,0.004522666666666667,0.034085333333333336,0.0008586666666666666
5898734700,0.08845866666666667,0.0022293333333333327,0.533168,0.08714133333333332,0.14087466666666668,0.00328,0.001136,0.010592,0.013370666666666666,0.013722666666666666,0.10602666666666667
5898739182,0.090768,0.028704,0.007418666666666665,0.6352426666666666,0.033045333333333336,0.000848,0.009088,0.0012906666666666667,5.333333333333334e-06,0.19347733333333333,0.00011200000000000001
5898741904,0.17936,0.013328,0.030512,0.37794133333333335,0.02453333333333333,0.00010666666666666668,0.0010346666666666666,0.0023466666666666666,6.4e-05,0.370528,0.0002453333333333333
5898744892,0.2310666666666667,0.07635733333333332,0.02074666666666667,0.37029866666666666,0.06869333333333333,3.733333333333333e-05,0.004085333333333333,0.001941333333333333,0.00022400000000000002,0.22632,0.0002293333333333333
5962728317,0.4291445783132529,0.1441144578313253,0.00686144578313253,0.2006746987951807,0.1911024096385542,0.0,0.0018433734939759035,0.00491566265060241,0.020734939759036144,0.0005120481927710842,9.638554216867468e-05
5962728323,0.43168674698795173,0.15413855421686748,0.00408433734939759,0.3696204819277109,0.01790963855421687,0.0001807228915662651,0.0068734939759036145,0.010084337349397588,0.003686746987951807,0.0012530120481927714,0.0004819277108433735
5965409463,0.28334939759036143,0.20439759036144575,0.0019036144578313246,0.38019277108433736,0.12392168674698795,0.00022891566265060239,0.0012469879518072287,0.001951807228915663,0.0022469879518072287,0.00036746987951807224,0.00019277108433734936
5965409469,0.4520963855421687,0.12496987951807227,0.0017048192771084336,0.397921686746988,0.00989156626506024,6.0240963855421675e-06,0.0017469879518072287,0.002801204819277108,0.0018433734939759035,0.006765060240963856,0.00025301204819277106
5965483139,0.1916121212121212,0.0003636363636363636,0.5749757575757576,0.15010909090909091,0.019012121212121213,0.006975757575757576,0.0037818181818181813,0.0010242424242424245,0.007224242424242422,0.025951515151515156,0.01896969696969697
5965483149,0.29980722891566264,6.0240963855421675e-06,0.6276024096385542,0.03376506024096385,0.01563855421686747,0.010873493975903616,0.0002048192771084337,0.0008795180722891568,0.0010421686746987953,6.0240963855421675e-06,0.010174698795180723
5965483157,0.3707327327327327,6.006006006006006e-05,0.3823543543543543,0.09809609609609607,0.010792792792792792,0.007843843843843843,0.01912912912912913,0.014612612612612612,0.09557357357357356,3.003003003003003e-05,0.0007747747747747747
5965597991,0.4581927710843374,0.002801204819277108,0.4381566265060241,0.007554216867469878,0.016530120481927712,0.049168674698795184,1.8072289156626505e-05,0.0016024096385542168,0.009656626506024096,5.421686746987952e-05,0.016265060240963854
5965598001,0.4894294294294294,6.006006006006007e-06,0.36373573573573575,0.016084084084084085,0.0861021021021021,0.0003663663663663664,0.00016816816816816817,7.207207207207206e-05,0.0003903903903903904,0.002042042042042042,0.0416036036036036
5965598007,0.1770843373493976,0.0,0.5471506024096385,3.012048192771084e-05,0.04653614457831325,0.22272289156626507,0.0,5.421686746987952e-05,9.638554216867468e-05,1.2048192771084335e-05,0.006313253012048193
5966004664,0.22934939759036144,0.0013433734939759035,0.39194578313253015,0.15769879518072288,0.16043373493975904,0.0007771084337349397,0.00045783132530120477,6.626506024096386e-05,0.00025301204819277106,0.013156626506024095,0.04451807228915663
5966004670,0.13980722891566266,0.0018072289156626509,0.6949638554216867,0.022650602409638555,0.027018072289156626,0.0016987951807228914,0.0018072289156626509,0.00255421686746988,0.0013373493975903615,0.012927710843373495,0.09342771084337348
5966004674,0.08221084337349399,0.0009457831325301203,0.1328132530120482,0.0006867469879518072,0.3066144578313253,0.0028674698795180717,0.000427710843373494,0.00026506024096385544,0.0008192771084337348,0.005427710843373494,0.466921686746988
5966004680,0.6155212121212122,0.021339393939393936,0.08576363636363635,0.05084242424242425,0.04743636363636364,0.00529090909090909,0.020175757575757576,0.007375757575757574,0.01887878787878788,0.03964848484848485,0.08772727272727272
5966004686,0.0871987951807229,0.007246987951807229,0.6226506024096387,0.014174698795180725,0.024909638554216868,0.009921686746987951,0.0007951807228915662,0.0003072289156626506,0.005512048192771084,0.0027590361445783127,0.22452409638554216
6182579297,0.19345066666666666,0.027504,0.004224,0.5995893333333333,0.013349333333333331,0.0,0.0004906666666666667,0.007856,0.0,0.15337066666666666,0.00016533333333333333
6182584791,0.300656,4.8e-05,0.4761066666666666,0.09400533333333333,0.02862933333333333,0.05184533333333333,0.0014186666666666664,2.133333333333333e-05,0.013130666666666669,0.02629333333333333,0.007845333333333331
6182593345,0.231424,0.059242666666666666,0.16987733333333332,0.3937333333333333,0.05534933333333333,2.133333333333333e-05,0.006544,0.005973333333333333,0.0006453333333333334,0.07587733333333335,0.001312
6182610457,0.25932266666666665,0.11999466666666668,0.013162666666666666,0.4507253333333333,0.056128,7.466666666666666e-05,0.002272,0.004042666666666667,0.002464,0.09013866666666669,0.0016746666666666668
6182614679,0.3876373333333333,0.30901866666666666,0.0004906666666666667,0.187584,0.05847466666666666,0.0,5.333333333333334e-06,0.0008213333333333333,0.0,0.055898666666666666,6.933333333333333e-05
6182651249,0.3114826666666667,0.03458666666666667,0.0038346666666666663,0.18609066666666665,0.111248,0.0,0.0016533333333333333,0.005034666666666666,5.333333333333333e-05,0.337456,0.00856
6183093216,0.33519466666666664,0.261424,0.00014933333333333332,0.041098666666666665,0.13849066666666668,0.0,5.333333333333333e-05,0.0005973333333333333,0.00033066666666666666,0.22266133333333327,0.0
6183102058,0.262064,0.01248,0.004592,0.5590026666666666,0.004517333333333332,0.0,0.0007146666666666666,0.001536,0.0,0.15507733333333334,1.6e-05
6183109810,0.2671306666666667,0.014431999999999999,0.2786826666666667,0.38351466666666667,0.0015946666666666668,0.00032,0.010970666666666668,0.0010293333333333333,0.0006186666666666666,0.04053866666666666,0.001168
6183112194,0.42836266666666667,0.007162666666666667,0.18157333333333334,0.318864,0.011104,0.0009706666666666666,0.0015306666666666667,0.000496,0.002906666666666667,0.04657066666666667,0.0004586666666666666
6183133216,0.15670933333333334,0.046,0.005056,0.623792,0.07314133333333332,0.0,0.000128,0.0017813333333333331,0.0,0.08943466666666665,0.0039573333333333335
6183151602,0.35728,0.2575306666666667,0.015984,0.15849066666666667,0.066336,6.4e-05,0.0003573333333333333,0.001808,0.00021333333333333333,0.14084266666666667,0.0010933333333333333
6183154066,0.39664,0.02810133333333333,0.038501333333333325,0.31648,0.084256,0.00023466666666666666,0.0016746666666666668,0.0040746666666666665,0.000416,0.12365866666666668,0.005962666666666666
6183169258,0.24850666666666665,0.085568,0.007978666666666667,0.35917866666666665,0.10366933333333334,5.333333333333333e-05,0.002048,0.0012106666666666667,0.000192,0.18881066666666665,0.002784
6183176212,0.2858986666666667,0.02789333333333333,0.033424,0.49992,0.009376,0.0,0.0033066666666666665,0.011408,3.733333333333333e-05,0.12736,0.001376
6393466521,0.28074666666666664,0.050112,0.13399466666666668,0.254608,0.09976533333333332,6.933333333333333e-05,0.004192,0.03530666666666667,0.0006826666666666667,0.10806933333333334,0.032453333333333334
6393466943,0.2585444126074499,0.03354727793696275,0.2896733524355301,0.21468767908309452,0.08313467048710602,0.012137535816618913,0.004303724928366762,0.004744985673352436,0.004601719197707736,0.05064756446991404,0.04397707736389685
6393467375,0.209824,0.029968,0.118096,0.05546666666666666,0.03844266666666666,0.048485333333333325,0.007957333333333334,0.009418666666666669,0.20961066666666667,0.134976,0.13775466666666664
6393467823,0.2567093333333333,0.05419733333333333,0.17301333333333332,0.087648,0.046469333333333335,0.061525333333333335,0.010608,0.00496,0.08862933333333335,0.106528,0.10971199999999999
6393468353,0.254032,0.133648,0.09953600000000001,0.014773333333333331,0.05309866666666666,0.027418666666666668,0.04375466666666666,0.017946666666666666,0.138144,0.043376,0.174272
6393469081,0.39428266666666667,0.10723733333333334,0.046528,0.022938666666666663,0.07600533333333331,0.02552,0.02106133333333333,0.011504,0.099376,0.036970666666666666,0.158576
6393469545,0.093936,0.01835733333333333,0.6315626666666667,0.05477866666666667,0.10196799999999999,0.012192,0.004832,0.003456,0.009008,0.02186133333333333,0.048048
6393469985,0.26560533333333336,0.12468266666666665,0.148544,0.11860266666666665,0.054864,0.038128,0.013568,0.013856,0.07702399999999998,0.072176,0.07294933333333335
6393470559,0.4137333333333333,0.02509333333333333,0.12484266666666667,0.023776,0.05666666666666665,0.09668266666666665,0.010405333333333334,0.008032,0.08233066666666665,0.04056,0.11787733333333332
6393471141,0.2767733333333333,0.112704,0.07487466666666667,0.012442666666666666,0.10894933333333333,0.05058666666666666,0.029130666666666662,0.037056,0.16170133333333336,0.04904,0.08674133333333332
6393471307,0.08823333333333333,7.222222222222222e-05,0.4771388888888889,0.3430888888888889,0.014688888888888887,0.002322222222222222,0.01695,0.00024444444444444443,0.0012111111111111114,0.03283888888888889,0.02321111111111111
6393471475,0.3593394495412844,0.0,0.3881284403669725,0.23696636085626915,0.015266055045871559,0.0,3.0581039755351684e-05,0.0,9.174311926605505e-05,0.00014678899082568806,3.0581039755351684e-05
6393472425,0.2053733681462141,0.03298172323759791,0.11351436031331592,0.4997597911227154,0.07306527415143603,0.009629242819843342,0.017759791122715404,0.0017180156657963447,0.03827676240208877,0.0026840731070496087,0.005237597911227154
6393476483,0.2090918635170604,0.5950498687664042,0.01712335958005249,0.14190551181102362,0.0049396325459317575,3.1496062992125985e-05,0.00046719160104986883,0.0028923884514435697,0.00015748031496062994,0.02817847769028872,0.00016272965879265093
6393480825,0.029802197802197807,0.21342307692307688,0.22782417582417586,0.3483571428571429,0.011032967032967031,0.11505494505494505,0.005543956043956044,0.004631868131868132,0.011203296703296705,0.001340659340659341,0.03178571428571428
6669384621,0.30807207207207205,0.0,0.20616816816816816,0.18716516516516515,0.046024024024024016,0.0,0.033483483483483484,3.003003003003003e-05,0.0,0.21854654654654654,0.0005105105105105105
6669385265,0.7027447447447448,0.11603603603603604,0.01806606606606606,0.012804804804804806,0.007261261261261261,0.008108108108108109,0.00472072072072072,0.0030150150150150146,0.011645645645645646,0.08353153153153153,0.032066066066066067
6669386079,0.8146906906906906,0.0019759759759759763,0.003231231231231232,0.07494894894894896,0.01354954954954955,0.0,0.0029009009009009013,0.0016816816816816818,4.8048048048048055e-05,0.08628828828828829,0.0006846846846846848
6669386945,0.5493093093093093,0.031303303303303304,0.04195795795795796,0.028060060060060055,0.07933333333333335,0.04646246246246246,0.013009009009009007,0.014348348348348347,0.06818018018018017,0.0735195195195195,0.05451651651651652
6669387549,0.7277717717717717,0.041375375375375376,0.010888888888888887,0.004426426426426426,0.025867867867867867,0.02176576576576577,0.02049249249249249,0.03145345345345345,0.028768768768768768,0.05336936936936937,0.03381981981981982
6669388585,0.6686186186186186,0.06164564564564565,0.009489489489489487,0.0021861861861861864,0.03036636636636637,0.03864864864864865,0.021705705705705704,0.0364984984984985,0.05455255255255255,0.035483483483483486,0.040804804804804806
6669389539,0.6518858858858859,0.04219219219219218,0.07102702702702704,0.023135135135135137,0.06390990990990991,0.020054054054054055,0.009927927927927929,0.007861861861861863,0.02783183183183183,0.04827027027027026,0.03390390390390391
6669391935,0.050606606606606604,0.03665465465465465,0.2935975975975976,0.18365765765765765,0.04070870870870871,0.02780780780780781,0.04018018018018017,0.01640840840840841,0.028786786786786787,0.15068468468468468,0.1309069069069069
6669392599,0.7502296072507552,0.051975830815709965,0.01101510574018127,0.013117824773413896,0.03775830815709969,0.007474320241691844,0.009546827794561934,0.003232628398791541,0.0285619335347432,0.0731963746223565,0.013891238670694864
6669393537,0.6738078078078078,0.010036036036036035,0.0687987987987988,0.015543543543543543,0.061315315315315325,0.025963963963963964,0.025213213213213213,0.003189189189189189,0.008582582582582585,0.04846246246246246,0.05908708708708709
6669394175,0.4103543543543544,0.0,0.2693453453453453,0.041027027027027034,0.10128528528528527,0.0,0.0008888888888888888,6.006006006006007e-06,0.0,0.1495915915915916,0.0275015015015015
