1642761792,0.13935096956189366,0.08157024882371308,0.0408551094458262,0.022540564402381644,0.02756871991989405,0.012484253367356826,0.038873994638069696,0.02853774346716625,0.021867631383442616,0.041032763762826094,0.011359109359690776,0.02981362447107465,0.018524500145353527,0.052187301484759405,0.0616998826404815,0.37173358312607
1642763740,0.18249100297293067,0.07108433734939759,0.054065613101757684,0.03109581181870338,0.040911698743024034,0.020502790382308456,0.05127523079330308,0.03881500026078339,0.03270745318938089,0.05242789339174881,0.01903718771188651,0.043733375058676256,0.028341939185312682,0.06215511396234288,0.06201950659781985,0.20933604548062376
1693646001,0.13635826729377404,0.05520477632454954,0.054340356076713274,0.021986341086270216,0.040735133045551195,0.01507634817344243,0.058189979168008936,0.028456070270386363,0.023430620879238882,0.05332560187273157,0.015382385155595644,0.04241028284260035,0.020644073620685956,0.0612718252689904,0.05825440800635698,0.3149335309151043
1693648021,0.10653337209427524,0.04375679662349129,0.03964921347588746,0.015423624794082496,0.031170257437255725,0.009711769329328036,0.04181874952894689,0.02021490788892837,0.015439775186537032,0.03950385994379663,0.0100939952840854,0.03369510212431495,0.015073699624234204,0.044725820170763486,0.04154419285721976,0.491644863636853
1694496320,0.1101402930757884,0.03933697255509976,0.04147959128740162,0.014782992560052544,0.03748506088697955,0.009684852008570477,0.046965341257792566,0.01885827492274729,0.016317279843233525,0.04368142812537011,0.010147829925600527,0.03796957266061565,0.01636573102059713,0.04466660206509685,0.04364912734046104,0.468469050464593
1698065985,0.1494196682016022,0.052950019975188715,0.07440232132719359,0.02059021426018209,0.052235118484408836,0.015659496625244438,0.0744864273849324,0.030425366387014024,0.02709266384911373,0.06584978658087849,0.016495300574023843,0.05053197081519797,0.023066086334868268,0.08589856809436698,0.06166551020837276,0.19923148089741166
1698067249,0.14148820483004404,0.08485954542028705,0.056467155485211626,0.02799401358786352,0.028101682870893763,0.01346404384293205,0.07903463720835081,0.03298986832046685,0.02434402489313824,0.06942515369790153,0.012721125790023364,0.03379738794319369,0.026222853882016,0.06646424841456981,0.09381762976840337,0.2088084240447043
1698917908,0.15694951387318712,0.0747493997437471,0.047869763235246617,0.02965212054652928,0.035756968894344134,0.015181368907264447,0.05477136427748528,0.03669907512085877,0.0257383421083799,0.04840272618624632,0.014648405956264737,0.04276085575546153,0.027068057753803415,0.061931371598996525,0.08112880476328908,0.2466918612788957
1709427114,0.15097925212916008,0.05449680760575815,0.08771278142058851,0.019025162311444167,0.04949018594485179,0.015542061005415763,0.08282459597101542,0.02500619098377424,0.02148540542868525,0.07063643313199178,0.01402930757884083,0.051245195258244766,0.020941675549382515,0.1004392906747634,0.052138850307395804,0.18400680469868752
1709429962,0.15486072978240034,0.06369176437654102,0.0618344692442693,0.02734261442553054,0.042400163657310204,0.01822840961702036,0.06268505658020823,0.03483101306028402,0.027288779784015414,0.05567040279078782,0.017264769533899674,0.04650236334076251,0.027186493965136685,0.07309129278508136,0.06843459629402328,0.2186870807627292
1712659557,0.15571670058249082,0.06148454407442101,0.06420857693508619,0.027374915210439613,0.04268548725734035,0.016554152265900058,0.06958127415829538,0.03605844288682882,0.026965771934924686,0.0566771105871206,0.01679640815271811,0.04823583879754945,0.026987305791530733,0.06813312230153859,0.06915598049032591,0.21338436857348966
1712662249,0.17057506164066452,0.06319110221045038,0.06044553549317915,0.02633590662919776,0.04714299557479248,0.018406063934020264,0.06167296531972394,0.03440033592816306,0.03034120395792285,0.05939575998363428,0.018669853677444358,0.04802050023148896,0.02611518459898576,0.06470923910117682,0.06937670252053793,0.20120158919861755
1717395294,0.17281263783457526,0.09777839682429139,0.050107946235810295,0.02580263249529912,0.034258420967105414,0.014897741254033476,0.05229008519627643,0.031176730041553493,0.02637138147967593,0.04782134317617289,0.014404438563502563,0.0360517213362119,0.024920491213408547,0.05602177496111614,0.09662929173340762,0.2186549666875595
1720254795,0.14560668550211628,0.07014039987443034,0.05490966561664448,0.023203325431104472,0.04112406499312615,0.014721960618755343,0.06630294763961507,0.029238246787689843,0.02373374901222139,0.0638240292707217,0.013379664209398241,0.042092899901492765,0.023950248433085443,0.07376676517390315,0.07857305231708504,0.2354322952186103
1721103986,0.16148349744154286,0.07757425641652906,0.049405744806637716,0.02883106028173608,0.034901025421482886,0.014993986096670946,0.059598801296556786,0.03506411432532159,0.030273377775059625,0.05206613255050659,0.015870588954803987,0.03762257150429128,0.02844882066336412,0.06304405439014944,0.08799156014922635,0.22283040792612072
307605480,0.11282225676901153,0.05628967482834564,0.046103769918383206,0.02417735457960876,0.04323746599300427,0.0146823854558017,0.05471347756617869,0.03181003584229391,0.017230211167249643,0.06425163017662044,0.010072548257546316,0.04620093276331131,0.020074923349311224,0.08665846180420607,0.04922917476357041,0.32244569676555684
307617800,0.13324264801140046,0.043690892602668736,0.06684803731053245,0.021958802953750484,0.05734767025089605,0.012485425573260786,0.07811352938636265,0.028868160815304224,0.01923284535993436,0.08021872435980482,0.010693310877920284,0.059998056743101436,0.01947575247225461,0.08769486548343913,0.04588785248520966,0.2342434253141599
307617851,0.15136891652632034,0.050157619726216685,0.07488556376041801,0.02005333160599387,0.06254588245454938,0.012053590706913676,0.07938204430625727,0.021991190568726518,0.018477134343826918,0.0868150019432569,0.010876840696117804,0.06342574599473161,0.018984540311784773,0.08766247786846308,0.044856846741805935,0.1964632724446172
307617886,0.17226432612169107,0.0645485166472341,0.06413827352420434,0.02250399447251371,0.05353132961955348,0.018137064386578573,0.06163902923522045,0.027669819061191,0.02534870665457529,0.05823832966273696,0.01622079716716328,0.053466554389601406,0.022498596536684373,0.07281275640195188,0.06324761411236343,0.20373429200673665
307617931,0.17434253141598652,0.06848361186682213,0.0653258194066589,0.02395603921060586,0.03729433864490219,0.017041283413222783,0.05775251543809647,0.0380176620460336,0.034028587468152176,0.05302932158742497,0.017408343049617827,0.03835233406745261,0.02559701170272488,0.07355227361057132,0.07302867383512544,0.20278965323660236
308604130,0.14840595626473724,0.04543105397461159,0.07198229916986984,0.01970347879453471,0.06286271089720813,0.01412082646941654,0.10244193933912596,0.0338027714073452,0.029614436297468693,0.07608988231747364,0.016252678273415377,0.0609085134102092,0.02165767628153364,0.06938208598468942,0.051562819643184,0.17578087147517685
308612787,0.15095771827255405,0.08066582684625903,0.07612218310238272,0.020597133843685736,0.027671005738772785,0.013571713125962294,0.08279767865025785,0.02556068779138,0.021916082560806228,0.07238605898123325,0.01283956200135663,0.032193115626043045,0.021232382613564176,0.08782583416777028,0.0789808025668357,0.19468221411113626
308612814,0.17008591642110238,0.07421015330672535,0.05942656073209245,0.026377957651037585,0.043150931900978524,0.01775523145212429,0.062429283698260535,0.031419796834396406,0.028671963395377174,0.05661655911571985,0.015933703855670358,0.04461810088651821,0.02660176308950974,0.06523928531463315,0.07281136931627438,0.2046514230295796
308612827,0.13867265307880314,0.06728253496559966,0.08323912271068187,0.019821915005867972,0.047460619959731686,0.014449217782658784,0.06228668023299633,0.024021017044047504,0.02257824865144223,0.06645886495041829,0.012823411608902095,0.04788591362770115,0.022217556553290916,0.11064633870603056,0.06695952711650892,0.1931963780053189
308612839,0.1582576956620046,0.07326894710208125,0.07406569979650506,0.02389181390441121,0.036079976743434876,0.013765517835416734,0.08235623458983385,0.029679037867286838,0.02371415958741131,0.06476307374269195,0.014266180001507369,0.039073182811675655,0.024365558749744286,0.07326356363792975,0.07891620099701756,0.1902731569710477
308612973,0.13474272424819922,0.0851502524844687,0.03577311928679867,0.03077726455419533,0.029668270938983818,0.013738600514659171,0.04925331352218525,0.037199737286949405,0.02143695425132164,0.04468813592170289,0.010486988167145795,0.03255380772419436,0.0233588509534115,0.05929885762890705,0.08174790314071298,0.31012521937616416
308613046,0.13824197594668214,0.08165638425013727,0.04084972598167469,0.02743951678025776,0.03614457831325301,0.01546130904314308,0.04728296564273178,0.03506250201879905,0.022540564402381644,0.050916803945002524,0.01175748570690268,0.038664039536160724,0.02449476188938058,0.06977507886774982,0.06860686714687167,0.2911054405288715
308613076,0.14252721341128594,0.06490842727478276,0.05139593225448712,0.02376261076477492,0.040381364600493116,0.017760048235838797,0.04750368767294378,0.031670919603346365,0.02616901924050088,0.04917256155991257,0.015251353941234103,0.042690870721491865,0.02160384164001852,0.058798195462816415,0.054954402058636685,0.3114495515574362
308613113,0.17323449293151158,0.05628950116821172,0.06952743951678025,0.03047579056171065,0.03827104665310034,0.0243709422138958,0.04745523649558017,0.04779439473712545,0.04125348579303811,0.045969400389762806,0.02376261076477492,0.040106807928766,0.026567395587712785,0.07225147237744542,0.05245109122818351,0.21021889165240049
309043880,0.15551751240888487,0.040042206358947854,0.07001195129041636,0.02159845817586701,0.06840767897326573,0.01773851437923275,0.0647361564219344,0.029070706418165962,0.022879722643926917,0.061366107863087736,0.016947145148960452,0.0695920410865984,0.019676561473777145,0.07750573338932136,0.045091895733066316,0.2198176082345468
3172446287,0.14008905713488395,0.057856804862956364,0.05314308593892185,0.022937672138705883,0.056103568351957685,0.017586964170882926,0.060532158846867835,0.037564153896552974,0.030727138159890317,0.05797206954707045,0.017502032298377802,0.053555612176803886,0.024284448974144314,0.07269561630206625,0.0596585738725294,0.2377910433273881
3172459435,0.12500758320290226,0.06650165617151385,0.03720622671956709,0.025728290806731457,0.031964716873536435,0.01619165483687014,0.04203521032771569,0.03642364018005557,0.02193062279328796,0.041040294106941363,0.01425642145621762,0.03648430580327352,0.019928657227095692,0.059852703866826826,0.057201616132202524,0.36824639949526206
3172496917,0.13003069680534826,0.05617030053749743,0.054241133719166695,0.021287567187177715,0.04319392373117849,0.018211820090027784,0.05065579538698601,0.035434790521603025,0.02398718742037637,0.055266382751550006,0.016137055775973987,0.04865989638311554,0.01724117011854063,0.07962969703587763,0.04682172799961174,0.3030308545359687
3172500399,0.13469588323080842,0.059506909814484525,0.043297055290649,0.023592860869459716,0.04004537788616702,0.015609264853977844,0.048556764823645036,0.03512539584319149,0.0248668389570366,0.045966342712238685,0.014141156772103518,0.045068491488613055,0.020868974386973882,0.0618304031837319,0.0574624783120397,0.3293658015748796
3173167500,0.14635581601329792,0.061800070372122935,0.06382630218760238,0.01916427037454956,0.055405913684951284,0.017453499799803443,0.08259624601123526,0.033044564966815904,0.028312646355816005,0.07968429609677381,0.016355452019558597,0.05706208519880125,0.020086387847462358,0.07689974399107001,0.054677926206335915,0.18727477887380334
3173195672,0.13894854341838653,0.08005435639840326,0.065640204321819,0.017526298547664982,0.053367548744828255,0.01520887174073939,0.07052985355318556,0.02543102925296352,0.02243414746599692,0.07188876351326758,0.013601232725463788,0.05321588468678338,0.018145087904488044,0.084525412829566,0.07398172751428675,0.19550103738215704
3173253844,0.15515839794222205,0.0576990742425897,0.06568267025807156,0.019473665052961088,0.05761414237008456,0.017775027602858564,0.06655625523241,0.0327048374767954,0.029993084118953156,0.06317718001917033,0.018333151336463682,0.05839672890959609,0.02239168152974436,0.07826472051347384,0.05787500454992175,0.19890437884468387
3173282152,0.15679030320678486,0.04699765830694378,0.06579186837986387,0.023319865564978948,0.054350331840959006,0.020802242201434132,0.06317718001917033,0.03790994794889528,0.033875684004901783,0.05901551826641915,0.02154236280469309,0.057007486137905086,0.025801089554593,0.07834358582365715,0.05108045474951165,0.20419442118928888
3173336908,0.125723437556874,0.05428359965541926,0.05154151348596804,0.02048678096070081,0.04280566374258363,0.01388636115458814,0.06271005472039214,0.031442992513862095,0.020862907824652083,0.05882745483444352,0.011993593710188185,0.049909608221405256,0.017623363544813697,0.0719736953857727,0.056121768038923055,0.30980720464941336
3388813619,0.17498392360984724,0.05533311493708975,0.052627428141569295,0.032316577488200535,0.042144408449508,0.02182142467149565,0.04648200050959123,0.0458328783411592,0.03882599885948628,0.036666302672927364,0.022209684660090517,0.04340625341244131,0.029932418495735205,0.05415620184666157,0.06728424271102536,0.2359771411931715
3388813749,0.09850369218810727,0.052603964244073056,0.03251068791294209,0.016971110247441374,0.04183184350304443,0.01237206892084467,0.060046638165565484,0.026622619510299258,0.016116077212074104,0.031241093405881586,0.01148464827050136,0.031007902578054157,0.0165954139137194,0.06700997538541262,0.04724057520404198,0.4378416893379972
3388814039,0.1416602967762288,0.047070457054805316,0.06433589342263313,0.019746660357441853,0.06018029823220375,0.015093607056625291,0.08286317475339423,0.03127919533117364,0.02852497603707883,0.08356082942040062,0.013200839612225335,0.06352297407151264,0.022021621228114883,0.08895400332447616,0.048672029507759125,0.1893131438139264
3388815995,0.146471080697412,0.05023113602446038,0.07412125844768803,0.01742316698819447,0.06629539305257283,0.01834528446110727,0.07768839709290333,0.0253400308181366,0.025309698006527617,0.0682912920564433,0.01700457418799064,0.06548247370145234,0.019467598490639296,0.08743736274402747,0.04608160739635278,0.19500964583409167
3388816457,0.19095111564081094,0.08581759060410828,0.04508669117557845,0.030721071597568518,0.033869617442579984,0.018885208507747,0.04126475691284776,0.04156201846661571,0.03780681638942477,0.038389206372317054,0.019473665052961088,0.03771581795459785,0.02987781943483905,0.05191157378759752,0.0847498756354724,0.2119171550249336
3388816651,0.08353026252921654,0.02836426090212942,0.03932772892211935,0.01259701184157853,0.07139813272382133,0.01182866514288666,0.08169010446932423,0.02321827502937796,0.01292630328387505,0.042078280969537314,0.008509923940133526,0.03385890830201836,0.014198272188432188,0.08522837330027505,0.029745993620785394,0.42149950283448906
3388816703,0.15625847441211793,0.07842947352109404,0.05552111984917161,0.02162992807241829,0.045358282002608497,0.016755123387440438,0.06161623987913066,0.029332765144177996,0.02355402316662147,0.05500458425341236,0.014772918038714344,0.047488991335115374,0.023276385283900875,0.07394207053293558,0.07021010085357507,0.22684952026756544
3388816935,0.16076524748511734,0.06869923423597929,0.05530159222097393,0.020325675693126204,0.047521274809850335,0.01732976923772259,0.05767119926651945,0.03408489262516303,0.02863544208990302,0.036473869755549525,0.019311974586448687,0.04146489494957322,0.023831661049342062,0.06524490243933935,0.0656193907462648,0.2577189788091272
3388817009,0.13877374449566754,0.043163005720631725,0.0639148232802593,0.02162992807241829,0.07031340797272692,0.015476697787936313,0.08460853058536397,0.029558749467322662,0.020551660016270876,0.060383011144255476,0.014275752527796072,0.06320458683609034,0.021242526375598855,0.07877167835328451,0.0508852128772324,0.22324668448714471
3388817135,0.15629721458179988,0.05505623781298829,0.0783842766564651,0.02029339221839125,0.0572256873151771,0.01353323260889216,0.08967703611875155,0.024793708596443653,0.01946047857022947,0.07176616433579977,0.01328787820090652,0.054281434419349434,0.01873087204121954,0.08189026201268094,0.055643797053164426,0.18967832745774094
3389624448,0.12706775655677371,0.046468833533490884,0.06035718436446751,0.02171386510672917,0.0498650550756079,0.017019847880267048,0.06765324965456682,0.03391056186159429,0.024341739950154314,0.05377781221348416,0.015993233383695554,0.04877387362956649,0.01922803755213781,0.07463939358721057,0.0560699389196658,0.28311961673058794
3389624832,0.1412100012955046,0.04469490866692577,0.07822904521311051,0.01552014509651509,0.07169970203394221,0.017651250161938074,0.08950641274776526,0.02495789610053116,0.02136287083819148,0.06963984972146653,0.01588288638424666,0.06798160383469361,0.016116077212074104,0.0891501489830289,0.0403290581681565,0.1960681435419096
3389625072,0.17306525135913428,0.07636333113805703,0.05218946525652449,0.018427407378710986,0.06292049225842276,0.015063469311328915,0.054643009336380895,0.023289298673794857,0.02021591187902736,0.05672206510931185,0.014559847105463656,0.060873719960226766,0.018362840429241082,0.06851199008251656,0.06604553261276618,0.21874636810909232
3389627808,0.15765312052066788,0.05244127635945712,0.07498159841940108,0.020325675693126204,0.0673239582122703,0.014753547953873371,0.08729451568331201,0.028538591665698162,0.022817959942664546,0.061745373778070475,0.01436614625705394,0.06382442955100144,0.01814976949599039,0.06576789473004559,0.055030411033200326,0.19498573070416714
3389628258,0.13059311199783055,0.04225261173310606,0.06310773641188548,0.018750242126060516,0.06920285644184457,0.016393548470408966,0.07795813478996372,0.027434496829762785,0.017962525342527666,0.05827812859153656,0.013068350572708842,0.06142253903072095,0.019208667467296842,0.09167861155231859,0.04456410852412866,0.24812433011789925
347358821,0.14284934299130056,0.13123794270738542,0.03411834649777357,0.028312646355816005,0.02905276695907497,0.013479901479027894,0.03740642327618632,0.03240757592302745,0.016355452019558597,0.043927977772115656,0.008851114427498514,0.034185078683313316,0.015506133294507337,0.04880549387883862,0.05841492859656147,0.3250888751380143
347369751,0.15508559919436052,0.04485616180735025,0.05812980016743712,0.022482679964571275,0.06372317062813185,0.017508098860699598,0.06659872116866257,0.030284279110399305,0.02225821715866487,0.05587910554605127,0.015221004865382982,0.06984433201082274,0.02356859462017253,0.0721738919423919,0.04853856513667965,0.2338477778182215
347449936,0.15290430012733866,0.04484605087014726,0.0576615404708264,0.022393095416897945,0.06259727255907097,0.017245132290680337,0.06354959131920636,0.032112188591765435,0.024912658765141867,0.05923422688042141,0.01585746781162591,0.06356591678366584,0.02048845789662716,0.06955192041880258,0.04848118762312121,0.2445989921746607
347451895,0.17077424981427047,0.05087373623179043,0.07230530701896055,0.01898209459823207,0.06170526610463301,0.023848746191199116,0.057080870398484015,0.03394274147528452,0.03242460458455808,0.04975397568827589,0.0233157832401994,0.06027326464033076,0.020624051164443297,0.07807099712523016,0.049592471763730515,0.19643183996037766
347453072,0.16630059110436385,0.06239973298017808,0.058480571077877186,0.023202730493017645,0.05449680760575815,0.019025162311444167,0.0590135340288769,0.031724754244861486,0.026475876697137076,0.05290330221691054,0.017883867911323573,0.055029770556757854,0.023348084025108483,0.06890834113935636,0.06637811298814561,0.21442876061888305
3567700775,0.12200544806572132,0.04971090797506379,0.04263703607997674,0.018669853677444358,0.046572348374732175,0.010993033797387943,0.05102985669218429,0.023821828870441552,0.018018454515111384,0.04866651592967042,0.010223198423721696,0.04609322006524758,0.016198843631900255,0.04865036553721589,0.04387523283482455,0.402833855529356
3567762071,0.15774626656761093,0.055255876051121366,0.07270368336617246,0.02250826361747257,0.053097106926364976,0.015439775186537032,0.0724937282642635,0.03249997308267924,0.030465023633407626,0.06000947489690666,0.01521905315632503,0.05314555810372859,0.0240640847572596,0.07200921649062739,0.06706719639953918,0.19627571949998385
3567766835,0.150064063223403,0.04482272252549071,0.06565134532769144,0.02234675969292721,0.06053167091960335,0.01588121924696103,0.06896755924502299,0.03096030233534675,0.02328886591944184,0.06992581586399216,0.014992947661961518,0.06278734239908697,0.019455839443565142,0.07897003563853269,0.04556025711424788,0.2257932534427253
3567790093,0.14483133606813312,0.04607706967279305,0.08064429298965298,0.01996188507380729,0.05018465282039687,0.020010336251170904,0.07398494783423236,0.037054383754858575,0.034001959580951154,0.06481152492005557,0.02113548025883696,0.050906037016699504,0.0226536171495634,0.09121203311907145,0.05459909342463688,0.18793135006513992
3567803219,0.14917579163840347,0.05999332450445213,0.06493534459554035,0.02380567847798701,0.047805161665428475,0.021221615685261156,0.05046459295627551,0.041861817242158976,0.03829796397385791,0.04221712587615879,0.022325225836321155,0.04569484371803568,0.02401563357989599,0.07024344024893138,0.06265813925945067,0.23528430074184134
3567829989,0.11366646209502893,0.05304865574900137,0.040262928389159854,0.01911668120201988,0.03511095319616267,0.011773636099357214,0.04840810965039784,0.025549920863076968,0.01743165692259655,0.05150898500166888,0.010196281102964135,0.03866942300031224,0.01636573102059713,0.056127997243666364,0.045953249997308265,0.4168093284666817
3568564146,0.1300591104363836,0.07424335411350495,0.035509329543374574,0.018465282039686896,0.02857542771622684,0.01161751563896336,0.04331535256306728,0.0254314846517437,0.016898693971596844,0.037242805000161514,0.01105763536720609,0.029722105580498936,0.015455925578991569,0.044106721793339576,0.07365117305683862,0.4046480829484157
3568580402,0.13527030373504742,0.07242912669444534,0.054211484005728006,0.020882457443715884,0.04631932555961111,0.010643108627539649,0.07001195129041636,0.024198671361047402,0.01621499402435479,0.07350043606059625,0.00862969303487408,0.04705686014836828,0.017490875028263186,0.08263079126156099,0.0616568149272694,0.25885310679716184
3568588428,0.1371975839012888,0.04640007752188378,0.056031094888939134,0.02048408109650398,0.06279810932739,0.018034604907565917,0.06944668755450756,0.03058345984474089,0.02257824865144223,0.05377542340945552,0.01715710025086943,0.05974568515348256,0.02320811395716916,0.07799024516295745,0.05303250535654683,0.25153697901525673
3568604796,0.17291686854657234,0.07757033495913952,0.06599050356923672,0.024505528817683603,0.0354339610452534,0.017227085284839086,0.052165767628153364,0.04048365041937186,0.03716205303788882,0.048090485265458616,0.01878828988877763,0.03709745146807068,0.02559298857628907,0.06759477588638738,0.07705890586474584,0.20232134974213206
3568608944,0.1140163872648772,0.08546787686940793,0.03735047428319175,0.02413945325538077,0.024489378425229063,0.011116853472872723,0.04902720802782174,0.032822980931769975,0.016618753835718206,0.04556025711424788,0.008807347351873981,0.026298222380137168,0.016683355405536355,0.058975849779816326,0.0778395081667151,0.37078609343540386
3568617568,0.12231230552235753,0.048117402586216176,0.051487451145062826,0.02437632567804731,0.04747677035218623,0.01653261840929401,0.06204980781032979,0.034604907565920516,0.019773463828504367,0.05610646338706031,0.013087201352326196,0.05107292440539638,0.017264769533899674,0.07421643679274739,0.043805247800854895,0.3177159038297964
3568621734,0.15907598221303446,0.05343626516791025,0.07383421083799004,0.019681944937928655,0.06396632104826815,0.014858361058173713,0.08063890952550147,0.02649202708959161,0.022890489572229937,0.07229454009065754,0.014298480786416443,0.05988565522142189,0.019821915005867972,0.0732043455322631,0.05763536720608978,0.18798518470665504
3568637792,0.13139420954595862,0.05294636993012264,0.055923425605908884,0.021113946402230903,0.04329920217061274,0.014330781571325515,0.059325774949664616,0.028015547444469567,0.020984743262594613,0.06158682989329975,0.013851653261840928,0.04487655716700582,0.017916168696232655,0.07105634333580972,0.049990848110942426,0.31338759865198057
3568646278,0.145008990385133,0.05331244549242546,0.06224361251978424,0.02025797560214047,0.05142284957524468,0.016941761684808942,0.058432119900513585,0.029442165444620305,0.024602431172410826,0.05214961723569883,0.01662952076402123,0.05142284957524468,0.02085015665880681,0.07260139754729372,0.0474660034238832,0.27721610301797
4402144343,0.13474441572938278,0.04335165435154515,0.05098945631468472,0.016549582013856028,0.06688384959778691,0.014371686140331718,0.08458001189046215,0.0260255523604994,0.019419065992064936,0.04967301229085527,0.013916693966197114,0.047828777345029674,0.020814375326077723,0.08927553112753127,0.041762215023234926,0.27981412053046023
4402166451,0.15602591635423874,0.060435093849719124,0.05471432558026668,0.01812082165520086,0.0541198024727308,0.015930792657032962,0.05947657700287555,0.0268324051492981,0.023350198376587927,0.046591198631383536,0.015403001735036824,0.049697278540142435,0.020814375326077723,0.0666593867918805,0.05401060435093849,0.2778182215265897
4402903800,0.17047646780475376,0.09289726883364274,0.05308242031570391,0.024096385542168683,0.045917810213664326,0.016458583579029108,0.047707446098593766,0.030605806913454426,0.025018503015081475,0.04296339436295029,0.016276586709375266,0.04046397068637086,0.02259794464868537,0.06090221914849731,0.09216321479270556,0.21837197733532315
4402907532,0.1294361736978124,0.02509736832526481,0.07378759751998931,0.013225105861512515,0.0934857253788568,0.012151324330554849,0.10151178733059124,0.020213785656220045,0.015675997039517588,0.08568412623302879,0.01159320059694973,0.07693007680267899,0.014147223334425313,0.10188184763222073,0.0292529635156942,0.19592569674468266
4402929890,0.10207597762651817,0.049751877601038594,0.03542265739695944,0.015700263288804767,0.03990584695276574,0.012005726834831773,0.04826556983219889,0.02241594777903153,0.01657384826314321,0.03442167461386331,0.010028027517926693,0.02861597447190575,0.015324136424853491,0.054398864339533365,0.03448234023708126,0.480611266819544
4405329102,0.1211553161285626,0.0823414503937199,0.04125869035052597,0.027020468581273736,0.033736153071500505,0.01311590773972021,0.06146034288210243,0.03205571530836336,0.016792244506727817,0.055466579308169235,0.009209041604484405,0.036466106116308135,0.021475630619153346,0.06676858491367281,0.07856198206724177,0.3031157864084737
4405330628,0.14068964680474166,0.035816983947876094,0.06340770938739854,0.01924313568473289,0.060714155716521674,0.016428250767420133,0.06539147526662542,0.030448076293087763,0.02522476613402249,0.059094383576602474,0.017289702617114985,0.06256445722466907,0.019965056601026463,0.06588893337701258,0.03457940523422997,0.2832538613669178
4423585993,0.1261722493189918,0.04664233340870183,0.04524801619346017,0.02109779600977637,0.04240554712146172,0.017103265609354306,0.044855023310399776,0.03017970003337748,0.025479935829107316,0.059557263908179635,0.013717066658053124,0.04819277108433735,0.02327271552698731,0.08236161805398537,0.04318076595927948,0.330533931974547
4423591761,0.17060736242557362,0.05966493319120988,0.058324450617483335,0.02839777339922693,0.04765980813333764,0.02368185880250224,0.05651560666257524,0.04330996909891577,0.03990761975516005,0.054475273749152106,0.024263272930865557,0.049226396201427686,0.0283816230067724,0.06241588337263264,0.059018917493028414,0.19414925116013654
4423592469,0.17099497184448248,0.08421352972210559,0.061931371598996525,0.025065409089440875,0.04072052284203839,0.017103265609354306,0.07184771256608201,0.03233308569398236,0.02868309699925708,0.0557511547530605,0.015649730288446014,0.043579142306491375,0.02498465712716819,0.05926655684399796,0.08164023385768274,0.1862355588574136
4423593135,0.14990794276300914,0.05273641482821366,0.08296456603895473,0.016376497948900157,0.0685745663619626,0.014244646144901322,0.07825941837053307,0.022955091142048085,0.01880982374538368,0.07890005060456302,0.013824735941083369,0.06607663899566092,0.015606662575233913,0.09636400831206864,0.04802588369564048,0.17637305253184318
4424351668,0.16184308278691173,0.05529356030018196,0.07341968409832358,0.021517706213594324,0.05434607060951581,0.018303778115141528,0.0623189810179054,0.03387275644131486,0.03272069511289125,0.05969723397611895,0.01936432055298944,0.05091142048085102,0.023493437557199303,0.07825403490638155,0.06141455904045135,0.19322867879022795
4424352348,0.15118920723106904,0.053549317915092,0.06876837107141703,0.023628024160987117,0.0575599987079686,0.01915436545108046,0.07192846452835472,0.03259149197325495,0.030604993701346943,0.07309667624923286,0.017819266341505432,0.057856089236301776,0.02351497141380536,0.08070351109531963,0.05250492586969863,0.18553032505356548
4424354946,0.17079040020672506,0.0561495311002724,0.06827309236947793,0.02419328789689589,0.04764904120503462,0.021528473141897347,0.05660712555315095,0.042545517189401034,0.039988371717432726,0.052364955801759316,0.02196453373816984,0.049818577258094035,0.025684507466864775,0.0743940911097473,0.05825446558351367,0.18979402866156314
4424355700,0.17781582092444848,0.0675624751014783,0.0529732872508802,0.02567912400271326,0.048461944291912966,0.021307751111685348,0.05137978186203258,0.03584848778491984,0.032246950267558167,0.048225071869246426,0.021646909353230617,0.05135824800542652,0.026981922327379226,0.06010099378748236,0.06840229550911421,0.21000893655049152
4881459899,0.13850038222595476,0.0432346006007946,0.05969723397611895,0.024564746923350242,0.05541199651151523,0.02162537549662457,0.07381806044553549,0.04294927700076445,0.03606382635098033,0.0703403426036586,0.02107087868901881,0.05890048128169514,0.02672889951225815,0.07726347750250331,0.045888648427490124,0.20394177245173725
4881460063,0.1422257394188012,0.04470966977830895,0.05467446192275806,0.026890403436803517,0.05414149897175834,0.021980684130624373,0.062351281802814476,0.03976764968722074,0.03190779202601289,0.05546044768887884,0.020602517307837246,0.05669864444372665,0.02739106560289415,0.07203075034723344,0.04931253162785189,0.2398548618064752
4881460225,0.14162279143383186,0.042114840057280056,0.056547907447484315,0.028726164712469176,0.05194504559794137,0.022659000613714914,0.055858824036090736,0.04262088568752221,0.030637294486256017,0.04939328359012457,0.02138311960980652,0.055158973696394165,0.028128600191651323,0.07139011811320349,0.05233803848100176,0.2494751122452276
4881494463,0.15402629283891595,0.0496247725486396,0.07768877117047276,0.021054728296564275,0.061339190542330176,0.0177169805226267,0.06954897337338631,0.03269916125628519,0.024909288629047014,0.061274588972512034,0.018540650537808068,0.05996102371954305,0.020451780311594902,0.08062814259719844,0.05380772419436458,0.19672793048871087
4881495115,0.12454644314523508,0.05644023816445407,0.03854021986067594,0.030104331535256306,0.040262928389159854,0.018556800930262605,0.04859653089570076,0.04261011875921918,0.025598372040440586,0.04418209029146075,0.015595895646930888,0.04347685648761265,0.026841952259439902,0.06356256123690472,0.062087492059390376,0.3189971682978563
4881495417,0.156454235171248,0.05347394941697083,0.051164443295972084,0.02756871991989405,0.04758982309936798,0.02306276042507833,0.05613876417196938,0.04187796763461352,0.03529399097731408,0.04885493717497335,0.023073527353381355,0.05549274847378791,0.029614436297468693,0.06721793339578151,0.05410381472269776,0.22901794846948115
4881496733,0.15228205045382606,0.05032462288833618,0.06596896971263068,0.02131851803998837,0.05970800090442197,0.01645186644702133,0.08478417692216587,0.03419038082625408,0.029679037867286838,0.07168620864153664,0.01659721997911216,0.06013329457239144,0.02476393509695619,0.07649364212883705,0.05026002131851804,0.18535805420071708
4881498167,0.13460813764441146,0.04559794136330846,0.06168911571217847,0.021926849489109248,0.053910010013243324,0.018212259224565826,0.09578797764785683,0.03963844654758444,0.03395889186773905,0.08253388890683377,0.01658645305080914,0.05563810200587874,0.023348084025108483,0.07375345887571734,0.04637316020112622,0.1964372234245292
4881498543,0.12127868040526718,0.035089419339556616,0.07701045468738224,0.015789700356385328,0.06522605165972199,0.015170601978961425,0.09838819083303725,0.02735876481798508,0.024774702025259214,0.1070932523660325,0.014163894182628638,0.06344412502557145,0.018233793081171876,0.11153461029103008,0.034970983128223346,0.1704727758217858
4881501233,0.14281253701131605,0.08585548628831681,0.027186493965136685,0.02174381170795784,0.019708862258686215,0.012554238401326485,0.02673428297640966,0.027870193912378737,0.02226062426650301,0.025000807519622727,0.012575772257932534,0.02223370694574545,0.02031181024365559,0.033264424992193974,0.09056601742088999,0.40932092983192825
4881502983,0.1635927086361532,0.06300806442929896,0.05624643345499962,0.029113774131378063,0.04519418155194505,0.0238002950138355,0.05092218740915405,0.041732614102522686,0.03487408077349613,0.052402640050819904,0.021980684130624373,0.04837580886548876,0.027870193912378737,0.0628034927915415,0.06163528107066335,0.21644755967570006
4882069104,0.13903334517695445,0.03547164529431398,0.07839400497432086,0.022244473874048477,0.05594495946251494,0.022287541587260568,0.07584762643065558,0.03698439872088892,0.027159576644379124,0.06016021189314901,0.022007601451381937,0.05961109854969476,0.02320811395716916,0.09022685917934473,0.04179183220818933,0.20962671059573412
4882105602,0.1523035843104321,0.065888217750358,0.06289501168211721,0.024866220915834927,0.04803126715979198,0.01650570108853645,0.07424873757765646,0.031735521173164506,0.0278540435199242,0.07253679597747559,0.014276946929810394,0.05146053382430527,0.02483930359507736,0.07484630209847434,0.06517221701820687,0.1925395953788344
4882108290,0.13550179269356247,0.05215500069985034,0.04950095287315482,0.018416830862323288,0.046168588563368765,0.012096643948447948,0.0701196205734466,0.02433864142898673,0.02040332913423129,0.057920690806119925,0.011606748710660336,0.04800434983903442,0.018088439549081042,0.05217653455645639,0.04949556940900331,0.3340062663522724
4882108722,0.17365978659948106,0.07071718509426445,0.06530680362199467,0.023364234417563013,0.03686596250955565,0.0197896142209589,0.04766519159748915,0.04035444727973556,0.03809877580025194,0.04388061629897606,0.02220678962498789,0.03840024979273663,0.02560913896874361,0.06913983009787138,0.07255294636993011,0.2123884277054599
5652448759,0.1279437993666509,0.04966087916621168,0.04981254322425655,0.02357466118249433,0.0520511047209988,0.01316444023829457,0.05837246266030891,0.02978682100001213,0.017556631359273954,0.053646610611630806,0.010695349373324113,0.05484172338902438,0.017677962605709845,0.07076038292141375,0.05319161843749621,0.3172630097428991
5652456005,0.13879687936034166,0.03912932697557602,0.07305961004137396,0.014571882696950946,0.08135260073526736,0.013219039299190721,0.0857933243548211,0.02111770344216746,0.018757810698989314,0.07582596246011235,0.011004744051735644,0.06523981120858055,0.015281670488600928,0.09273347165095427,0.03389995025418896,0.2202162122811488
5652457927,0.15785801817542072,0.05866972421407685,0.0586211917155025,0.02146349749450976,0.05485992307598976,0.015609264853977844,0.061108482267438334,0.03003555005520572,0.02189422341935719,0.05155364661061163,0.01489947706232786,0.05541198024727309,0.02006818816049697,0.06305584877273444,0.06331671095257162,0.2515742729225057
5652463155,0.1533626954949708,0.09979495019352334,0.03630230893361967,0.018897341632390586,0.03922032541040294,0.006855215423628047,0.06498501559106516,0.013953093340127884,0.010009827830961307,0.05216030284279111,0.005817833266601148,0.03246217498392361,0.019831592229946977,0.05166891129472573,0.08388235722345576,0.3107960543078659
5652464583,0.1498016234120773,0.04431623776071052,0.08061248013200839,0.014784212378213762,0.07529817153811622,0.013225105861512515,0.09745325713731057,0.0223370824688482,0.02109343719288028,0.07843458425848407,0.01334643710794841,0.07106371103750349,0.017696162292675233,0.0779553258350623,0.039226391972724726,0.183355779613924
5652465827,0.17324888678581396,0.08761935961368131,0.056109634914279484,0.02859170822261857,0.04047610381101445,0.016149188900617575,0.057644475181693536,0.037200160157245296,0.03391208337883255,0.0555029786821,0.016300852958662446,0.04213227532486441,0.026644341717322464,0.060368361664179374,0.08304517162304807,0.18505441706402648
5652466389,0.14440238294567997,0.0407672988024606,0.09190841917519017,0.014638614882490688,0.0758866280833303,0.012594183380045865,0.10381101445055144,0.02102670500734054,0.018211820090027784,0.07375726470838034,0.012648782440942016,0.07062691855033425,0.01597325859328553,0.08309977068394422,0.04136182190999648,0.17928511629599972
5653016770,0.12349700918477535,0.05001273978087577,0.054926655261529504,0.02348366274766741,0.0488297601281258,0.013856028342979169,0.05387107341753722,0.029428893823026242,0.015760928912022715,0.05093485725378857,0.010719615622611292,0.050783193195743696,0.016428250767420133,0.07672988024605977,0.05065579538698601,0.33008165592885136
5653019042,0.17427413581819726,0.051711377230978295,0.07584416214707773,0.02173042623666873,0.06599206493648309,0.017404967301229087,0.06350477438454726,0.023853723049296886,0.02256154527475461,0.06109028258047295,0.01637365170652398,0.06255232410002548,0.02015918659532389,0.07808272364381999,0.048289836081486064,0.19657481891311473
5653019748,0.15976898530678604,0.03621131049879275,0.07335687159514188,0.018066222594304716,0.08383989128720319,0.012939977432388164,0.08799548647763257,0.0237202586782174,0.02171829311202514,0.07467331561897135,0.01275798056273432,0.08147999854402503,0.01856368070469188,0.07137310571591501,0.03506473021997355,0.18846989165119693
5653021618,0.17475946080394086,0.07201616132202526,0.05647362865358716,0.025983086424246838,0.044346570572319485,0.018017690095730357,0.04922408667904245,0.03750348827333503,0.03564712020286585,0.045972409274560484,0.018223953214671372,0.042393137504701583,0.026777806088401947,0.05829359735012558,0.07813125614239436,0.21623654739805145
5653022524,0.138875744670525,0.04296946092527208,0.0738239968939201,0.014074424586563775,0.08205025540227374,0.011854062776786906,0.08724929931205183,0.01846661570754316,0.014596148946238126,0.07545590215848286,0.010264623448476687,0.06698091459493563,0.014177556146034288,0.0937344544340504,0.03825574200123758,0.21717079799560784
5653025092,0.1394581346534173,0.02532183113117121,0.08852327739962873,0.013716497409577888,0.07858624831652895,0.015214938303061188,0.08709763525400696,0.023204600880864845,0.020086387847462358,0.09113796576032224,0.0135890996008202,0.07736686928984822,0.014826678314466326,0.11667212657275627,0.024903238330967373,0.17029447093509992
5653025752,0.14688360693529404,0.046548732695130976,0.08081874325094941,0.015985391717929117,0.07468544874361496,0.012139191205911259,0.0892451983159223,0.019722394108154673,0.017768961040536768,0.08602385372304931,0.01120494060835487,0.06983826544850097,0.016701246071900898,0.09226027978985428,0.04319392373117849,0.17697982261371772
5653035956,0.13598418832562956,0.05577656538102094,0.07797226642418731,0.0174597762117653,0.04951251547068778,0.019808794928140232,0.06822889040438483,0.03311990098759819,0.030644590942385894,0.06964335328736329,0.01925311308125584,0.05014397211487459,0.017314541183602334,0.10304109519840368,0.05660377358490566,0.19549266247379452
