10452092804,0.15015340866571875,0.07855646187233406,0.05940532315597795,0.023167202973384225,0.04738831100800718,0.01437426725535683,0.06988201252213824,0.027320461972112048,0.01978098730325027,0.05737858265359575,0.013052208835341365,0.04547382074883385,0.02020504377759485,0.07001920726383797,0.0731871585721769,0.2306555414203397
10452102556,0.1829280311429768,0.0787875428092739,0.047213393451105035,0.024114864365437208,0.04995441890260428,0.017068273092369482,0.05094611575134896,0.02925813684184592,0.026634143937714048,0.04460171976248552,0.016667898588217902,0.05101387143666691,0.025525414541601992,0.05398896198290092,0.07630522088353416,0.22499199250991694
10452119926,0.17426716210636942,0.0723219982734677,0.05973895582329316,0.02893818263709042,0.03430544608339901,0.021276695567315998,0.05033216980069812,0.03782419397215028,0.032067522426153204,0.05273430169275232,0.018433547273204967,0.0368295612355966,0.027436850204556544,0.06626036857711219,0.07100833239500057,0.21622471193183954
10452124654,0.1604588701810396,0.07811688393954366,0.06172323362852039,0.022424081182775262,0.051353679703039286,0.01514575652768804,0.0678106748761608,0.02723195621603132,0.022645788200119088,0.06006359824154664,0.01395487312024122,0.05134101073061964,0.023127209152065675,0.06807038881076356,0.07496230980705156,0.20156968568279424
10452143954,0.1818821025426628,0.09555572447518781,0.04866152306386429,0.029613723030924962,0.033648790746582544,0.02266479165874856,0.03654365094447189,0.03913445580428972,0.03297100072213143,0.04079409119126348,0.0194975485538368,0.03756350322425348,0.02412805797321779,0.05291196331065588,0.07816755982922227,0.22626151292868635
10452204986,0.1858324386655533,0.10674380691081156,0.03950455286492505,0.022061844738690738,0.04541598738187072,0.01387066417485122,0.044183333996050206,0.026296605564170874,0.02286373215634816,0.040624544382149054,0.01387066417485122,0.04296393494771164,0.02195581003883521,0.0470131350484446,0.09287976990470131,0.2339191750500351
10452213445,0.11846800692506095,0.0661590644101332,0.035072842690409736,0.02462047603905357,0.03514350657763017,0.013538023059981865,0.04749790952666973,0.0348078531133331,0.023236641580986702,0.03723986856516977,0.011959862912058793,0.03623290817227856,0.022871544830347784,0.05881590879647624,0.07649954657339034,0.35783603622701954
10452220454,0.1687118845753384,0.071508255243195,0.057315682483018486,0.024610788834349744,0.04764118201199862,0.017136447022658534,0.057476820863701726,0.03451460161634192,0.02884377014229758,0.05203530170062968,0.01804130100649512,0.05032475581337696,0.026085824780603898,0.06573206405870395,0.07044846050870147,0.20957285933858893
10452246926,0.1935597374391827,0.09812057899270799,0.04848396607578349,0.028992101335857026,0.03312343027699924,0.02011672065907133,0.040846164112643926,0.03550152270714277,0.03309916402771205,0.0427207318700785,0.018606146640944444,0.035198194591053035,0.02532183113117121,0.050358533833218075,0.08715830087722491,0.2087928754292093
10452269596,0.17776847571555102,0.08548392967640957,0.046645797692279695,0.026577609531782717,0.03975418289472088,0.017574831046239338,0.047664980162341206,0.03627197612201071,0.03201931593443259,0.04556594959900023,0.01764156323177908,0.03988158070347857,0.02684453827394169,0.056928620827721765,0.08411288659168395,0.21926376199662698
10452320753,0.16045704557359874,0.061419591409114724,0.05976623886851755,0.023447049065828528,0.054920770036668405,0.01765213026017112,0.06728544613235553,0.034742229788720096,0.0277795966474594,0.05421686746987952,0.017990440020953378,0.052732669809673484,0.02368168325475816,0.06603042605203424,0.05931879692683779,0.21855901868342936
10452363613,0.13377983232021742,0.06809716206214585,0.045972409274560484,0.02450891178005072,0.04609374052099637,0.016070323590434244,0.05849379390674481,0.03326296121040052,0.02316820150693408,0.05905191764034993,0.013006709617927905,0.04570548053240151,0.023544328370885357,0.0748674456132688,0.069098144845242,0.26527863720744005
10452380743,0.18380626330458447,0.08240064081462461,0.05048609739504466,0.03550815282989883,0.033812847016481226,0.017907696359207317,0.044796673030921504,0.03934316500976584,0.037417429279961376,0.04846709241336932,0.016146553426822044,0.03400487194680361,0.030636206026290955,0.05467772730265324,0.07723791340224286,0.21335067044132816
10452429093,0.1362489231851879,0.07304141035440857,0.03883813198412987,0.02382339023768791,0.03045414285540955,0.015136072992877857,0.04151955253036314,0.03189798468799669,0.0237202586782174,0.0405367694342324,0.012466785571288174,0.03200111624746721,0.019510064426891856,0.05941591137965761,0.07338720440675087,0.34800228102743297
10452444083,0.17128021287604406,0.07124202330795575,0.050434868307586166,0.02660950550668933,0.045076009559711236,0.01926109345356888,0.049554044398452714,0.038355877497720944,0.0319314066080272,0.04387488604725651,0.0201542365782147,0.04574124719737847,0.02759504274767783,0.05764776899007072,0.0726648926996329,0.22857688422401265
10633216604,0.14024830886969708,0.06227861297698167,0.04418855362452761,0.028657402471241895,0.03414839298195733,0.017734655435902903,0.046214355948869225,0.038395469784743695,0.027656348106289464,0.04435440878558482,0.014470862802241413,0.037139709279596256,0.023012403596687638,0.0623082299700276,0.06173958370354575,0.31745270166210565
10633226065,0.12336275191953225,0.04749697879664555,0.05030456171189317,0.02316866249191294,0.041381330794301834,0.017669462042699674,0.0467279452155125,0.03756668009423713,0.024462592009374885,0.040331538921644025,0.01658304952332125,0.042540984607121496,0.019268563616166797,0.07335725882252415,0.05218442157688505,0.3435932178562273
10633240256,0.14046395371696574,0.0616030555789592,0.043600977335917085,0.027922880332518888,0.03464206476254669,0.01854270227764204,0.045426461089111685,0.038608981380065716,0.027761395231274754,0.04742045103490886,0.014891734771252843,0.038468559552896894,0.02333108658409863,0.06757800432499228,0.05689892436880389,0.31283876765804475
10633459373,0.11210881260892627,0.058409739587279935,0.03428178121290192,0.027329443560405144,0.025536106690914603,0.013557374150690813,0.04338107145563386,0.038102093910232115,0.02271349549139956,0.04121517516607309,0.01123992826652522,0.0284660655199414,0.020718092495769242,0.06363820060114672,0.06296885655830871,0.3963337627238514
10656743583,0.1445355891651713,0.09147227206699136,0.0484552190525018,0.02554290108763321,0.037584990417597434,0.01582011938330831,0.054314522527801175,0.031164170359248542,0.022662076878944348,0.054473211996923857,0.012786709146616865,0.039550298458270766,0.02160618156516644,0.0726126390058715,0.06468426899085704,0.262734829897096
10658246995,0.13357409738456313,0.06776359168015345,0.04294791104717377,0.02259285899818178,0.03995084816879458,0.015969350036963776,0.04709884313372895,0.0350756258866311,0.023531938700073928,0.03796279645946972,0.015734580111490738,0.039171611820416,0.020459949249735255,0.0642570281124498,0.06923714759535657,0.3246718216148175
10658289816,0.11386844305549845,0.04365585207725098,0.04516358951163014,0.021519525199775208,0.04508134928793673,0.015735296133338815,0.05005002946941349,0.038454157928642894,0.022849075482818646,0.038584371616157465,0.015008840824047041,0.044238386995079294,0.018154529380319917,0.06815658538591225,0.049810162150307716,0.36966980550187095
10658342883,0.1371992529388069,0.07064733096519818,0.034490545769704964,0.024682315889698613,0.02659269296029101,0.01568584367866603,0.034844545354670964,0.03432575285946216,0.023779006603923288,0.031713480060057864,0.014581120835927297,0.03051110215939747,0.020153562578581804,0.04564153269613408,0.07718411640482904,0.3779677982446503
10660461066,0.11779031017687773,0.04612980798574237,0.03847609282113256,0.024212350923450643,0.03539995849660038,0.017345979663334187,0.04670963489215219,0.04252877772488129,0.032085789968384175,0.044982361055162894,0.015722464325386654,0.03850661002673308,0.023077110875111388,0.07685453058434345,0.04621525616142381,0.3539629643192832
10660483606,0.11807106846840247,0.06475140684317818,0.03751785256527631,0.024749453742019752,0.03264730655143369,0.014410224484564397,0.04249215707816066,0.036107957666532395,0.02416352339448981,0.03989209116099657,0.013714432196872595,0.03341023669144664,0.022234836000537102,0.06383589067516265,0.07158115745657401,0.3604204050243528
10660522504,0.16302291231796487,0.0692984704776553,0.05242245578056909,0.027654691715189025,0.043480914539617437,0.01972632170017456,0.049450079955078684,0.039446539959229004,0.0369929566289474,0.04822939173105797,0.019335701468487933,0.045342464081249007,0.02836879432624113,0.06395185605644464,0.0642570281124498,0.22901942114964416
10660534024,0.1672464935730765,0.06896888465716973,0.05548027978174094,0.028204001415998336,0.04049633183188682,0.01840187497711209,0.059490240597648965,0.041887916407270416,0.03558916517132359,0.04166819252694669,0.02039159678226584,0.038384541204331005,0.028912000585930343,0.0585197934595525,0.07191684671817973,0.22444184030956651
10660546806,0.14006787026525555,0.08032738858168235,0.040929676151414164,0.027880519036632846,0.0305660331294784,0.01594829164683048,0.04036205612724454,0.03800002441376448,0.02756314009838747,0.04066112474212962,0.013537432404389595,0.033678788100731195,0.022948938611589212,0.06032641203110314,0.07083043419880128,0.31637187046056564
10660691633,0.12582854213205405,0.06622843959424324,0.043346638834975165,0.024029247689847537,0.03743240438959485,0.01567974023754593,0.04633732498382588,0.037035680716788116,0.02529876344282907,0.038457782497772236,0.014782534392890713,0.03793899000256345,0.021960181150132443,0.06639933594560614,0.0739859132578948,0.3252584807314364
10661400056,0.1261922690763052,0.0591820406626506,0.041690198293172685,0.028473268072289164,0.03129706325301205,0.014369979919678715,0.049236006526104416,0.03958803965863454,0.023382592871485943,0.042686370481927714,0.012377635542168674,0.03403457580321285,0.020527422188755015,0.06409230672690763,0.06070375251004016,0.35216647841365467
11702190835,0.10902041902549957,0.054349929839841285,0.031644650892727534,0.0256326510862728,0.028148739536459088,0.013136884888953405,0.049475008467605365,0.03491677553587846,0.02447137949387913,0.04106788600183868,0.010566361832873664,0.029176948758890982,0.021592393671069826,0.05555353945904098,0.07750883050273383,0.3937376010064354
11702490555,0.16555982968016644,0.059001064498959685,0.04876131030144675,0.02941283205109595,0.044309769197271004,0.0213020757729714,0.048120191609812735,0.03939250979822906,0.03469903711230464,0.055910388542120285,0.017340446121836744,0.05152537862292544,0.029570087579232594,0.06806140223544782,0.05507572458508734,0.2319579522910921
11702609283,0.10175642328349543,0.0636884888953404,0.0403662844147675,0.022771810132094644,0.02993298495185561,0.012066337639715487,0.05405961194174287,0.036344171868195684,0.022771810132094644,0.05721077079401945,0.008897033918807763,0.03354381380945469,0.019142836405864425,0.07074079450331447,0.0701843518652925,0.35652247544394444
11702694703,0.15239875163303818,0.062484879276140715,0.05673900420960953,0.029370494024289925,0.043638409057918416,0.019330333381719647,0.05787003435428461,0.03901751584651861,0.026352397541975128,0.05035805874098805,0.017667053757197463,0.04634199448395994,0.025844341220302897,0.0629808390187255,0.0685513136884889,0.2410545797648425
11702707043,0.1394433154303963,0.0599627425364107,0.04610006290221125,0.0286144578313253,0.038896550055644255,0.020582329317269075,0.048694779116465865,0.04074732665602168,0.02975758455508782,0.04952944307349882,0.018556152320123868,0.04515048144384768,0.02917090046934727,0.0686238931630135,0.06834567184400253,0.2678243092853341
11702730615,0.12597982290608215,0.06691827551168529,0.04010620796438767,0.023612522378671317,0.033870421444815405,0.012223593167852131,0.05586200222577055,0.031505540233222044,0.019705327333430105,0.04475129433396236,0.010723617361010306,0.03561837712294962,0.021894808148255673,0.06027725359268399,0.07865800551604006,0.3382929307591813
11702793714,0.16165263463492524,0.06647675037499395,0.059049450815309434,0.023606474089127596,0.05029757584555088,0.015767890840470315,0.06416025547975032,0.032074079450331444,0.026642715440073548,0.055807567619877096,0.014999758068418254,0.05110804664440896,0.0250641118691634,0.0711097401654812,0.06558160352252383,0.21660134513959453
11702889924,0.16093893646876664,0.055148304059611936,0.07401896743600908,0.02144723472202061,0.06396066192480766,0.014806212803019306,0.07977693908162771,0.02890477572942372,0.02583829293075918,0.06679730972081095,0.015435234915565876,0.06323486717956162,0.020298059708714376,0.07159360332897856,0.05329752745923453,0.18450307253108825
11702906164,0.1653662844147675,0.07449678230996273,0.058208738568732765,0.02555402332220448,0.044479121304495085,0.01637271979484202,0.058390187255044274,0.033574055257173274,0.02707819228722117,0.05579547104078966,0.016705375719746455,0.046432718827115686,0.025590313059466786,0.06847873421396429,0.07171456911985291,0.21176271350462086
11702937624,0.1639146949242754,0.07824067353752359,0.054537426815696524,0.02776769729520492,0.03830986596990371,0.01804809599845164,0.04925727004403154,0.03697924227028596,0.030156771664973145,0.04664440896114578,0.017648908888566312,0.04080780955145885,0.02661852228189868,0.06272076256834568,0.08454299124207673,0.22380485798616154
11703017533,0.11748197609715973,0.07301495137175207,0.07454516862631247,0.021544007354720084,0.026697150045967004,0.013378816470702085,0.06772874631054338,0.034783713165916684,0.022064160255479755,0.05785188948565345,0.013306236996177482,0.02953379784197029,0.01842308995016209,0.08791793680747086,0.07421251270140804,0.2675158465186045
11703108464,0.1399453234625248,0.06881743842841244,0.04381380945468621,0.02332220448057289,0.03271519814196545,0.012925194754923307,0.053043499298398404,0.033241399332268835,0.022584313156239412,0.04214448154062031,0.013269947258915178,0.03455387816325544,0.023116562636086517,0.06008975661682876,0.08067813422364153,0.3157388590506605
11703256956,0.16222722214157834,0.07401291914646538,0.05614627183432525,0.028076160061934485,0.038188900179029366,0.01565902162868341,0.0612752213673973,0.03547926646344414,0.028783809938549374,0.051652392703343486,0.0168626312478831,0.04091063047370204,0.02735036531668844,0.06082764794116224,0.08174263318333574,0.22080490637247788
11703433606,0.14219528717278754,0.06906541829970485,0.04503556394251706,0.024168965016693283,0.03408815986838922,0.014515894904920888,0.052474960081289004,0.034378477766487635,0.02510644989596942,0.04362026418928727,0.01424977016499734,0.034517588425993125,0.024084288963081242,0.05464629602748343,0.08710141771906904,0.3007511975613297
11703565136,0.10005685392171093,0.07152102385445397,0.03050757245850873,0.02522741568684376,0.02721730294672666,0.013790100159674844,0.042265447331494656,0.03870905307978904,0.01996540378380994,0.03680989016306189,0.011727633425267336,0.029479363236076837,0.0196327478589055,0.061849808874050415,0.05039434847825034,0.4208460347413752
1426403537,0.1605133671414882,0.0743079556833231,0.04753060499370135,0.025625289361198143,0.04041904884955371,0.018922876492565438,0.045495655544429726,0.037867286841736916,0.029662887474832308,0.04355222498573383,0.019202816628444072,0.042098689664825516,0.025103093338501456,0.056451005092757085,0.07720964286098819,0.25603755504592096
1426433995,0.1948921692130452,0.1021566157390958,0.044580466638672656,0.023606490304381063,0.03666139087179818,0.017970003337747772,0.04492500834436944,0.032139280984527924,0.028677713535105568,0.04141498971758348,0.017916168696232655,0.03811492619270648,0.02275051950429062,0.05045382602797248,0.08771816488474003,0.21602226600773067
1426473017,0.16492242428157672,0.06091389687436071,0.048930305673094525,0.02825780333128762,0.040096041000462976,0.020737103911625053,0.04600708463882338,0.042588584902613136,0.03643528537743467,0.04368142812537011,0.020742487375776563,0.04255628411770406,0.029076089882317475,0.06138764171969379,0.06475230681438893,0.2489152319734703
1426492965,0.14566577301161754,0.05101370629972975,0.045457971295369146,0.026955005006621662,0.04845656082776145,0.01631189637908201,0.056547907447484315,0.038362565543676036,0.026653531014136974,0.044914241416066404,0.015348256295961324,0.048865704103276376,0.026422042055621955,0.06412244150866199,0.058938165530755725,0.2859642322641773
1426502085,0.18888960668410906,0.10360476759585258,0.04529108390667226,0.02109779600977637,0.04870958364288252,0.014949879948749422,0.04718067982385305,0.025576838183834532,0.02240597779859384,0.0409412448722504,0.014497668960022397,0.04707839400497432,0.01955812526244388,0.05157358657148702,0.08431043207683278,0.2243343346576655
1426506491,0.16247833155679015,0.09498584148928153,0.04019832681934171,0.02513001065925902,0.03483639652443554,0.016494934160233427,0.040908944087341324,0.03620379641891965,0.026255154666925073,0.038561753717282,0.015256737405385615,0.035735435037738086,0.021587691247563986,0.05446450682084908,0.08340062663522724,0.2735015127534266
1426527283,0.14168739300365,0.07339276677756601,0.03745814356622199,0.022928173821290525,0.040284462245765915,0.014379232748689129,0.04902720802782174,0.032677627399679145,0.02115163065129149,0.03690364675861624,0.013808585548628832,0.04264780300827977,0.02308967774583589,0.056467155485211626,0.08334140852956058,0.3107550846818911
1427321614,0.1665482304553334,0.09501814227419059,0.03922930327206951,0.025302281512107408,0.02949061662198392,0.013673998944841026,0.043401487989491484,0.03267224393552763,0.027654855346318247,0.037242805000161514,0.013781668227871273,0.02831702143695425,0.025603755504592096,0.04956555444297296,0.10029932060682407,0.27219871442876065
1427343546,0.16349580628142596,0.0640793737954499,0.06283579357645057,0.025926763353682828,0.04234632901579508,0.019025162311444167,0.059449594625149385,0.04067745512882629,0.0323061683732248,0.06389095255014696,0.020150306319110217,0.04678230347664114,0.02742874985195473,0.07656901062695824,0.05699473497205983,0.19804149574167987
1427356636,0.13544795805204732,0.10186052521076262,0.03003434650128665,0.026631997157530927,0.024209438289350432,0.014395383141143662,0.034987133520677886,0.034513388675344814,0.02508694294604692,0.03297910139216384,0.012489636831508341,0.02697653886322771,0.023121978530744963,0.047600590027671,0.0835190628465605,0.34614597801393243
1427361820,0.115254584019725,0.045199565016096566,0.041501125144007674,0.025824477534804092,0.038707107249372825,0.015283654726143181,0.056332568881423815,0.03867480646446375,0.024160987111986817,0.04772979316730729,0.013873187118446978,0.04002605596649332,0.022680534470320958,0.09208953777576795,0.0565909751606964,0.32607104019294336
1427375124,0.14329166532080062,0.07076025280747657,0.0371512861095858,0.02310044467413892,0.04364912734046104,0.014336165035477029,0.05052381106194214,0.03322135727898188,0.021727661315503296,0.04099507951376552,0.013060284031568632,0.04451586506885451,0.021835330598533542,0.05915350409681621,0.07006040246777996,0.3126177632783143
1427389680,0.15922671920927678,0.06785318216565996,0.05710240425509006,0.024753168168653163,0.04641622791433832,0.01973039611529227,0.06357871162935926,0.03585387124907135,0.031509415678800994,0.05881434585527095,0.01728091992635421,0.04989932922036672,0.02310044467413892,0.07285442036241481,0.06110770158381516,0.21091874199209704
1427394838,0.17607696200351006,0.08961852773022384,0.05377542340945552,0.02528074765550136,0.04213637391388611,0.017275536462202697,0.05532047762093952,0.03135329521840714,0.027832509663318152,0.05212269991494126,0.014890661843082787,0.04303541242718865,0.02199683452307891,0.06529065322954015,0.07184771256608201,0.21214617181864187
1427400906,0.15233050163118966,0.08899942935279993,0.03663985701519214,0.02234137622877569,0.03919700248716044,0.013765517835416734,0.045791746072762894,0.02949061662198392,0.020295659851201048,0.037565812849252235,0.012742659646629413,0.04075282362694746,0.022465195904260472,0.055691936647393865,0.08950009151889057,0.29242977271014353
2411547713,0.1521851480990988,0.0714870204679307,0.056935516866393185,0.027261862463257857,0.04189411802706806,0.018126123798141627,0.06275504161417789,0.03912163398903927,0.030707279520225682,0.05972415129687651,0.019019778847292657,0.043003111642279566,0.025216146085683216,0.06616277442208512,0.0703834103168707,0.21601688254357915
2411552913,0.14757690278540436,0.08310453610689407,0.041576493642128835,0.02143695425132164,0.03842178364934268,0.013060284031568632,0.05083605198272985,0.02858081118037835,0.01977884729265588,0.03527245712070804,0.012699591933417315,0.03731279003413116,0.021189314900352082,0.055562733507757575,0.09277862118716153,0.300811826394048
2411563411,0.16079869074151834,0.0776564703855637,0.057942224662725965,0.026072116885773655,0.04764904120503462,0.016182693239445718,0.05669864444372665,0.034012726509254174,0.029076089882317475,0.05223575266212302,0.015515143684658204,0.045059594948157235,0.023999483187441453,0.06797700184114475,0.07625676970617053,0.2128675560149445
2411640183,0.11193298663824196,0.055848057107787716,0.03630608223779838,0.025937530281985848,0.032849898252527536,0.014955263412900934,0.0458778814991871,0.039428491445675465,0.02705190736134888,0.037802685271918775,0.013921638295810588,0.03403426036586022,0.024790852417713755,0.06579131539563078,0.07809791444598771,0.3553732355696244
2411676021,0.121203311907146,0.09875964985949158,0.02881768360304489,0.024349408357289746,0.023348084025108483,0.01346404384293205,0.034120395792284416,0.03178935581467963,0.023439602915684185,0.03572466810943506,0.011122236937024237,0.02696038847077317,0.021673826673988175,0.05290868568106205,0.07298900696620261,0.3793296510438537
2411682265,0.16618215489303054,0.06347104234632901,0.04756290577861042,0.02716496010853064,0.04462353435188475,0.015913520031870108,0.05391539347739483,0.0376357978832219,0.030217384282438062,0.04271240457809791,0.017087115216899772,0.04474197056321802,0.02825780333128762,0.05988027175727038,0.06870376950159889,0.2519299718983171
2411757963,0.17547401401854065,0.07591761146462525,0.04987779536376067,0.023654941481744674,0.053683904518879805,0.016328046771536545,0.055928809070060405,0.02993206068240792,0.02575987596498595,0.051406699182790144,0.015256737405385615,0.05185891017151717,0.024236355610107996,0.0569409003305447,0.0734735187398387,0.22026981922327374
2412391894,0.16581069586657626,0.11394101876675605,0.04143652357418952,0.02636282394995532,0.028828450531347912,0.013679382408992538,0.041861817242158976,0.033156755709163724,0.0269711553990762,0.048461944291912966,0.01288262971456873,0.03053500866737728,0.024290190251623114,0.05699473497205983,0.09659011380643216,0.2381967548478095
2412397896,0.1797377176265383,0.11930833252581373,0.03887937810222122,0.02733723096137903,0.026378974342409853,0.012236614016387265,0.038900911958827264,0.030804181874952895,0.025889079104622244,0.038561753717282,0.011741335314448141,0.02600751531595551,0.023423452523229648,0.048112019122064656,0.11116315126457572,0.2415183522292925
2412427350,0.15113537258955392,0.07934149466498702,0.07196076531326379,0.024236355610107996,0.043126931317764364,0.011488312499327066,0.08316913767671219,0.033689718660163445,0.02741798292365171,0.062012123561269214,0.013485577699538098,0.04159802749873488,0.02216372191177579,0.061156152761178764,0.0853225233373171,0.18869580197465466
2412442476,0.2223478363857575,0.10984420254745524,0.03443802017722364,0.03017431656922596,0.02087707397956437,0.011805936884266288,0.03148249835804344,0.03667754126425272,0.031111039331589086,0.03143943064483134,0.010686176340751748,0.022664384077866424,0.0271488097160761,0.039266987521130094,0.08788505227343692,0.2521506939285291
2412473818,0.14959615745834115,0.047275963542365455,0.0513948891333709,0.0254469995796102,0.049605996368547685,0.021806602803194963,0.052517419343297456,0.04100142216974804,0.03175731880752408,0.04955680181751505,0.021390685235373564,0.052964642534503274,0.02834947809053586,0.07131421006967738,0.05250847487947335,0.2535129381669216
2412475388,0.1628777320077224,0.06892867098212904,0.08104913226169459,0.026672241665892358,0.03556126820908312,0.018609140933915608,0.07203621684682174,0.0404187443862855,0.027503329513426458,0.04715520178399976,0.019961594449778547,0.04085235543717285,0.022816200534786963,0.06675545369137217,0.06444802345629304,0.20435469383962584
2412488564,0.15060240963855426,0.05726390817963544,0.04515111383873295,0.026594312908470343,0.041334237755310796,0.01693637822065743,0.05361930294906166,0.0390893332041302,0.03044887324095309,0.04162494481949245,0.017803115949050898,0.04381063126500641,0.02735876481798508,0.06200135663296617,0.06918828127523499,0.2771730353047579
2412555618,0.12638220442090076,0.08594700517889252,0.05183199285075961,0.02776252462934849,0.028392389935075424,0.014470751639264834,0.05583190671533318,0.03658063890952551,0.023278098991138814,0.05792607427027144,0.01256500532962951,0.032661477007224604,0.024096385542168683,0.0699850339696588,0.08795503730740657,0.2643334733034013
2530906855,0.14373506109028258,0.06483941809534209,0.03697569735133889,0.0206081122071367,0.04086436379960931,0.013310037734017642,0.03950545383952729,0.025412829565998128,0.022549412150111015,0.0382375423142722,0.012224123078416384,0.03809801138087091,0.0204928475230226,0.0442252393258836,0.05994370230165375,0.3789781482425169
2530908841,0.16640580448682948,0.07385432970552905,0.04613013989492714,0.02598915298656863,0.05137164974095778,0.017071306373530375,0.04720392142588481,0.033687620572926145,0.030156881301641607,0.05046166539268857,0.015524332981472719,0.0497458110387168,0.025449228939928896,0.058002402358679435,0.07137310571591501,0.2375726470838035
2531086231,0.10911925648212184,0.05846952765745761,0.050109804778024486,0.02179109185988668,0.03135806064135697,0.014147223334425313,0.058803188585156325,0.03278370278697873,0.01933413411955981,0.051110787561120606,0.012078525582693312,0.03254710685642873,0.01924920224705469,0.08109780511775197,0.05846346109513584,0.34953712129484704
2531087583,0.09936422426867593,0.04739805142018224,0.048993557310814256,0.020589912520171318,0.034652203982091505,0.012976376806318931,0.06723571021245102,0.031115398148485175,0.016440383892063724,0.04817457139737197,0.010458753442774115,0.03289290090877104,0.017568764483917542,0.07881677768475714,0.04945461604727065,0.38386779747388333
2531726228,0.1696332156420243,0.07352066877783035,0.05149904754971548,0.024199517101639183,0.05123211880755651,0.01683471044298038,0.049363617612443726,0.030721071597568518,0.026462344847668625,0.04455890025358231,0.01616738858758296,0.048938958249918105,0.02478190708453148,0.0573411470656038,0.0751950399786457,0.23955034640070855
2531902786,0.06718717771387665,0.03790994794889528,0.037564153896552974,0.01188439558839588,0.026504810783921185,0.00698867979470753,0.053549545614482094,0.016234120773122702,0.008663050995522876,0.049369684174765525,0.00533250828085757,0.020911440323226442,0.011041143425666413,0.06119948070226525,0.037006030162947866,0.5486538298207938
2532526207,0.13952486683895704,0.06910421140756379,0.043388053725475925,0.021075237505914897,0.03521639427801842,0.014335286766400952,0.048417233890243765,0.029968817869665976,0.023392664312840487,0.045863211152768174,0.014189689270677878,0.03715769422099272,0.022591878086363586,0.0684065567405574,0.07182203132772784,0.3155461726058312
2532642343,0.1471748019267402,0.07127604071876631,0.0497458110387168,0.022761741831373836,0.03804947888229656,0.014480884262124025,0.06176973756051396,0.03113966439777236,0.024521044904694304,0.049442482922627054,0.013182639925259951,0.0382314757519504,0.020935706572513615,0.06554920588699208,0.07833145269901359,0.273407830718645
2532647681,0.18115968405343427,0.08092794137274172,0.046676130503888656,0.02742692825683398,0.03547725645785559,0.018824542884529054,0.04570548053240151,0.03986338101651318,0.03602931362913892,0.043606449969060525,0.019692061296545698,0.039723850083111904,0.0300537497421711,0.053810407794319275,0.07298074473119062,0.228042077676264
2532657933,0.140501583372766,0.07752459991021486,0.03350562370327231,0.021481697181475145,0.02577075674298402,0.011775197466603576,0.036842232980259404,0.02760285856416603,0.02376879117679176,0.03706062922384402,0.010810614057438212,0.025503828000825048,0.021457430932187962,0.04987927540979629,0.09577888593649521,0.3607359953408801
2532659689,0.14562176197236076,0.06904961234666764,0.04750724954197454,0.024800106771496862,0.029374294762130087,0.015918659532389374,0.04601487521081304,0.03234084373748772,0.027863720744003204,0.04710685642873609,0.013631565537072765,0.032468241546245405,0.02253121246314564,0.06610126305827539,0.07106371103750349,0.308606025309698
2533334430,0.18062582656911635,0.06044116041204092,0.06496681590409978,0.025327897693493005,0.04253266843810286,0.016258387022409882,0.05485992307598976,0.03181911937781337,0.02905276695907497,0.04912095511957194,0.016828643880658585,0.04326065591671823,0.025734357369053253,0.07443671968842136,0.0643844259212075,0.22034967665222824
2533475250,0.15724529538091944,0.08289350756500322,0.04195634501753237,0.02524296582098788,0.03239544279838387,0.016137055775973987,0.04205947657700288,0.033833218068649216,0.028373311979033963,0.042605467185964405,0.015014741746441962,0.03342069183076718,0.023659593054999453,0.057359346752569186,0.08165592885135708,0.28614761159441393
2533476776,0.1353025394629879,0.07939310110532764,0.03307489777842488,0.020644511581067476,0.024157051165386623,0.010713549060289495,0.03714556109634914,0.026595809218748104,0.02261007777332897,0.03696963078901709,0.009779298462733108,0.02446037928147636,0.020238051905507225,0.0536648102985962,0.09564542156541571,0.369605309455344
2620004935,0.1538578556650846,0.0744249726177437,0.04619690884751126,0.02493610806863819,0.04088475112571498,0.015869538761105025,0.04954971400754533,0.03284045271997079,0.028374102470488008,0.04868565169769989,0.014567360350492881,0.0397955458196422,0.023767798466593645,0.06478033345503224,0.07760739929414627,0.2638615066325909
2620005857,0.14211999513204332,0.06440306681270537,0.043988073506145794,0.02480832420591457,0.03437994401849824,0.014530850675428987,0.04900206888158695,0.03396616770110746,0.023859072654253376,0.04160885968114884,0.013070463672873312,0.034726785931605206,0.02053060727759523,0.05539734696361202,0.0670256784714616,0.3365826944140197
2620006557,0.138846294267981,0.07402945113788487,0.045271997079226,0.02483266398929049,0.038426433004746255,0.01683096020445418,0.055634659851527324,0.040598758671047834,0.02793598636972131,0.04085432639649506,0.01503590118047949,0.03916271145186808,0.022356091030789827,0.061275404648898635,0.06972739442618961,0.28918096628940004
2620008187,0.14375684556407448,0.05819033710599976,0.045308506754289886,0.02499695752707801,0.0389862480223926,0.016654496774978704,0.05184982353657053,0.03614457831325301,0.02882438846294268,0.04589874650115614,0.015766094681757332,0.04092126080077888,0.02525861019836924,0.06387976147012292,0.06150054764512596,0.3020627966411099
2620009299,0.11175003042472922,0.06967262991359377,0.033302908604113425,0.02486308871851041,0.030278690519654376,0.013417305585980284,0.04289886820007302,0.035414384811975175,0.017329925763660704,0.039406109285627364,0.010752099306316171,0.0321285140562249,0.01737860533041256,0.06543142266033833,0.06633807959109164,0.38963733722769867
2620011333,0.15944992089570406,0.05187416331994645,0.08419739564317878,0.02214920287209444,0.054368991115979065,0.017640258001703785,0.06803577948156261,0.03045515394912985,0.02628696604600219,0.05160642570281125,0.017518559084824144,0.05169161494462699,0.02275769745649264,0.08539004502859923,0.05276865035901181,0.2038091760983327
2620013013,0.11869903857855665,0.09129244249726176,0.023706949008153826,0.02552026286966046,0.01728733114275283,0.009687233783619324,0.03292564196178654,0.03282828282828283,0.01838870634051357,0.02827065839114032,0.008001703784836315,0.018552999878301082,0.01857733966167701,0.044128027260557375,0.09665327978580993,0.4154801022270902
2620013573,0.18680783741024706,0.0810453936959961,0.04838748935134477,0.02650602409638554,0.04747474747474748,0.017372520384568574,0.04657417548983814,0.03349154192527686,0.03241450651089205,0.04779116465863454,0.015839114031885114,0.045582329317269084,0.02628088110015821,0.0512169891687964,0.07635998539612998,0.2168552999878301
2620832738,0.08132530120481926,0.04899598393574297,0.028045515394912984,0.023487890957770475,0.0272301326518194,0.010819033710599977,0.04470001216989169,0.03896190823901668,0.016052087136424486,0.03400267737617135,0.008117317755871973,0.02849580138736765,0.014859437751004016,0.06512109042229525,0.048649142022636,0.4811366678836558
2620833166,0.17646951442132164,0.09906900328587076,0.04737130339539977,0.02105391262017768,0.0466897894608738,0.01524278933917488,0.05323719118899842,0.026256541316782282,0.024461482292807597,0.04231471339905074,0.015966897894608742,0.04302056711695266,0.021181696482901302,0.05688207374954363,0.08786661798709991,0.22291590604843614
2620834132,0.09632469271023487,0.06563222587318973,0.04289886820007302,0.023147133990507485,0.02506997687720579,0.010746014360472192,0.07082268467810636,0.034891079469392725,0.01750638919313618,0.0670926128757454,0.009170013386880857,0.028866983083850557,0.020287209443835955,0.08467202141900937,0.07301935012778385,0.32985274431057565
2620834398,0.12597663380795912,0.049823536570524525,0.04465741754898382,0.03318729463307776,0.023591335037118168,0.017439454788852383,0.03598636972130948,0.05614579530242181,0.03873676524278934,0.03755020080321285,0.01420226359985396,0.029098211025921868,0.021248630887185104,0.06954484605087015,0.04048314470001217,0.3623281002799075
2620834840,0.17705366922234392,0.08818912011683094,0.05609711573566995,0.02399294146282098,0.03700864062309846,0.01683096020445418,0.053797006206644765,0.03217719362297675,0.027437020810514787,0.05759401241328953,0.01505415601801144,0.03993549957405379,0.021759766338079592,0.06680053547523428,0.07970670561032006,0.20656565656565656
2620835490,0.1625349884386029,0.06414749908725813,0.058147742485091886,0.025027382256297918,0.04491298527443106,0.01492637215528782,0.06795667518559084,0.03206766459778508,0.028404527199707926,0.05755750273822562,0.014214433491541925,0.041280272605573806,0.02467445539734696,0.064524765729585,0.06416575392479007,0.23545697943288305
2620836962,0.16498113666788367,0.07036631373980773,0.056681270536692224,0.030972374345868317,0.04150541560180114,0.01759157843495193,0.06207253255446025,0.03608981380065717,0.028234148716076424,0.06365461847389559,0.014798588292564197,0.04485822076183522,0.026950225142996227,0.06528538396008275,0.06493854204697579,0.21101983692345136
2689904793,0.1715052983016403,0.06880534184932502,0.05606159578071322,0.028717278753568488,0.043263415106207966,0.01867106982145449,0.056128126965694095,0.039628393090434026,0.03588450186287318,0.048712923985097016,0.01923960903856389,0.045204916049741126,0.02839067111820777,0.06008975661682876,0.0754766052160449,0.20422049644360574
2689927019,0.10442371897227463,0.055148304059611936,0.03729980161610297,0.02219117433589781,0.030156771664973145,0.013457444234770409,0.04688029225335075,0.03296317801325785,0.01888275995548459,0.042604151545942805,0.010457492621086755,0.03217690037257464,0.0168626312478831,0.0666702956403929,0.04400130643054144,0.4258237770358543
2690004771,0.12290729181787392,0.08139788067934389,0.048845986355058796,0.025505637005854745,0.03697924227028596,0.014316301349978229,0.05950307253108821,0.03323535104272512,0.02023152852373349,0.04918469056950695,0.01155223302849954,0.03534620409348236,0.01943920259350656,0.07042023515749744,0.07381937388106644,0.2973157691004984
2690010339,0.15409832099482265,0.06516427154400735,0.06666424735084918,0.027235447815357812,0.04077756810374026,0.017019886776019743,0.06809769197271012,0.03537644554120095,0.027380606764407026,0.0547430686601829,0.016427154400735472,0.040505395074273,0.024326220544829923,0.06610175642328349,0.07071055305559587,0.22537136497798424
2690015153,0.10518580345478297,0.05312817535201045,0.033688972758503896,0.02465887646973436,0.030047902453186236,0.015447331494653313,0.04034813954613635,0.037692940436444576,0.024144771858518408,0.04417065853776552,0.012386896985532492,0.033809938549378235,0.019687182464798957,0.07394033967194076,0.04978951952387865,0.4018725504427348
2690021373,0.15377171335946194,0.08424662505443459,0.040336042967048916,0.02655803938646151,0.030289834034934918,0.016826341510620797,0.043233173658489374,0.03553974935888131,0.02725359268398897,0.03487443750907243,0.014933226883437362,0.03194706536991339,0.02271737552620119,0.04995887163110273,0.09132917211012724,0.2961847389558233
2690031153,0.15101369332752698,0.050509265979580976,0.060023225431847876,0.022487540523539944,0.06959161949000822,0.020074272995596845,0.05820269027918905,0.0334772826244738,0.027888663086079256,0.045688779213238495,0.019421057724875405,0.06425097982290608,0.021604490250157257,0.07335365558620022,0.054634199448396,0.2277785842163836
2690111475,0.1642292059805487,0.0846700053224948,0.0599627425364107,0.024483476072966564,0.03731794648473412,0.017092466250544346,0.057222867373106875,0.033568006967629564,0.02791890453379784,0.04988629215657812,0.017794067837615522,0.038243334784922825,0.02439275172981081,0.06484976048773408,0.08155513620748052,0.2168130352736246
2690113223,0.14308438573571394,0.0859159529685005,0.0424589925968936,0.028680989016306186,0.026848357284559927,0.016499733875260075,0.0446605699908066,0.03838849373397203,0.027562055450718537,0.05186408283737359,0.013294140417090048,0.03147529878550346,0.02214278801954807,0.0635796196835535,0.06347679876131031,0.3000677408428896
2690160919,0.16839042918662606,0.07068031160787729,0.05696279092272705,0.028227367300527405,0.03770503701553201,0.02188271156916824,0.045356123288334056,0.044007354720085164,0.03619901291914646,0.04074732665602168,0.024156868437605845,0.040305801519330324,0.02773745584748633,0.059757100691924324,0.06802511249818552,0.2298591958194223
2690208605,0.15568902114482025,0.06394856534572024,0.054241060628054394,0.02271737552620119,0.05686601829002759,0.019300091934001062,0.0558801470944017,0.02952774955242657,0.02728988242125127,0.05445275076208448,0.016814244931533363,0.055384187351816896,0.0239270334349446,0.07457541007403108,0.05756761987709876,0.23181884163158656
2690224919,0.13707238592925922,0.06210988532443025,0.03410025644747665,0.028112449799196783,0.027816083611554653,0.01806019257753907,0.03792882372864954,0.04015459428073741,0.027912856244254124,0.03458411961097402,0.015120723859292591,0.03172932694633958,0.023485508298253254,0.05297091982387381,0.0647529878550346,0.3640888856631345
2690953116,0.1553866066676344,0.06125102820922242,0.05288624377026177,0.02945517007790197,0.03286640538055838,0.019723472202061252,0.04601538684859922,0.042525523781874484,0.031269656941017084,0.041297721004499924,0.020116611022402864,0.036108288575990716,0.024120578700343544,0.06082159965161853,0.056515217496491986,0.28964048966952144
2690965424,0.16672110127256012,0.0699000822567378,0.05151933033338172,0.028493492040450964,0.040414670731117236,0.021773842357381328,0.045380316446508924,0.04181182561571588,0.037323994774277836,0.0440920307736972,0.022481492233996227,0.0443400106449896,0.029588232447863745,0.06343446073450429,0.07101901582232545,0.2217061015144917
2691021202,0.17356776503604782,0.07335365558620022,0.053364058644215416,0.02651570135965549,0.04967460202254802,0.01850776600377413,0.04701335462331253,0.03480185803454783,0.03026564087676005,0.04007596651666909,0.01804809599845164,0.04798712923985097,0.025753616877147143,0.05610998209706295,0.0790571926259254,0.2259036144578313
