10452092804,0.503641975308642,0.12262962962962964,0.1489074074074074,0.08799999999999998,0.015111111111111113,0.029654320987654317,0.013185185185185185,0.00582716049382716,0.004327160493827161,0.019123456790123457,0.04959259259259259
10452102556,0.30996341463414634,0.3300365853658537,0.16290853658536586,0.048042682926829276,0.06371951219512195,0.00427439024390244,0.00223170731707317,0.011079268292682926,0.0024024390243902443,0.050182926829268296,0.015158536585365853
10452119926,0.07967441860465116,0.0027395348837209303,0.7323441860465117,0.0008604651162790697,0.0047255813953488365,0.0136,0.09754883720930232,0.003069767441860465,0.01793488372093023,0.04504186046511628,0.0024604651162790695
10452124654,0.16518495297805644,0.02309717868338558,0.4632163009404389,0.11438871473354233,0.04007523510971786,0.003178683385579937,0.033360501567398115,0.02900940438871473,0.06596865203761755,0.0475423197492163,0.014978056426332287
10452143954,0.06773667711598746,0.005122257053291536,0.16554858934169278,0.24511598746081506,0.004401253918495298,0.0,0.004877742946708464,0.0006144200626959247,0.0,0.5065454545454545,3.7617554858934165e-05
10452204986,0.3065704918032787,0.0172327868852459,0.07142295081967213,0.25912131147540984,0.012577049180327869,0.0004918032786885245,0.008452459016393445,0.0009377049180327869,0.007672131147540982,0.3150360655737705,0.0004852459016393442
10452213445,0.09113702623906704,0.4855218658892128,0.03660641399416909,0.08090379008746355,0.04276384839650146,0.002600583090379009,0.014670553935860059,0.004227405247813411,0.010408163265306122,0.22918367346938776,0.0019766763848396503
10452220454,0.18830674846625767,0.008963190184049077,0.30271165644171777,0.0684601226993865,0.00841717791411043,0.21238036809815952,0.010521472392638035,0.014288343558282209,0.15504907975460122,0.011006134969325154,0.019895705521472396
10452246926,0.13787987987987987,0.3504504504504504,0.07953753753753753,0.06893693693693694,0.17545345345345345,0.001051051051051051,0.010402402402402405,0.0024384384384384386,0.0005045045045045045,0.16,0.013345345345345346
10452269596,0.4292912912912913,0.26303303303303305,0.026462462462462463,0.13030030030030026,0.06250450450450451,4.8048048048048055e-05,0.016654654654654655,0.004282282282282281,0.0028288288288288287,0.06431831831831833,0.00027627627627627627
10452320753,0.4565567567567568,0.019875675675675674,0.28545945945945944,0.023021621621621618,0.019443243243243244,0.0434,0.007664864864864866,0.003708108108108108,0.1106054054054054,0.02071891891891892,0.009545945945945945
10452363613,0.5843723723723724,0.001747747747747748,0.2620420420420421,0.007135135135135135,0.0010270270270270273,0.09334534534534535,0.003111111111111111,0.0017597597597597593,0.02841441441441441,0.012702702702702705,0.004342342342342343
10452380743,0.2482282608695652,5.4347826086956525e-06,0.14152173913043478,0.25,0.0002880434782608696,0.0,0.0008858695652173914,5.4347826086956525e-06,1.6304347826086955e-05,0.35904891304347825,0.0
10452429093,0.08347147147147149,0.5336996996996997,0.05454054054054054,0.09592192192192192,0.039993993993994,9.009009009009008e-05,0.016114114114114113,0.009963963963963963,0.00019219219219219217,0.15992192192192192,0.00609009009009009
10452444083,0.3985182926829268,0.12748170731707315,0.038402439024390236,0.11271341463414634,0.16089024390243906,0.00013414634146341464,0.011945121951219512,0.011658536585365855,0.005695121951219512,0.13016463414634147,0.002396341463414634
10633216604,0.08580058651026393,0.4905395894428152,0.002715542521994135,0.07756011730205278,0.3268152492668622,0.0002639296187683284,0.00343108504398827,0.0036187683284457477,6.451612903225807e-05,0.008609970674486803,0.0005806451612903225
10633226065,0.09290634441087613,0.4505558912386706,0.047129909365558914,0.25218126888217524,0.11998187311178247,0.00018731117824773413,0.0006827794561933535,0.0032084592145015106,8.459214501510572e-05,0.0038368580060422963,0.02924471299093656
10633240256,0.17368055555555556,0.4262986111111111,0.03,0.0850486111111111,0.2696736111111111,0.0014652777777777778,0.0048333333333333344,0.0029444444444444444,0.0005138888888888888,0.003125,0.0024166666666666672
10633459373,0.1960125,0.615725,0.02774375,0.0319375,0.12538125,0.0002875,0.00039375,0.002025,0.0001125,0.00014375,0.0002375
10656743583,0.154797583081571,0.24035045317220546,0.041148036253776436,0.3876616314199396,0.15337764350453173,0.0,0.0007009063444108762,4.833836858006042e-05,6.042296072507552e-06,0.018767371601208456,0.0031419939577039275
10658246995,0.14399504950495048,0.4781336633663366,0.048603960396039605,0.20305940594059407,0.09208415841584158,0.0017821782178217825,0.0021534653465346536,0.0013663366336633662,0.002376237623762376,0.018559405940594055,0.007886138613861386
10658289816,0.08589830508474576,0.645593220338983,0.049010169491525424,0.0735050847457627,0.11134915254237288,0.0009830508474576271,0.0013084745762711866,0.0018779661016949155,0.0004745762711864407,0.00688135593220339,0.02311864406779661
10658342883,0.08653172205438067,0.4060845921450151,0.12221148036253775,0.15536555891238674,0.175595166163142,0.0,0.030416918429003025,3.021148036253776e-05,0.0,0.019903323262839882,0.0038610271903323267
10660461066,0.19798187311178247,0.3933655589123867,0.12725075528700908,0.10714803625377643,0.07301510574018126,6.64652567975831e-05,0.0017401812688821751,0.014972809667673715,0.0040845921450151056,0.06819939577039275,0.012175226586102721
10660483606,0.1670271903323263,0.5379093655589123,0.039728096676737164,0.09892447129909364,0.11566163141993957,0.004942598187311178,0.0037039274924471296,0.001027190332326284,0.009244712990936555,0.01880966767371601,0.0030211480362537764
10660522504,0.1821510574018127,0.10981268882175227,0.1246404833836858,0.082,0.3346586102719033,0.005728096676737161,0.05685196374622356,0.005166163141993958,0.018531722054380664,0.03717824773413897,0.0432809667673716
10660534024,0.21314199395770392,0.11069486404833837,0.0676797583081571,0.13787915407854984,0.372785498489426,0.0017522658610271903,0.01995166163141994,0.003625377643504532,0.01698489425981873,0.021389728096676736,0.034114803625377645
10660546806,0.19061631419939576,0.2865377643504532,0.10362537764350452,0.10885196374622357,0.17272507552870087,0.0005196374622356496,0.06538368580060423,0.006894259818731117,0.00422356495468278,0.05058610271903323,0.010036253776435043
10660691633,0.15201208459214502,0.44564954682779456,0.05866465256797584,0.15324471299093656,0.12363746223564955,0.005021148036253777,0.007776435045317219,0.0009607250755287008,0.009879154078549848,0.03717824773413897,0.005975830815709971
10661400056,0.10214728682170544,0.5241085271317829,0.01003875968992248,0.08022480620155038,0.25825581395348834,0.0012713178294573644,0.0018294573643410851,0.0012093023255813956,0.0006201550387596901,0.01754263565891473,0.002751937984496124
11702190835,0.04564071856287425,0.5050059880239521,0.13359880239520958,0.08032335329341317,0.21665868263473054,0.00010179640718562876,0.0010538922155688623,0.0003832335329341317,0.00021556886227544906,0.0039401197604790415,0.013077844311377243
11702490555,0.2662574850299401,0.025473053892215568,0.5811197604790419,0.013023952095808384,0.02988023952095808,0.001838323353293413,5.9880239520958085e-06,0.0008023952095808383,0.005167664670658682,1.7964071856287423e-05,0.0764131736526946
11702609283,0.011880239520958085,0.4336107784431138,0.2836586826347305,0.0006706586826347305,0.0031377245508982035,0.146,0.011467065868263474,0.0004011976047904192,0.03179640718562874,0.02324550898203593,0.054131736526946105
11702694703,0.4546287425149701,0.0020179640718562875,0.44813772455089823,0.018952095808383237,0.00886826347305389,0.0325748502994012,0.0008802395209580837,0.0003173652694610778,0.0018922155688622755,0.001964071856287425,0.029766467065868264
11702707043,0.3703233532934132,0.00010179640718562876,0.4254550898203593,0.0004251497005988024,0.0013293413173652694,0.09900598802395208,0.0,0.00017365269461077845,0.007658682634730539,0.006023952095808383,0.08950299401197603
11702730615,0.422245508982036,0.31325149700598803,0.09258083832335327,0.007431137724550898,0.01245508982035928,0.012461077844311377,1.1976047904191615e-05,0.0005389221556886227,0.006149700598802395,0.00020359281437125747,0.13267065868263472
11702793714,0.5,0.031652694610778444,0.3315988023952096,0.026461077844311374,0.017269461077844314,0.029185628742514968,0.002281437125748503,0.013023952095808384,0.012850299401197605,0.004347305389221557,0.03132934131736527
11702889924,0.19092215568862275,9.580838323353292e-05,0.3760958083832335,0.116,0.3035988023952096,5.9880239520958085e-06,8.982035928143712e-05,0.00023353293413173654,9.580838323353292e-05,0.005754491017964072,0.007107784431137723
11702906164,0.5716946107784431,0.08232335329341316,0.17307185628742516,0.08789221556886227,0.015347305389221556,0.015425149700598804,0.003502994011976048,0.008107784431137724,0.006508982035928144,0.02704191616766467,0.00908383233532934
11702937624,0.35908383233532937,0.01558083832335329,0.4872814371257485,0.003682634730538922,0.010562874251497005,0.03247305389221557,0.003053892215568862,0.009077844311377243,0.0275748502994012,0.01576047904191617,0.035868263473053885
11703017533,0.3541556886227545,0.1762694610778443,0.11110778443113772,0.01025748502994012,0.08007185628742515,0.05398203592814371,0.00034131736526946105,0.000437125748502994,0.03695209580838323,0.0,0.1764251497005988
11703108464,0.21364071856287425,0.31155089820359283,0.07529341317365269,0.006131736526946108,0.010011976047904192,0.0482874251497006,3.5928143712574846e-05,0.00011377245508982036,0.023263473053892217,2.994011976047904e-05,0.31164071856287423
11703256956,0.27147305389221554,0.0038802395209580846,0.4585568862275449,0.04265868263473054,0.02133532934131737,0.05194011976047904,0.008892215568862275,0.004473053892215569,0.01909580838323353,0.04897604790419162,0.0687185628742515
11703433606,0.3531796407185629,0.2821437125748503,0.10917964071856287,0.004401197604790419,0.08683832335329342,0.016281437125748505,2.994011976047904e-05,0.00030538922155688616,0.0032514970059880238,6.58682634730539e-05,0.14432335329341314
11703565136,0.8819580838323354,0.027652694610778444,0.029868263473053894,0.00862874251497006,0.020550898203592814,0.0033053892215568863,5.9880239520958085e-06,2.3952095808383234e-05,0.0003832335329341317,0.0006706586826347305,0.026952095808383238
1426403537,0.26554666666666665,0.217392,0.05413866666666666,0.18136,0.143456,0.00011200000000000001,0.015786666666666668,0.007685333333333333,0.004464,0.10172266666666667,0.008335999999999998
1426433995,0.202688,0.052885333333333326,0.009402666666666665,0.37816533333333335,0.14243733333333333,0.0007413333333333333,0.013162666666666666,0.0017920000000000002,0.0002506666666666667,0.19834666666666667,0.000128
1426473017,0.12139733333333333,0.22469333333333333,0.046730666666666656,0.040384,0.41272,0.003024,0.06860266666666667,0.0013813333333333336,0.00128,0.038448,0.04133866666666666
1426492965,0.17130133333333333,0.391744,0.015482666666666669,0.21297600000000003,0.039136,5.333333333333334e-06,0.0077333333333333325,0.006586666666666666,0.00043733333333333336,0.15403733333333333,0.00056
1426502085,0.137664,0.009466666666666665,0.056890666666666666,0.42024533333333336,0.025952,2.666666666666667e-05,0.018272,0.007231999999999999,0.000352,0.3227413333333333,0.0011573333333333331
1426506491,0.13170133333333334,0.25704,0.033408,0.2770293333333333,0.010533333333333334,0.0,0.017669333333333332,0.005728,0.000288,0.266336,0.0002666666666666667
1426527283,0.09738666666666665,0.39565333333333336,0.01903466666666666,0.179136,0.025642666666666668,3.2e-05,0.012938666666666666,0.0048,0.0007626666666666668,0.2640213333333333,0.000592
1427321614,0.06894400000000002,0.7579786666666667,0.006234666666666667,0.08554133333333333,0.04703466666666666,6.4e-05,0.003061333333333333,0.0008853333333333332,5.8666666666666665e-05,0.02997333333333333,0.00022400000000000002
1427343546,0.44261333333333336,0.030501333333333325,0.022005333333333328,0.12747733333333333,0.312016,0.0005333333333333334,0.001248,0.0006826666666666667,0.0006613333333333333,0.051952,0.010309333333333334
1427356636,0.1828533333333333,0.4725546666666666,0.05295466666666666,0.08173333333333335,0.126128,4.8e-05,0.053594666666666665,0.0011733333333333333,0.0002506666666666667,0.02666133333333333,0.002048
1427361820,0.09690666666666667,0.5823253333333334,0.017882666666666668,0.13213866666666665,0.063584,4.8e-05,0.007018666666666667,0.003872,0.0006293333333333333,0.09311466666666665,0.00248
1427375124,0.11868266666666667,0.384272,0.015232,0.194624,0.030576,1.6e-05,0.006506666666666666,0.003877333333333333,0.0004,0.245264,0.0005493333333333333
1427389680,0.13102933333333333,0.0027466666666666672,0.062416,0.5343093333333333,0.011717333333333331,0.0,0.012906666666666669,0.0012,0.0,0.2415573333333333,0.002117333333333333
1427394838,0.154448,0.01228266666666667,0.08376,0.4596213333333333,0.02907733333333333,0.0,0.006645333333333333,0.001568,0.0,0.25116266666666665,0.0014346666666666668
1427400906,0.108784,0.28402666666666665,0.023845333333333333,0.230976,0.011264,4.266666666666666e-05,0.012437333333333331,0.006186666666666666,0.00041066666666666666,0.321504,0.0005226666666666666
2411547713,0.227584,0.1544,0.04800533333333333,0.427872,0.048357333333333336,5.333333333333334e-06,0.0026773333333333328,0.003429333333333333,0.0005386666666666666,0.08656,0.0005706666666666668
2411552913,0.10093866666666666,0.354208,0.09736,0.34957866666666665,0.026064,1.0666666666666667e-05,0.013114666666666669,0.003616,0.0005013333333333333,0.054293333333333325,0.00031466666666666665
2411563411,0.28724266666666665,0.347728,0.02856,0.11073066666666667,0.13604266666666667,8e-05,0.004832,0.002933333333333333,0.0012906666666666667,0.07925866666666667,0.0013013333333333336
2411640183,0.08741866666666667,0.57184,0.19044266666666668,0.027978666666666662,0.07792,0.000128,0.0032,0.005002666666666666,0.00792,0.012368,0.015781333333333338
2411676021,0.10664533333333333,0.4626826666666666,0.14399466666666666,0.043226666666666656,0.09283733333333331,0.0009973333333333331,0.013829333333333334,0.0015733333333333333,0.003445333333333333,0.045605333333333324,0.08516266666666665
2411682265,0.15847466666666668,0.220944,0.0932,0.243808,0.030042666666666662,0.00042133333333333335,0.01701333333333333,0.01347733333333333,0.007312,0.21398933333333334,0.0013173333333333331
2411757963,0.29596266666666665,0.285648,0.17671466666666666,0.07503999999999998,0.07251733333333332,0.0028266666666666666,0.0011733333333333333,0.011456,0.0005653333333333334,0.02232533333333333,0.05577066666666667
2412391894,0.19573333333333331,0.195824,0.04904,0.407296,0.08936533333333335,0.0,0.0006293333333333333,0.000896,0.000448,0.05880533333333333,0.001962666666666667
2412397896,0.06971733333333334,0.696176,0.026789333333333328,0.10285333333333334,0.054896,5.333333333333334e-06,0.0039306666666666665,0.0016053333333333336,5.333333333333333e-05,0.04285866666666667,0.0011146666666666666
2412427350,0.10991466666666666,0.05798933333333332,0.38176,0.11365866666666667,0.031077333333333325,0.0172,0.035184,0.020912,0.0066026666666666655,0.13957866666666666,0.08612266666666665
2412442476,0.156848,0.013706666666666669,0.44232,0.011653333333333332,0.0025386666666666665,0.072176,0.015984,0.049461333333333336,0.08807466666666665,0.039173333333333324,0.108064
2412473818,0.37121064301552104,0.39165853658536587,0.05266075388026607,0.06845232815964523,0.08375609756097561,6.65188470066519e-05,0.0013392461197339247,0.016660753880266076,0.0026208425720620843,0.005791574279379158,0.005782705099778271
2412475388,0.3430127877237852,0.020491048593350384,0.01788235294117647,0.27583631713554985,0.06374424552429668,1.0230179028132993e-05,0.007017902813299233,0.018168797953964196,0.002925831202046036,0.2465319693094629,0.00437851662404092
2412488564,0.12936,0.3608,0.076752,0.17210666666666666,0.06586666666666667,0.0005013333333333333,0.013152,0.010218666666666666,0.002976,0.16483733333333336,0.003429333333333333
2412555618,0.58272,0.006768,0.16399466666666668,0.030976,0.002384,0.10068266666666667,0.006506666666666666,0.004202666666666667,0.07747733333333333,0.014346666666666669,0.009941333333333332
2530906855,0.4987027027027027,0.12834234234234235,0.20217417417417416,0.041225225225225225,0.06384384384384384,0.004294294294294294,0.0007147147147147147,0.008798798798798798,0.00024624624624624625,0.0030510510510510513,0.04860660660660661
2530908841,0.3323843843843844,0.16366366366366367,0.2505585585585586,0.0643003003003003,0.06537537537537537,0.010090090090090088,0.002042042042042042,0.008918918918918918,0.00013213213213213214,0.00500900900900901,0.09752552552552554
2531086231,0.490996996996997,0.0,0.2674234234234234,1.2012012012012014e-05,0.00019219219219219217,0.0314954954954955,0.0003003003003003003,4.8048048048048055e-05,0.20003603603603606,0.005813813813813814,0.003681681681681681
2531087583,0.5711651651651651,0.0,0.17588588588588588,0.0,0.0016996996996996995,0.04735135135135135,0.00015615615615615616,1.8018018018018016e-05,0.19589789789789794,0.0018378378378378375,0.0059879879879879885
2531726228,0.34316516516516515,0.17605405405405405,0.21547147147147147,0.08233033033033033,0.08416216216216214,0.005291291291291292,0.003357357357357357,0.01684084084084084,0.0005885885885885886,0.02270870870870871,0.05003003003003003
2531902786,0.7106426426426427,0.0,0.04075075075075074,0.0,0.0,0.09987387387387389,0.0,0.0,0.14873273273273274,0.0,0.0
2532526207,0.1363063063063063,0.3088948948948949,0.21896096096096096,0.15805405405405407,0.08566966966966966,0.006696696696696697,0.030414414414414413,0.011657657657657658,0.00481081081081081,0.02125525525525525,0.01727927927927928
2532642343,0.26827627627627626,0.020264264264264264,0.32428828828828826,0.02396996996996997,0.011489489489489487,0.06818018018018017,0.02068468468468469,0.03947747747747748,0.09424624624624624,0.09238438438438439,0.03673873873873874
2532647681,0.4974474474474474,0.037759759759759766,0.20184984984984986,0.02317117117117117,0.14936936936936934,0.02101501501501501,0.022174174174174173,0.010726726726726726,0.004606606606606607,0.003171171171171171,0.028708708708708706
2532657933,0.03453453453453453,0.683075075075075,0.06675075075075075,0.07066666666666667,0.09422222222222222,0.00018618618618618615,0.004756756756756757,0.0003243243243243243,7.207207207207206e-05,0.039489489489489486,0.005921921921921922
2532659689,0.12509309309309313,0.28234234234234235,0.3764864864864865,0.0634054054054054,0.06954354354354354,0.00014414414414414415,0.03681681681681682,0.006234234234234234,0.0010450450450450448,0.025297297297297298,0.013591591591591592
2533334430,0.30184384384384383,0.0172012012012012,0.5716636636636636,0.04595195195195195,0.021153153153153158,0.009873873873873873,0.00046846846846846843,0.0020540540540540547,0.0035735735735735736,6.606606606606607e-05,0.02615015015015015
2533475250,0.37576576576576576,0.16856456456456456,0.2596996996996997,0.06394594594594595,0.08145345345345345,0.004996996996996997,0.01401801801801802,0.0025525525525525524,0.005273273273273272,0.00390990990990991,0.019819819819819815
2533476776,0.037771771771771774,0.7128108108108108,0.04801201201201201,0.06191591591591593,0.10133933933933932,0.00018018018018018016,0.0030990990990990997,0.0004984984984984984,3.003003003003003e-05,0.03151951951951952,0.002822822822822823
2620004935,0.12753012048192772,0.3691265060240964,0.05471686746987952,0.16049397590361444,0.20595180722891565,0.0002108433734939759,0.01044578313253012,0.0022289156626506025,0.00043373493975903607,0.06706024096385542,0.0018012048192771087
2620005857,0.2675361445783133,0.3860722891566265,0.06425903614457831,0.13423493975903614,0.11448192771084335,0.000463855421686747,0.017963855421686745,0.0014156626506024097,0.0012650602409638553,0.011939759036144578,0.00036746987951807224
2620006557,0.17670481927710846,0.006054216867469879,0.2943975903614458,0.07908433734939758,0.10063253012048193,0.0006867469879518072,0.004650602409638554,0.03136144578313253,0.003614457831325301,0.26328915662650604,0.03952409638554217
2620008187,0.09339156626506023,0.2843795180722892,0.16093975903614458,0.13690361445783136,0.14187951807228916,0.0011204819277108435,0.018493975903614457,0.005204819277108435,0.0014457831325301205,0.1226144578313253,0.03362650602409638
2620009299,0.0057349397590361435,0.5565,0.15026506024096387,0.07304819277108433,0.03531325301204819,0.0026566265060240964,0.025560240963855417,0.002283132530120482,0.0028192771084337353,0.1332710843373494,0.012548192771084337
2620011333,0.18702409638554215,0.09042168674698799,0.38085542168674696,0.13752409638554214,0.06389156626506023,0.017042168674698797,0.017969879518072288,0.009144578313253012,0.0420421686746988,0.03984939759036145,0.014234939759036143
2620013013,0.0382289156626506,0.27143373493975903,0.0242289156626506,0.4287831325301205,0.12967469879518073,0.0,0.012801204819277108,0.00046987951807228915,3.614457831325301e-05,0.09392771084337348,0.00041566265060240964
2620013573,0.07448192771084337,0.3113674698795181,0.17730722891566264,0.258210843373494,0.03254819277108434,0.008210843373493976,0.007518072289156626,0.00906024096385542,5.421686746987952e-05,0.049506024096385534,0.07173493975903615
2620832738,0.009819277108433735,0.7369518072289155,0.07972891566265058,0.08410240963855421,0.04186144578313253,0.00024096385542168676,0.005024096385542169,0.00010843373493975904,6.0240963855421675e-06,0.03752409638554217,0.004632530120481928
2620833166,0.1036867469879518,0.0006987951807228916,0.17919277108433734,0.3605120481927711,0.00900602409638554,0.0008192771084337348,0.03625301204819277,0.0019457831325301203,1.2048192771084335e-05,0.30139156626506025,0.006481927710843374
2620834132,0.5359939759036144,0.0006204819277108434,0.04604819277108434,0.002132530120481928,0.3046987951807229,0.02430722891566265,0.007060240963855421,0.04130722891566265,0.007602409638554216,0.009156626506024099,0.021072289156626504
2620834398,0.007716867469879517,0.3417650602409639,0.19918072289156627,0.18702409638554215,0.0025843373493975906,7.83132530120482e-05,0.009849397590361445,0.0010240963855421687,0.002644578313253012,0.24809036144578314,4.216867469879517e-05
2620834840,0.045427710843373485,0.0002590361445783133,0.6545120481927711,0.011301204819277108,0.018825301204819282,0.1074156626506024,0.0012409638554216867,0.00010843373493975904,0.0004036144578313253,0.011391566265060242,0.14911445783132526
2620835490,0.3265120481927711,0.06448795180722891,0.4022349397590361,0.11204819277108434,0.014186746987951809,0.02043373493975904,0.009234939759036144,0.01316867469879518,0.009698795180722893,0.02266867469879518,0.005325301204819277
2620836962,0.04193975903614458,3.012048192771084e-05,0.4814096385542169,0.4683072289156626,0.002716867469879518,4.216867469879517e-05,0.0028192771084337353,8.433734939759034e-05,3.012048192771084e-05,0.0017530120481927714,0.0008674698795180721
2689904793,0.006526946107784431,0.002341317365269461,0.4828982035928144,0.0828502994011976,0.07650299401197605,0.008670658682634731,0.005526946107784431,0.005353293413173653,0.0029461077844311376,0.0008023952095808383,0.3255808383233533
2689927019,0.12168862275449102,0.0648502994011976,0.003892215568862276,0.10365269461077843,0.14048502994011974,5.988023952095808e-05,0.00041916167664670653,0.005449101796407186,0.0,0.5363832335329342,0.02311976047904192
2690004771,0.09467065868263473,0.07346107784431137,0.03049700598802395,0.2314431137724551,0.016035928143712574,0.002,0.020311377245508983,0.00515568862275449,0.00046706586826347307,0.5245449101796407,0.0014131736526946108
2690010339,0.0557185628742515,0.13425748502994012,0.062437125748502985,0.39620958083832336,0.06502994011976047,0.00017964071856287425,0.017347305389221558,0.0147125748502994,0.0016766467065868265,0.24888622754491016,0.0035449101796407186
2690015153,0.0452874251497006,0.5074850299401198,0.0031976047904191613,0.14239520958083832,0.09680838323353295,0.0,0.002467065868263473,0.004526946107784431,1.1976047904191615e-05,0.19741916167664667,0.0004011976047904192
2690021373,0.021479041916167663,0.5113413173652694,0.007802395209580837,0.06304790419161677,0.15274251497005986,1.1976047904191615e-05,0.0017125748502994011,0.00011377245508982036,0.0,0.2404131736526946,0.0013353293413173653
2690031153,0.011215568862275448,0.01262874251497006,0.16988622754491015,0.1652874251497006,0.19934131736526947,0.002964071856287425,0.20059281437125748,0.002425149700598802,0.0002275449101796407,0.13859880239520958,0.09683233532934131
2690111475,0.05651497005988024,0.04627544910179641,0.052083832335329344,0.1247185628742515,0.296437125748503,0.0011257485029940119,0.12667065868263472,0.036305389221556884,0.003473053892215569,0.22788622754491014,0.028508982035928145
2690113223,0.05420359281437126,0.04930538922155689,0.12620359281437127,0.1869640718562874,0.14981437125748506,0.002263473053892216,0.005946107784431138,0.007197604790419162,0.005083832335329342,0.3972035928143712,0.01581437125748503
2690160919,0.2634790419161677,0.1064131736526946,0.04413173652694611,0.11024550898203593,0.1265688622754491,0.0005868263473053892,0.07416167664670657,0.012796407185628744,0.0015389221556886227,0.2590778443113773,0.001
2690208605,0.054526946107784434,0.2849281437125749,0.09460479041916167,0.2254251497005988,0.05837724550898204,0.00441317365269461,0.004029940119760479,0.026970059880239518,0.0002934131736526946,0.19590419161676648,0.05052694610778443
2690224919,0.005215568862275449,0.3553532934131737,0.4194550898203593,0.043449101796407194,0.06429940119760479,0.0002934131736526946,0.012526946107784431,0.00019161676646706587,0.0,0.04892814371257485,0.0502874251497006
2690953116,0.03183233532934132,0.008215568862275448,0.12232934131736528,0.05256886227544911,0.4006766467065868,0.0005628742514970059,0.007598802395209581,0.00181437125748503,0.0,0.33977245508982035,0.03462874251497006
2690965424,0.19393413173652693,0.019592814371257487,0.07346107784431137,0.12180838323353295,0.2684730538922156,0.0007485029940119762,0.09934131736526945,0.011419161676646706,0.003035928143712575,0.18243113772455088,0.025754491017964072
2691021202,0.05124550898203593,0.28578443113772456,0.12931736526946108,0.1768622754491018,0.06595808383233533,0.002922155688622755,0.00718562874251497,0.0375748502994012,0.00013772455089820359,0.174688622754491,0.06832335329341316
2706097051,0.200141592920354,0.18023008849557526,0.0495929203539823,0.030058997050147494,0.3154395280235988,0.025651917404129792,0.005710914454277286,0.06766961651917404,0.0019115044247787608,0.0680117994100295,0.0555811209439528
2706098567,0.6763884057971015,0.036794202898550725,0.03191304347826087,0.0588927536231884,0.09962898550724636,5.797101449275361e-06,0.005310144927536232,0.0034144927536231885,0.0016869565217391305,0.08224927536231885,0.003715942028985507
2706098941,0.2704863221884499,0.13141641337386015,0.1163951367781155,0.1549544072948328,0.106048632218845,0.0,0.0012644376899696047,0.00046808510638297874,6.0790273556231e-06,0.21767173252279634,0.0012887537993920973
2706099055,0.335375,0.13434090909090907,0.03935795454545454,0.13292045454545456,0.2448352272727273,0.00010227272727272728,0.001153409090909091,0.002829545454545455,0.0004715909090909091,0.102375,0.006238636363636364
2706099761,0.19746865671641792,0.041611940298507455,0.06562985074626865,0.05355223880597015,0.503844776119403,0.011402985074626866,0.0050925373134328355,0.01149850746268657,0.001892537313432836,0.01825671641791045,0.08974925373134328
2706100063,0.2553231707317073,0.4867926829268293,0.015219512195121953,0.035902439024390234,0.1165609756097561,0.0003109756097560976,0.004548780487804878,0.030878048780487805,0.0012134146341463415,0.046115853658536585,0.007134146341463416
2706917288,0.369960113960114,0.00964102564102564,0.035868945868945866,0.07677492877492878,0.0967977207977208,0.0,0.003287749287749288,0.0027977207977207975,0.00049002849002849,0.3984786324786325,0.005903133903133903
2706917478,0.377811209439528,0.029522123893805305,0.0923598820058997,0.026861356932153392,0.11802949852507374,0.04329203539823009,0.006436578171091446,0.003457227138643068,0.015174041297935103,0.27118584070796453,0.015870206489675517
2706917798,0.20583888888888888,0.17008333333333334,0.024822222222222218,0.12628333333333333,0.4492833333333333,0.00020555555555555559,0.00075,0.010338888888888887,0.00115,0.0069055555555555545,0.004338888888888889
2706917898,0.24671098265895955,0.17434104046242774,0.11520231213872832,0.20240462427745665,0.14908092485549132,4.624277456647399e-05,0.002023121387283237,0.0005433526011560694,0.0007225433526011559,0.09035260115606936,0.018572254335260115
2706918184,0.22115662650602408,0.057397590361445774,0.13826506024096386,0.06066867469879517,0.22763855421686746,0.0048975903614457824,0.022957831325301204,0.018259036144578314,0.00489156626506024,0.16998795180722892,0.07387951807228915
2706918334,0.09683775811209441,0.009728613569321531,0.2801356932153392,0.0075811209439528016,0.05143362831858408,0.2091209439528024,0.05665486725663716,0.015144542772861357,0.09684365781710914,0.025250737463126845,0.1512684365781711
2706918472,0.17156574923547402,0.010654434250764526,0.3013394495412844,0.011382262996941896,0.08911926605504587,0.08880122324159022,0.01910703363914373,0.019902140672782873,0.0865993883792049,0.024611620795107036,0.17691743119266054
2706918582,0.14300307692307693,0.3591076923076923,0.022615384615384617,0.08647384615384615,0.045858461538461535,0.0,0.02321230769230769,0.010775384615384615,0.0010892307692307694,0.3065846153846154,0.00128
2706918902,0.1026896551724138,0.18117241379310345,0.16090229885057472,0.07561494252873564,0.20106896551724135,0.03693103448275862,0.016545977011494253,0.049919540229885054,0.011528735632183908,0.06516091954022989,0.0984655172413793
290346269,0.27424,0.13215466666666667,0.27488,0.15250133333333332,0.079776,0.0066293333333333326,0.002496,0.0013066666666666667,0.013408000000000002,0.04474133333333333,0.017866666666666666
290347029,0.4703893333333333,0.09185066666666665,0.15824,0.10816533333333334,0.029568,0.001104,0.004410666666666666,0.014896000000000001,0.005658666666666666,0.094448,0.02126933333333333
290349674,0.23025066666666666,0.06770133333333334,0.068144,0.16137066666666666,0.238384,0.0018933333333333328,0.010736,0.03834666666666666,0.03731733333333333,0.13453866666666667,0.011317333333333334
290351948,0.110976,0.3579573333333333,0.055072,0.2663413333333333,0.079248,0.0044266666666666656,0.0060533333333333324,0.008250666666666665,0.004325333333333333,0.10091733333333333,0.006432
290352449,0.7928373333333331,0.026010666666666668,0.009290666666666666,0.12439466666666668,0.030250666666666662,0.0,0.0,0.0005493333333333333,1.6e-05,0.016624,2.666666666666667e-05
290352615,0.514192,0.021909333333333333,0.042656,0.22493866666666668,0.13469866666666666,0.00033066666666666666,0.00011733333333333333,0.0008213333333333333,0.0003413333333333333,0.05823466666666665,0.00176
290352789,0.41485866666666665,0.547728,0.002757333333333333,0.002864,0.030432,0.0,1.6e-05,0.00031466666666666665,2.133333333333333e-05,8.533333333333334e-05,0.0009226666666666668
290354671,0.24403200000000003,0.09198933333333334,0.026368,0.05313066666666666,0.40316266666666667,0.0011946666666666664,0.007648,0.011962666666666668,0.0015093333333333332,0.093216,0.06578666666666666
290355495,0.342912,0.3098133333333333,0.145152,0.11072533333333333,0.062261333333333335,0.0006293333333333333,0.0010773333333333334,0.002805333333333333,0.000256,0.021754666666666662,0.002613333333333333
290355908,0.22937600000000002,0.031541333333333324,0.132544,0.11979733333333335,0.20328533333333332,0.001312,0.0051413333333333346,0.009461333333333332,0.0007146666666666666,0.21332266666666666,0.053504
290356084,0.323728,0.360544,0.13241066666666668,0.14100266666666667,0.029664,0.0,0.0005706666666666668,0.002384,0.0,0.008255999999999998,0.00144
290356784,0.07077333333333333,0.006906666666666666,0.44944,0.16064533333333333,0.0017333333333333333,0.0002826666666666667,0.20078933333333326,0.10568,0.00336,0.00037866666666666664,1.0666666666666667e-05
290360091,0.14192,0.20343466666666668,0.013530666666666668,0.17512533333333333,0.15566933333333333,0.0,0.005216,0.010565333333333331,0.00018133333333333331,0.2774506666666667,0.016906666666666667
290360470,0.6747733333333333,0.042453333333333336,0.041333333333333326,0.09150933333333332,0.00976,0.0,0.0052373333333333326,0.007797333333333333,3.733333333333333e-05,0.12648533333333334,0.0006133333333333334
290360858,0.41111466666666663,0.059413333333333325,0.02389333333333333,0.165088,0.04293866666666666,0.0005546666666666666,0.00304,0.027626666666666667,0.014218666666666666,0.250288,0.001824
4027619725,0.21795195195195194,0.4625705705705706,0.0256996996996997,0.03311111111111111,0.12815615615615614,0.0003723723723723724,0.007525525525525527,0.0008408408408408409,0.0024024024024024023,0.11165765765765766,0.009711711711711712
4027625475,0.11434234234234235,0.7367147147147147,0.023177177177177176,0.02365165165165165,0.03753753753753754,3.003003003003003e-05,0.0095015015015015,0.0006906906906906907,0.0009369369369369368,0.05222822822822823,0.0011891891891891893
4027628555,0.2970538922155689,0.26289820359281435,0.061311377245508974,0.06562275449101797,0.13584431137724554,0.00021556886227544906,0.02455089820359281,0.0009640718562874252,0.0014970059880239524,0.1477245508982036,0.002317365269461077
4027641657,0.05732732732732732,0.6014774774774775,0.045063063063063055,0.06187387387387387,0.01321921921921922,0.004444444444444445,0.009363363363363363,0.0012852852852852856,0.002918918918918919,0.19818618618618614,0.0048408408408408396
4027644415,0.24761561561561565,0.07867267267267265,0.1335975975975976,0.1941981981981982,0.03178978978978979,0.004,0.04744744744744745,0.004378378378378378,0.00621021021021021,0.248006006006006,0.004084084084084084
4027646409,0.08495209580838321,0.3247185628742515,0.0895688622754491,0.0805688622754491,0.019275449101796408,0.007251497005988023,0.04626946107784431,0.005598802395209581,0.009640718562874255,0.33153892215568864,0.0006167664670658681
4027647005,0.055295522388059695,0.6543940298507462,0.05617910447761194,0.06605970149253733,0.004483582089552239,0.0007701492537313431,0.010752238805970149,0.0009014925373134328,0.0016716417910447759,0.14293731343283586,0.006555223880597015
4027655541,0.22954954954954954,0.22875075075075074,0.1486006006006006,0.015183183183183185,0.02267867867867868,0.0828108108108108,0.027555555555555555,0.06263063063063062,0.16826426426426427,0.007459459459459459,0.006516516516516515
4027657471,0.2348323353293413,0.5028682634730539,0.012718562874251495,0.11623952095808385,0.04193413173652694,0.00020958083832335326,0.005407185628742514,0.006934131736526946,0.0004491017964071856,0.07734131736526946,0.001065868263473054
4027659893,0.27313513513513515,0.39342942942942943,0.14524924924924926,0.07239639639639639,0.021585585585585584,0.012348348348348349,0.0062282282282282286,0.009663663663663663,0.0008888888888888888,0.04537537537537537,0.0196996996996997
4028372658,0.13730538922155688,0.5639461077844311,0.22495808383233531,0.022754491017964076,0.04774251497005988,1.7964071856287423e-05,0.000688622754491018,0.0015568862275449102,5.988023952095808e-05,0.0008802395209580837,8.982035928143712e-05
4028376822,0.16039520958083833,0.6815928143712575,0.0215748502994012,0.02517365269461078,0.036083832335329344,1.1976047904191615e-05,0.00886826347305389,0.0008682634730538922,0.0006586826347305389,0.06198203592814371,0.0027904191616766466
4028380134,0.18008982035928145,0.6620299401197605,0.04480239520958084,0.02826347305389221,0.049640718562874254,0.0,0.005970059880239521,0.0012694610778443114,0.00033532934131736525,0.025065868263473054,0.0025329341317365268
4028383788,0.3043003003003003,0.4257717717717717,0.03583783783783784,0.03173573573573574,0.09744744744744743,0.00019819819819819816,0.021483483483483484,0.0018138138138138137,0.0008648648648648649,0.07624024024024023,0.004306306306306306
4028388706,0.3212312312312312,0.1988108108108108,0.10748348348348348,0.016558558558558558,0.15836636636636636,0.017147147147147147,0.03654054054054054,0.002540540540540541,0.0026846846846846845,0.11724924924924925,0.021387387387387387
4107880947,0.3604906666666666,0.06968533333333334,0.021568,0.2488373333333333,0.12560533333333335,0.0029706666666666666,0.002928,0.014437333333333332,0.024346666666666662,0.12348800000000001,0.005642666666666666
4107881817,0.09836266666666665,0.0,0.0,0.819168,0.0,0.0,0.0,0.0,0.0,0.08246933333333335,0.0
4107884203,0.07370133333333331,0.0,0.0,0.8178666666666666,0.0,0.0,0.0,0.0,0.0,0.10843199999999999,0.0
4107885699,0.01767466666666667,0.0,0.0,0.9534826666666668,0.0,0.0,0.0,0.0,0.0,0.028842666666666662,0.0
4107887033,0.14657066666666665,0.0,0.0,0.7973226666666666,0.0,0.0,0.0,0.0,0.0,0.056106666666666666,0.0
4107891155,0.058752,0.0,0.0,0.877792,0.0,0.0,0.0,0.0,0.0,0.063456,0.0
4107894189,0.2769493333333333,0.0,0.0,0.557184,0.0,0.0,0.0,0.0,0.0,0.16586666666666666,0.0
4107895469,0.4251573333333333,0.0,0.0,0.38365333333333335,0.0,0.0,0.0,0.0,0.0,0.19118933333333327,0.0
4107897723,0.37185066666666666,0.0,0.0,0.418112,0.0,0.0,0.0,0.0,0.0,0.21003733333333333,0.0
4107900033,0.468944,0.0,0.0,0.5258773333333333,0.0,0.0,0.0,0.0,0.0,0.005178666666666666,0.0
4108653560,0.02109866666666667,0.0,0.0,0.9238613333333332,0.0,0.0,0.0,0.0,0.0,0.05504,0.0
4108654984,0.02058133333333333,0.0,0.0,0.9192959999999999,0.0,0.0,0.0,0.0,0.0,0.060122666666666665,0.0
4108657666,0.30488,0.0,0.0,0.5367413333333333,0.0,0.0,0.0,0.0,0.0,0.15837866666666667,0.0
4108661410,0.3180053333333333,0.0,0.0,0.6801333333333334,0.0,0.0,0.0,0.0,0.0,0.0018613333333333331,0.0
4108663816,0.43755200000000005,0.0,0.0,0.367728,0.0,0.0,0.0,0.0,0.0,0.19472,0.0
4685000051,0.13445045045045045,0.1153993993993994,0.14820420420420422,0.162012012012012,0.13252252252252253,0.0003363363363363364,0.005213213213213213,0.009159159159159163,0.002468468468468469,0.27108708708708706,0.01914714714714715
4685000423,0.007603603603603603,0.5544744744744745,0.045993993993994,0.37216816816816817,0.005111111111111111,0.0,0.00013213213213213214,5.4054054054054054e-05,0.0,0.014354354354354356,0.00010810810810810812
4685001363,0.1940785498489426,0.0643987915407855,0.04713595166163142,0.2972205438066465,0.0811178247734139,0.00024773413897280966,0.00170392749244713,0.003740181268882175,6.042296072507552e-05,0.30089425981873114,0.009401812688821752
4685002837,0.2953926380368099,0.10439877300613497,0.1850368098159509,0.2850184049079755,0.001539877300613497,0.0029693251533742327,0.00794478527607362,0.004202453987730061,0.00012883435582822087,0.06808588957055214,0.045282208588957054
4685004355,0.03277477477477477,0.0001021021021021021,0.2364564564564565,0.19048648648648647,0.00046846846846846843,0.0,0.04425225225225225,0.0008588588588588589,0.0001021021021021021,0.4943423423423424,0.00015615615615615616
4685006987,0.11555555555555555,0.032744744744744744,0.4452612612612613,0.14505105105105104,0.04875075075075074,0.0038138138138138133,0.04625825825825826,0.07942342342342343,0.020444444444444446,0.03770570570570571,0.024990990990990992
4685007819,0.10897910447761194,0.3832716417910448,0.14216119402985075,0.07537910447761194,0.07426268656716417,0.003271641791044776,0.016465671641791045,0.027032835820895523,0.0009791044776119404,0.09204776119402984,0.07614925373134326
4685008485,0.02631901840490797,0.9020674846625768,0.0034355828220858893,0.014582822085889569,0.03756441717791411,1.8404907975460126e-05,0.004576687116564417,0.003607361963190184,0.00017177914110429448,0.007233128834355827,0.00042331288343558284
4685633294,0.1072089552238806,0.2332462686567164,0.03276119402985075,0.1185373134328358,0.043097014925373135,0.004798507462686568,0.06942537313432835,0.0011940298507462687,0.00023134328358208954,0.3795597014925373,0.009940298507462687
4685634044,0.12230721003134795,0.022840125391849528,0.09225078369905955,0.2513479623824452,0.05196865203761755,0.00015673981191222572,0.00884012539184953,0.0028652037617554857,0.009924764890282132,0.4355799373040752,0.0019184952978056427
