11345647513,0.4537417417417418,0.16654654654654655,0.08718918918918919,0.09117117117117116,0.03712912912912913,0.00954954954954955,0.0004864864864864865,0.004516516516516515,0.022480480480480482,0.0644024024024024,0.06278678678678679
11370126356,0.1984564564564565,0.0727087087087087,0.06443243243243243,0.2483063063063063,0.0064144144144144145,0.00042042042042042044,0.0023003003003003,0.0012132132132132132,0.0015795795795795794,0.4021861861861861,0.001981981981981982
12496565503,0.20807207207207207,0.10787987987987988,0.08142342342342343,0.24745345345345346,0.004072072072072072,0.06752552552552553,0.04016816816816817,0.010864864864864866,0.014624624624624626,0.21546546546546547,0.002450450450450451
12496722755,0.25482882882882885,0.20843843843843846,0.19011411411411408,0.05701501501501501,0.0004084084084084084,0.0235975975975976,0.20825825825825825,0.006870870870870871,0.04996996996996997,0.00047447447447447453,2.4024024024024028e-05
12496887265,0.2854774774774775,0.135987987987988,0.1328108108108108,0.176006006006006,0.005465465465465466,0.026018018018018015,0.01018018018018018,0.013345345345345346,0.03447447447447447,0.17963963963963964,0.0005945945945945945
12496940295,0.27178378378378376,0.11336336336336335,0.08993993993993994,0.19502702702702704,0.009111111111111113,0.07455855855855856,0.019255255255255257,0.013891891891891892,0.008846846846846845,0.20148348348348347,0.002738738738738739
12497053754,0.2997537537537537,0.010114114114114114,0.05884084084084084,0.3965165165165165,0.00025825825825825824,0.003213213213213213,0.0736996996996997,0.015117117117117116,0.010798798798798798,0.13168168168168168,6.006006006006007e-06
12497065235,0.1773993993993994,0.16587387387387387,0.10803003003003003,0.25699099099099093,0.009675675675675677,0.02506906906906907,0.014894894894894897,0.007459459459459459,0.007723723723723723,0.22215615615615614,0.004726726726726727
12497092273,0.18082282282282286,0.18991591591591592,0.06872072072072072,0.21448648648648647,0.011909909909909908,0.032636636636636636,0.022,0.006864864864864865,0.004606606606606607,0.26703903903903903,0.0009969969969969969
12497114985,0.2597177177177177,0.007543543543543542,0.029837837837837836,0.4778378378378378,0.028288288288288287,0.0005405405405405405,0.0025465465465465465,0.0041681681681681685,0.003141141141141141,0.185957957957958,0.00042042042042042044
12497128795,0.23778378378378376,0.17351951951951952,0.10394594594594593,0.20210210210210208,0.012948948948948949,0.09278678678678678,0.02058258258258258,0.0050510510510510505,0.006528528528528529,0.14415015015015015,0.0006006006006006006
12497216703,0.42386786786786784,0.21915915915915915,0.0589069069069069,0.15624624624624625,0.020024024024024024,0.005417417417417418,0.005015015015015015,0.0016756756756756755,0.016396396396396395,0.08980780780780781,0.003483483483483484
12497234034,0.40425225225225225,0.0074234234234234215,0.08827027027027028,0.15759159159159158,0.00012012012012012012,0.007045045045045046,0.15446246246246245,0.0038798798798798796,0.01115915915915916,0.16533933933933934,0.00045645645645645645
12497260794,0.19472072072072072,0.2023543543543544,0.07002402402402401,0.24578378378378374,0.0031951951951951947,0.027735735735735737,0.04428228228228228,0.012306306306306306,0.010954954954954957,0.18783783783783786,0.0008048048048048048
12497291294,0.22104504504504505,0.17192792792792794,0.14750150150150151,0.08066666666666665,0.0011051051051051053,0.13233633633633635,0.19874474474474474,0.004282282282282281,0.03275075075075075,0.009249249249249249,0.0003903903903903904
12497320934,0.3474774774774775,0.012114114114114114,0.14484684684684684,0.18487687687687687,0.007573573573573573,0.011057057057057056,0.028432432432432438,0.008384384384384382,0.013303303303303305,0.24141141141141145,0.0005225225225225224
12497387424,0.4438198198198198,0.2302522522522523,0.1439099099099099,0.06001201201201201,0.003177177177177177,0.01163963963963964,0.002642642642642643,0.004108108108108109,0.013345345345345346,0.08692492492492496,0.00016816816816816817
1427900367,0.05069866666666667,0.0010346666666666666,0.42288,0.15801066666666666,0.019146666666666663,0.09133866666666665,0.013829333333333334,0.006810666666666665,0.038917333333333325,0.17001066666666667,0.027322666666666662
1427900533,0.08047244094488189,0.0025984251968503933,0.16155118110236222,0.32121259842519684,0.05925196850393701,0.04937795275590552,0.2158897637795276,0.0008346456692913386,0.002535433070866141,0.05322047244094488,0.05305511811023623
1428779394,0.37681595092024533,0.004190184049079755,0.12680981595092025,0.02457055214723926,0.01661963190184049,0.07441717791411041,0.033588957055214724,0.0008895705521472395,0.17817791411042944,0.14789570552147238,0.016024539877300615
1428779914,0.3429572192513369,0.05444385026737968,0.37852941176470584,0.03300534759358289,0.08529411764705881,0.006524064171122994,0.013203208556149731,0.0056791443850267385,0.014005347593582887,0.04414973262032085,0.022208556149732616
1428780040,0.630496,0.02565333333333333,0.10457066666666667,0.096096,0.0092,0.008432,0.004661333333333332,0.010293333333333331,0.0023786666666666665,0.10729066666666667,0.000928
1593561917,0.3674208955223881,0.0,0.15334328358208954,0.1681910447761194,0.103444776119403,0.0,5.970149253731344e-06,5.970149253731344e-06,1.7910447761194035e-05,0.2075223880597015,4.776119402985074e-05
1593577773,0.017564179104477613,0.3978686567164179,0.03302089552238806,0.14379701492537314,0.15395820895522389,0.0003582089552238807,0.028776119402985075,0.0035641791044776117,0.0009731343283582087,0.21867462686567166,0.0014447761194029852
1593625299,0.18698507462686567,0.0721492537313433,0.10835223880597017,0.30694328358208955,0.033564179104477614,0.0001373134328358209,0.007205970149253732,0.0008179104477611939,0.0008298507462686566,0.2811343283582089,0.0018805970149253727
1593637477,0.09515223880597017,0.0996179104477612,0.2432358208955224,0.030280597014925376,0.15151044776119402,0.04150447761194031,0.016322388059701494,0.00011343283582089551,0.004859701492537313,0.042035820895522394,0.27536716417910445
1593638721,0.05681194029850746,0.3376179104477612,0.2447283582089552,0.059092537313432836,0.06734925373134329,0.03493731343283582,0.01707462686567164,2.985074626865672e-05,0.002358208955223881,0.0020417910447761197,0.17795820895522388
1593640601,0.027528358208955224,0.3613014925373135,0.1407283582089552,0.0015761194029850745,0.0018865671641791048,0.3868537313432836,0.0024716417910447762,0.0004,0.0013731343283582087,0.0006029850746268657,0.07527761194029851
1593676427,0.016305389221556887,0.04040119760479042,0.0112874251497006,0.7339341317365269,0.0010479041916167664,0.0009281437125748503,0.014646706586826347,0.0004491017964071856,4.191616766467066e-05,0.1808622754491018,9.580838323353292e-05
1593702245,0.3086686567164179,0.0,0.010692537313432835,0.5523701492537313,0.016376119402985074,0.0,2.985074626865672e-05,0.0,0.0,0.11186268656716418,0.0
1594456014,0.20957014925373132,0.4545432835820896,0.06229253731343284,0.09622686567164179,0.06236417910447761,0.000573134328358209,0.004185074626865672,0.005576119402985075,0.010059701492537314,0.09250746268656716,0.002101492537313433
1594465288,0.0682089552238806,0.0035462686567164173,0.20310447761194034,0.6614865671641791,0.010238805970149254,0.00014925373134328356,0.019952238805970145,0.00041194029850746263,4.776119402985074e-05,0.027683582089552242,0.005170149253731343
1594470000,0.0038985074626865673,0.6079582089552239,0.18157014925373136,0.023510447761194028,0.07808955223880595,0.003629850746268657,0.01765373134328358,8.955223880597014e-05,0.0010805970149253732,0.031182089552238806,0.05133731343283582
1594488068,0.05784477611940299,0.5835462686567165,0.061116417910447765,0.1102686567164179,0.09825074626865672,0.0011761194029850743,0.000626865671641791,0.0002865671641791045,0.0002805970149253731,0.008382089552238804,0.07822089552238806
1594509232,0.19158805970149254,2.388059701492537e-05,0.1648179104477612,0.08921194029850744,0.005552238805970149,0.02848955223880597,0.010543283582089552,0.00025074626865671644,0.17229850746268655,0.2694507462686567,0.06777313432835821
218441561,0.00042042042042042044,0.0,0.06483483483483483,1.8018018018018016e-05,0.012342342342342343,0.0463963963963964,2.4024024024024028e-05,0.0,0.0002042042042042042,0.0024144144144144144,0.8733453453453452
218441624,0.017417417417417418,0.3642522522522523,0.01574174174174174,0.0017357357357357358,0.5667867867867867,6.006006006006007e-06,0.0,0.0,0.0,0.02917117117117117,0.004888888888888889
218442238,0.20805438066465254,0.0,0.0,0.4305498489425981,0.0,0.0,0.0,0.0,0.0,0.3613957703927492,0.0
218442505,0.040636636636636636,0.4000720720720721,0.028360360360360364,0.015933933933933934,0.3847927927927928,4.8048048048048055e-05,0.0004024024024024024,6.006006006006006e-05,3.003003003003003e-05,0.033129129129129124,0.09653453453453452
218442543,0.009367781155015195,0.33617021276595743,0.2489848024316109,0.029191489361702124,0.06334954407294832,0.0050516717325227965,0.01964741641337386,0.0,2.43161094224924e-05,0.2773191489361702,0.010893617021276595
218442599,0.022972809667673715,0.0018429003021148038,0.456416918429003,0.06877945619335347,0.01945619335347432,0.017262839879154078,0.16925679758308154,0.0007190332326283989,0.008876132930513595,0.14939577039274926,0.08502114803625377
218442851,0.6719279279279279,6.006006006006007e-06,0.1701081081081081,0.02786786786786787,0.025447447447447445,0.002078078078078078,0.013795795795795795,0.0006006006006006006,0.013213213213213212,0.06224624624624624,0.012708708708708707
218443475,0.5507027027027027,0.3305405405405405,0.010216216216216215,0.021483483483483484,0.08486486486486486,0.0,8.408408408408409e-05,0.0003783783783783784,1.8018018018018016e-05,0.0013693693693693693,0.0003423423423423424
218443542,0.3499159159159159,0.03712912912912913,0.01541741741741742,0.04403003003003003,0.4793753753753754,0.0,3.003003003003003e-05,0.0001381381381381381,0.0,0.04596396396396396,0.028
2447456907,0.030408408408408406,0.2848468468468469,0.2804744744744745,0.016072072072072074,0.0036756756756756758,0.3366246246246246,0.0015795795795795794,0.0118018018018018,0.026504504504504502,0.004756756756756757,0.003255255255255255
2463745419,0.1642814371257485,0.18054491017964072,0.015886227544910182,0.1237065868263473,0.30197604790419164,5.9880239520958085e-06,0.0127125748502994,0.01376047904191617,7.185628742514969e-05,0.17800598802395207,0.009047904191616765
2463748497,0.183255,0.443125,0.070655,0.117005,0.04163,0.002375,0.016745,0.007185,0.020215,0.093175,0.004635
2463752189,0.08017261904761903,0.17720833333333333,0.5394761904761904,0.10201190476190476,0.012636904761904762,0.015410714285714288,0.031464285714285715,0.006505952380952381,0.0028214285714285715,0.01400595238095238,0.018285714285714287
2463754369,0.1465568862275449,0.25003592814371256,0.07840718562874252,0.20032934131736527,0.17888023952095808,5.988023952095808e-05,0.05963473053892216,0.010976047904191615,0.00012574850299401196,0.07131137724550897,0.003682634730538922
2463764943,0.06427710843373494,0.2432951807228916,0.13229518072289154,0.07498192771084337,0.3389277108433735,0.0024759036144578308,0.02356626506024096,0.006198795180722892,0.0005843373493975904,0.08131325301204818,0.03208433734939759
2463774021,0.12233128834355828,0.33961349693251536,0.1196564417177914,0.013368098159509205,0.1102883435582822,0.2533619631901841,0.00301840490797546,0.003423312883435583,0.002380368098159509,0.002067484662576687,0.03049079754601227
2463787037,0.018817910447761196,0.11240597014925373,0.03996417910447761,0.39753432835820895,0.4034149253731344,5.970149253731344e-06,0.0013850746268656714,0.012125373134328358,9.552238805970148e-05,0.008913432835820896,0.005337313432835821
2463789333,0.06165165165165165,0.5540300300300302,0.13741141141141142,0.03763363363363363,0.13530930930930932,0.004930930930930931,0.010516516516516515,0.010822822822822823,0.011231231231231232,0.02741141141141141,0.009051051051051051
2463791517,0.03008333333333333,0.7993749999999998,0.0039642857142857145,0.0037976190476190475,0.1606607142857143,0.0,5.9523809523809525e-06,0.00011309523809523809,0.0,0.0014821428571428572,0.0005178571428571428
2463793937,0.12084242424242425,0.2925636363636364,0.05123030303030303,0.4196363636363637,0.10072727272727272,0.0,0.0008606060606060606,0.004363636363636364,1.2121212121212124e-05,0.009678787878787879,8.484848484848483e-05
2464582312,0.11681194029850744,0.7060298507462687,0.031170149253731343,0.03328358208955224,0.04054328358208955,0.0018746268656716415,0.009964179104477612,0.00471044776119403,0.0008298507462686566,0.041886567164179114,0.012895522388059702
2464598498,0.12436363636363636,0.5072484848484848,0.07259393939393939,0.0678060606060606,0.0763030303030303,0.0007454545454545455,0.010036363636363637,0.019103030303030302,0.0019272727272727273,0.11111515151515153,0.008757575757575756
2464599776,0.0674954954954955,0.7076816816816817,0.05481081081081081,0.050942942942942944,0.05905705705705705,0.0,0.0012132132132132132,0.0017717717717717718,1.8018018018018016e-05,0.05115315315315315,0.005855855855855856
2464609084,0.22268098159509206,0.38598159509202457,0.25201840490797545,0.018723926380368097,0.0413680981595092,0.046570552147239264,0.0020920245398773005,0.0012576687116564414,0.000852760736196319,0.004184049079754601,0.024269938650306747
2464615440,0.2241570996978852,0.514392749244713,0.05228398791540786,0.0028640483383685802,0.19719637462235648,1.812688821752266e-05,0.00013293051359516617,0.0002416918429003021,2.416918429003021e-05,0.0008882175226586101,0.007800604229607252
2517655296,0.2453033033033033,0.038174174174174166,0.12701501501501505,0.05362162162162162,0.16416816816816818,8.408408408408409e-05,0.0020540540540540547,0.005075075075075074,0.0013273273273273272,0.35501501501501503,0.008162162162162163
2685896883,0.1376,0.011408,0.06671466666666667,0.2338186666666667,0.04664,0.00029866666666666664,0.002906666666666667,0.001888,0.0025493333333333327,0.47712,0.019056
2685906651,0.05365866666666666,0.016122666666666667,0.09952,0.16673066666666667,0.21879466666666667,0.0060693333333333346,0.015146666666666666,0.00688,0.054709333333333325,0.3126506666666667,0.049717333333333336
2685907307,0.0757720207253886,0.0417720207253886,0.05597409326424871,0.29289119170984457,0.35379274611398964,0.002316062176165803,0.0021036269430051813,0.00638860103626943,0.002,0.15112953367875648,0.015860103626943005
2685907715,0.053061333333333335,0.035664,0.07828266666666665,0.549376,0.2307946666666667,5.333333333333334e-06,0.000304,0.00020266666666666667,1.0666666666666667e-05,0.05212266666666666,0.000176
2685911327,0.045477333333333335,0.02004266666666667,0.026272000000000004,0.038704,0.3930186666666666,0.004336,0.0033173333333333327,0.01135466666666667,0.006181333333333333,0.336896,0.1144
2685913455,0.100384,0.006912,0.0020746666666666665,0.09753066666666665,0.2534293333333333,0.0,0.00013333333333333334,0.00010666666666666668,0.0,0.5394293333333333,0.0
2686709276,0.016461139896373055,0.3193626943005181,0.037709844559585495,0.4861347150259067,0.12468911917098445,7.7720207253886e-05,9.844559585492228e-05,0.005963730569948186,0.0010984455958549222,0.0,0.008404145077720207
2686712866,0.13245866666666667,0.031488,0.029264,0.584416,0.033408,0.00216,0.00368,0.009925333333333331,0.009610666666666665,0.16121066666666667,0.0023786666666666665
2686714982,0.001088,0.06872533333333332,0.0006346666666666666,0.6113493333333333,0.03178133333333333,5.333333333333334e-06,0.0007839999999999998,0.0004693333333333333,0.001648,0.28348266666666666,3.2e-05
2686716842,0.0036213333333333327,0.005669333333333334,0.011989333333333331,0.063152,0.3265173333333333,0.0,0.00020266666666666667,0.00256,0.0,0.5694666666666666,0.016821333333333334
2686717340,0.055573333333333336,0.003488,0.059664,0.151344,0.19208,3.733333333333333e-05,0.0011733333333333333,0.005621333333333333,0.041765333333333335,0.4790986666666666,0.010154666666666666
2686723074,0.055492227979274604,0.06146113989637305,0.0771761658031088,0.09910880829015543,0.4359948186528497,8.808290155440414e-05,0.009217616580310879,0.0578341968911917,0.022440414507772018,0.1445284974093264,0.036658031088082896
2686725548,0.08013866666666665,0.030144,0.02373333333333333,0.33837866666666666,0.18708266666666667,0.0,4.266666666666666e-05,0.0022826666666666672,0.00021866666666666668,0.33770666666666666,0.000272
2686727136,0.3452266666666667,0.10955733333333334,0.21101333333333333,0.029392,0.014021333333333334,0.041450666666666657,0.029136,0.021696,0.188784,0.0043413333333333325,0.005381333333333334
2686728102,0.040133333333333326,0.207344,0.014309333333333334,0.01808,0.00013866666666666666,0.3204,0.00042666666666666667,0.008565333333333331,0.09661866666666669,0.13482666666666668,0.15915733333333335
2718956990,0.0002746268656716418,0.9691641791044776,0.00029850746268656717,0.02840597014925373,4.179104477611941e-05,0.0,0.0,1.1940298507462685e-05,5.970149253731344e-06,0.0017970149253731344,0.0
2735188949,0.18756268221574346,0.2452711370262391,0.05443148688046647,0.2640466472303207,0.11493877551020408,0.0005481049562682216,0.005288629737609329,0.010606413994169095,0.002594752186588921,0.11002332361516036,0.004688046647230321
2736291534,0.04133866666666666,0.627216,0.054672,0.07661333333333335,0.10835733333333332,7.466666666666666e-05,0.0026986666666666665,0.005797333333333333,0.00010133333333333332,0.046917333333333325,0.03621333333333333
2837147288,0.146853470437018,0.5874858611825193,0.007799485861182519,0.07775321336760925,0.1529203084832905,0.0,0.0009974293059125965,0.001768637532133676,7.712082262210797e-05,0.020889460154241646,0.003455012853470437
2898278335,0.25942342342342345,0.0,0.3448288288288288,0.05433633633633634,0.008930930930930931,0.0,0.0012732732732732733,0.0002702702702702703,4.204204204204204e-05,0.3297657657657658,0.0011291291291291288
2898280373,0.13326126126126125,0.0,0.5902882882882882,0.09688288288288288,0.15786186186186185,0.0,0.008642642642642643,0.0005645645645645644,0.0014894894894894894,0.009087087087087086,0.0019219219219219214
2898308633,0.07372372372372371,0.003309309309309309,0.5557237237237237,0.09729129129129127,0.08182582582582584,0.04742942942942943,0.011177177177177177,0.0017357357357357358,0.012942942942942943,0.0065045045045045045,0.10833633633633634
2898338603,0.282990990990991,0.008492492492492492,0.0523963963963964,0.6083003003003002,0.018726726726726727,0.0,0.0010810810810810813,0.013309309309309307,0.00011411411411411411,0.014588588588588587,0.0
2898340443,0.3063783783783784,0.018006006006006006,0.11598798798798797,0.4725345345345345,0.03016816816816817,0.002618618618618618,0.00212012012012012,0.03124924924924925,0.0010270270270270273,0.019849849849849846,6.006006006006006e-05
2899117016,0.3197957957957958,0.002990990990990991,0.31275675675675674,0.04407807807807808,0.06738138138138138,0.0005165165165165165,0.0038378378378378375,0.01018018018018018,0.025981981981981983,0.2109069069069069,0.0015735735735735734
2899133600,0.4038318318318319,0.0036996996996997,0.3720840840840841,0.0016156156156156155,0.0792912912912913,0.03264864864864865,0.00048048048048048047,0.0047987987987988,0.0307987987987988,0.011003003003003005,0.05974774774774775
2899148700,0.07613813813813812,0.005429429429429429,0.5361141141141141,0.02517117117117117,0.02663063063063063,0.09306906906906909,0.0008408408408408409,0.005327327327327327,0.04021621621621622,0.0039579579579579575,0.1871051051051051
2904231145,0.14245645645645647,0.0,0.37310510510510503,0.018144144144144145,0.012990990990990992,0.016372372372372372,0.00023423423423423422,0.00015015015015015014,0.04744144144144144,0.3883423423423423,0.0007627627627627627
2904232819,0.16650450450450446,0.0035615615615615616,0.4409129129129129,0.040186186186186176,0.2667927927927928,0.004246246246246246,0.007801801801801802,0.0019939939939939933,0.0008768768768768767,0.061375375375375366,0.0057477477477477475
2905077484,0.1085945945945946,0.0008108108108108108,0.13622822822822822,0.21350750750750752,0.1806246246246246,0.0013993993993993994,0.005837837837837838,0.002084084084084084,0.003249249249249249,0.3441561561561561,0.0035075075075075074
2907636079,0.06918918918918919,6.006006006006007e-06,0.7608888888888888,0.14584984984984986,0.013003003003003005,0.00010810810810810812,0.003321321321321321,0.003945945945945945,0.003477477477477477,0.00012012012012012012,9.009009009009008e-05
2907637389,0.050606606606606604,0.0,0.5516816816816816,0.2267867867867868,0.008912912912912912,0.0012672672672672672,0.11727927927927928,0.009081081081081079,0.010570570570570571,0.023225225225225226,0.0005885885885885886
2907638727,0.2450990990990991,0.018114114114114115,0.3054294294294294,0.245951951951952,0.005357357357357357,0.032336336336336334,0.018570570570570568,0.013789789789789788,0.04483483483483484,0.0703963963963964,0.00012012012012012012
2908480738,0.17096696696696698,0.3677297297297297,0.08873273273273273,0.3426366366366366,0.0037477477477477475,0.0025345345345345344,0.00038438438438438444,0.005597597597597597,0.017333333333333333,0.0003363363363363364,0.0
3092716777,0.42096533333333336,0.07234133333333331,0.13032,0.075952,0.066096,4.8e-05,0.0004746666666666666,0.0028373333333333328,0.002272,0.22072533333333333,0.007967999999999998
3092717999,0.352352,0.01614933333333334,0.10626666666666666,0.181152,0.03790933333333334,0.002474666666666667,0.003856,0.0067786666666666655,0.003066666666666667,0.22650666666666666,0.063488
3092724249,0.21170133333333327,0.183936,0.2847786666666667,0.12319466666666665,0.08168533333333332,0.003114666666666666,0.0014453333333333336,0.0006613333333333333,0.0014026666666666664,0.0005866666666666667,0.10749333333333333
3093557056,0.19369066666666668,0.018090666666666668,0.16473066666666664,0.3074133333333333,0.046624,0.0006506666666666666,0.0059573333333333344,0.007690666666666666,0.004538666666666666,0.21670933333333334,0.033904
3093560172,0.2365386666666667,0.0008853333333333332,0.37146666666666667,0.04336,0.06672,0.0003733333333333333,0.00208,0.0016426666666666664,0.001584,0.06220266666666668,0.21314666666666668
3093561204,0.4943733333333333,0.005712,0.0050666666666666655,0.289952,0.01584,5.333333333333334e-06,0.0014826666666666664,0.004570666666666666,0.00018133333333333331,0.1820213333333333,0.0007946666666666667
3093564182,0.166048,0.052650666666666665,0.065696,0.40985600000000005,0.033504,0.0002453333333333333,0.007168,0.010213333333333331,0.005829333333333333,0.241152,0.007637333333333333
3093566474,0.341632,0.06211733333333332,0.12733333333333333,0.18810133333333331,0.04432,0.000848,0.005013333333333333,0.004698666666666667,0.0032106666666666672,0.17038933333333334,0.052336
3102174199,0.3746933333333333,0.10477866666666667,0.049125333333333326,0.21626133333333333,0.01946133333333333,0.0016053333333333336,0.008917333333333331,0.005333333333333333,0.003456,0.19861333333333334,0.01775466666666666
3102901056,0.6117813333333333,0.012816,0.041984,0.18786133333333327,0.08414399999999998,0.002501333333333333,0.0037973333333333336,0.0059253333333333345,0.0012106666666666667,0.04568,0.002298666666666667
3103006230,0.4179733333333333,0.041952,0.032208,0.19809066666666664,0.030128,8.533333333333334e-05,0.0006773333333333333,0.00344,0.0021813333333333333,0.2716106666666667,0.0016533333333333333
3103007040,0.3245866666666667,0.04957866666666666,0.17233066666666666,0.16898133333333334,0.03235733333333333,0.0007093333333333332,0.0037653333333333328,0.003536,0.001184,0.22329066666666667,0.01968
3103008752,0.4390133333333333,0.06218666666666666,0.08358933333333332,0.12693333333333334,0.03983466666666666,0.005226666666666666,0.003530666666666667,0.009205333333333331,0.005669333333333334,0.20346133333333333,0.02134933333333333
3113303153,0.420784,0.009328,0.09433066666666666,0.05061866666666666,0.3343573333333333,0.002458666666666667,0.0077066666666666655,0.016453333333333334,0.001472,0.03768,0.02481066666666667
336289276,0.3153973333333333,0.380288,0.110848,0.10046933333333333,0.015498666666666666,0.0007413333333333333,0.02416533333333333,0.0031786666666666673,0.0016586666666666664,0.045557333333333325,0.0021973333333333333
336290206,0.08595733333333333,0.11071466666666667,0.18677866666666668,0.42064,0.0021973333333333333,0.000576,0.063008,0.00336,0.003632,0.11641066666666665,0.006725333333333333
336290760,0.11682666666666665,0.4314933333333333,0.14909333333333333,0.2493973333333333,0.0035093333333333326,0.0,0.024138666666666662,0.0028853333333333326,0.00017066666666666668,0.022410666666666662,7.466666666666666e-05
336291419,0.28786133333333336,0.2834346666666667,0.09711466666666667,0.178736,0.002762666666666667,0.00016533333333333333,0.055744,0.007818666666666666,0.001392,0.083792,0.0011786666666666664
336291787,0.007056,0.550256,0.09319466666666665,0.087232,0.00019733333333333327,1.6e-05,0.040736,0.005024,5.8666666666666665e-05,0.21581866666666666,0.00041066666666666666
336293060,0.4831786666666666,0.013194666666666669,0.10690666666666666,0.2939253333333333,0.000816,0.003413333333333333,0.02496,0.003717333333333333,0.004192,0.05639466666666666,0.009301333333333332
336293496,0.075056,0.7417173333333333,0.05134933333333333,0.04421866666666667,0.0010933333333333333,0.00020266666666666667,0.015872,0.008032,0.0012853333333333336,0.058922666666666665,0.002250666666666667
336294636,0.16384,0.028634666666666662,0.304656,0.4068906666666666,0.002485333333333333,0.0009013333333333332,0.03909333333333333,0.003578666666666666,0.0013066666666666667,0.04256,0.0060533333333333324
336296758,0.087536,0.173328,0.328512,0.37661333333333336,0.003328,0.0003253333333333333,0.0050933333333333325,0.006624,0.0048533333333333345,0.006042666666666666,0.007744
336298478,0.09181866666666669,0.17784533333333333,0.185984,0.4756053333333333,0.0032106666666666672,0.00021866666666666668,0.018442666666666663,0.01897066666666667,0.004538666666666666,0.02206933333333333,0.001296
336299144,0.054181333333333324,0.451456,0.27469866666666665,0.145184,0.0028533333333333327,0.00272,0.017994666666666666,0.006368,0.010325333333333334,0.019312,0.014906666666666669
336301199,0.28025066666666665,0.4346453333333333,0.04807466666666666,0.032485333333333324,0.07367999999999998,0.00016533333333333333,0.02376,0.0013653333333333336,0.0007573333333333334,0.10342933333333333,0.0013866666666666667
336301787,0.05077333333333333,0.0005866666666666667,0.20989333333333327,0.5657013333333333,0.006026666666666665,0.046730666666666656,0.0368,0.0032479999999999996,0.006832,0.04149866666666667,0.031909333333333324
336302378,0.184832,0.0054613333333333345,0.07109866666666667,0.4360373333333333,0.013482666666666669,0.0006026666666666667,0.048672,0.009573333333333331,0.0038293333333333335,0.21762666666666666,0.008784
336303595,0.3417813333333333,3.2e-05,0.2690773333333333,0.11482666666666665,0.0067786666666666655,8.533333333333334e-05,0.14282666666666666,0.0013813333333333336,0.00021866666666666668,0.12220266666666668,0.0007893333333333333
3770431016,0.3305813333333333,0.08159466666666665,0.011210666666666669,0.341232,0.029626666666666662,1.6e-05,0.006213333333333335,0.0046773333333333346,0.00056,0.1941493333333333,0.00013866666666666666
3770432440,0.438112,0.008245333333333332,0.004981333333333332,0.36621866666666664,0.0018346666666666667,0.0,0.0018613333333333331,0.004053333333333332,1.6e-05,0.172848,0.0018293333333333332
3829736243,0.4034834834834835,0.022846846846846847,0.300048048048048,0.0244984984984985,0.08159159159159159,0.002780780780780781,0.006198198198198199,0.0008228228228228228,0.02396996996996997,0.11536936936936935,0.01839039039039039
3829736657,0.8913633633633634,0.0,0.07264264264264264,0.00025225225225225225,7.207207207207206e-05,0.012366366366366366,4.8048048048048055e-05,0.0007807807807807806,0.006786786786786787,0.00010810810810810812,0.015579579579579582
3829737429,0.3104864864864865,0.0,0.5829669669669669,0.005567567567567568,0.0005405405405405405,0.023183183183183183,0.0011831831831831832,0.0003423423423423424,0.06324324324324325,0.0047987987987988,0.007687687687687686
3829738107,0.07723723723723724,0.0,0.7015975975975977,0.0007867867867867867,1.2012012012012014e-05,0.13929729729729728,6.006006006006007e-06,0.0028708708708708713,0.07769969969969971,0.0,0.0004924924924924925
3829738249,0.0505945945945946,0.0,0.6273453453453454,0.002846846846846847,4.204204204204204e-05,0.1885945945945946,6.006006006006006e-05,0.004102102102102102,0.12496696696696695,0.0,0.0014474474474474475
3829738763,0.4401261261261261,0.0,0.515021021021021,0.003189189189189189,0.003423423423423424,0.00821021021021021,0.0008408408408408409,0.00022822822822822822,0.01509309309309309,0.004330330330330329,0.009537537537537536
3830532848,0.40899099099099107,0.0,0.5312072072072072,0.0007687687687687687,0.0003183183183183183,0.023957957957957958,0.0003903903903903904,0.0002882882882882883,0.01891891891891892,0.0004444444444444444,0.014714714714714715
3830533180,0.3703843843843844,0.0,0.5232852852852853,0.01890690690690691,0.001051051051051051,0.009945945945945946,0.0013513513513513516,0.0009549549549549551,0.05794594594594595,0.008432432432432432,0.007741741741741741
3830533352,0.21007207207207207,0.0,0.7014054054054054,0.029495495495495495,0.0071711711711711715,0.008390390390390391,0.00042642642642642644,0.00017417417417417416,0.03156156156156156,0.002600600600600601,0.008702702702702703
3830534392,0.2855135135135135,0.0,0.606936936936937,0.012024024024024024,0.003075075075075075,0.03542942942942943,0.0004624624624624624,9.609609609609608e-05,0.03795795795795796,0.004432432432432433,0.014072072072072072
3830534494,0.6483903903903904,0.0,0.3163963963963964,0.0005825825825825825,0.00022822822822822822,0.013093093093093092,0.00042642642642642644,0.0002822822822822822,0.009231231231231232,0.0023843843843843844,0.008984984984984986
3830534876,0.30455855855855857,0.00015615615615615616,0.3620540540540541,0.2533273273273273,0.014204204204204204,0.0025465465465465465,0.0025165165165165165,6.606606606606607e-05,0.008972972972972974,0.04636036036036036,0.005237237237237236
3830535032,0.3263603603603604,0.0,0.451981981981982,0.10389189189189188,0.0051711711711711714,0.0029489489489489488,0.006264264264264264,1.8018018018018016e-05,0.010504504504504505,0.0838978978978979,0.008960960960960959
3830535182,0.5277537537537538,0.0,0.31356756756756754,0.016012012012012012,0.0016816816816816818,0.018480480480480482,0.007309309309309309,8.408408408408409e-05,0.014894894894894897,0.08067267267267267,0.019543543543543544
3830535342,0.3967447447447448,0.0,0.5502582582582582,0.011867867867867869,0.00013213213213213214,0.028954954954954957,0.0005765765765765766,9.009009009009008e-05,0.009753753753753754,0.0002222222222222222,0.0013993993993993994
3852429547,0.18532085561497327,0.27189304812834225,0.10410160427807487,0.18184491978609627,0.06461497326203207,0.002679144385026738,0.008251336898395722,0.01735294117647059,0.002663101604278075,0.13847593582887702,0.02280213903743316
3853243966,0.14326203208556149,0.17662032085561494,0.10666844919786096,0.2544812834224599,0.19982352941176473,0.00047058823529411766,0.009978609625668449,0.02046524064171123,0.0004171122994652407,0.07040641711229946,0.017406417112299462
3859608467,0.06015023474178404,0.6211549295774648,0.12116431924882627,0.08165258215962441,0.05509859154929578,5.6338028169014086e-05,0.005089201877934272,0.0012018779342723006,0.00019718309859154928,0.05196244131455399,0.002272300469483568
4002501619,0.2218434163701068,0.4465266903914591,0.030170818505338082,0.06377224199288256,0.17269750889679714,0.0,7.11743772241993e-05,0.0016370106761565836,0.0,0.0632526690391459,2.8469750889679717e-05
4004310229,0.38436298932384333,0.09687544483985763,0.014640569395017794,0.17126690391459073,0.04241281138790036,0.0004128113879003559,0.001487544483985765,0.019658362989323844,0.0139644128113879,0.25197153024911034,0.0029466192170818505
4004481791,0.22291103202846976,0.35634875444839853,0.1555373665480427,0.1500782918149466,0.03166548042704626,0.004348754448398578,0.005665480427046264,0.0038007117437722413,0.003117437722419929,0.054320284697508894,0.01220640569395018
4004620403,0.08353024911032028,0.4538007117437722,0.039722419928825616,0.025160142348754445,0.3128256227758007,0.00039145907473309616,0.002512455516014235,0.007316725978647686,0.0005622775800711744,0.033523131672597864,0.040654804270462634
4004643769,0.0009110320284697507,0.531729537366548,0.2730320284697509,0.1835800711743772,0.009131672597864769,0.0,4.270462633451957e-05,0.00019217081850533808,0.00010676156583629892,0.0009537366548042703,0.0003202846975088968
4004949705,0.0036156583629893243,0.2432099644128114,0.2491103202846975,0.06834875444839858,0.3345053380782918,0.0007686832740213523,7.117437722419929e-06,5.6939501779359435e-05,0.00027758007117437725,5.6939501779359435e-05,0.10004270462633452
4004951697,0.13215658362989324,0.090711743772242,0.12658362989323846,0.2329039145907473,0.048661921708185056,0.06073309608540925,0.006911032028469751,0.009330960854092529,0.044498220640569394,0.24392882562277576,0.0035800711743772242
4005081942,0.3635444839857651,0.0779644128113879,0.09687544483985763,0.2843629893238434,0.015743772241992884,2.8469750889679717e-05,0.0026049822064056934,0.003587188612099644,0.00016370106761565836,0.15352313167259787,0.001601423487544484
4005237996,0.15379359430604986,0.39849822064056933,0.23508896797153025,0.09682562277580073,0.03977224199288256,0.00202135231316726,0.003281138790035587,0.0035800711743772242,0.0015800711743772242,0.04696085409252669,0.018597864768683275
4005242376,0.13214946619217086,0.4287615658362989,0.1731387900355872,0.1727829181494662,0.02304626334519573,0.008185053380782919,0.00977224199288256,0.001793594306049822,0.0021423487544483984,0.045202846975088966,0.0030249110320284696
4005254266,0.08980782918149464,0.5179288256227758,0.006412811387900356,0.10800000000000001,0.073644128113879,3.558718861209965e-05,0.00039145907473309616,0.004512455516014235,2.1352313167259786e-05,0.19911743772241994,0.00012811387900355873
4005389610,0.21077580071174376,0.03475444839857651,0.13590035587188612,0.4791459074733096,0.023117437722419927,0.017750889679715304,0.017224199288256227,0.023544483985765124,0.010889679715302492,0.045601423487544486,0.0012953736654804273
4005717530,0.14184341637010675,0.11560142348754447,0.2739644128113879,0.04518149466192171,0.02481850533807829,0.13898220640569395,0.008633451957295373,0.006911032028469751,0.018825622775800712,0.21195729537366548,0.013281138790035587
4005718500,0.12543772241992882,0.2180071174377224,0.2154306049822064,0.15679003558718865,0.041537366548042715,0.04995729537366548,0.009231316725978649,0.004612099644128114,0.006334519572953737,0.06096797153024911,0.11169395017793594
4015325236,0.29107473309608534,4.270462633451957e-05,0.06670462633451957,0.6366975088967971,0.0002491103202846975,0.0,0.0030960854092526692,0.001274021352313167,0.0,0.0008469750889679715,1.4234875444839855e-05
4527531321,0.1844,0.4958986666666666,0.022992,0.2274666666666667,0.031376,5.333333333333334e-06,0.009221333333333331,0.007754666666666666,2.133333333333333e-05,0.01966933333333333,0.0011946666666666664
4527723097,0.028064,0.572112,0.17206933333333332,0.16301333333333334,0.06425066666666665,0.0,3.2e-05,0.000128,0.0,0.00033066666666666666,0.0
4528010081,0.4741377245508982,0.0,0.0,0.505251497005988,0.0,0.0,0.0,0.0,0.0,0.020610778443113768,0.0
4528010413,0.1651497005988024,0.38291017964071855,0.045365269461077835,0.36,0.02144311377245509,0.00020958083832335326,0.0014251497005988026,0.0025868263473053893,0.005580838323353293,0.0151437125748503,0.00018562874251497005
4528155676,0.19272,0.5966186666666666,0.023808,0.15825066666666668,0.025824,0.0,0.000928,0.001008,0.0,0.0007786666666666665,6.4e-05
4528159154,0.13738666666666666,0.496176,0.03229866666666667,0.2552906666666667,0.027146666666666663,0.0,0.007802666666666667,0.005845333333333334,0.0,0.037162666666666656,0.0008906666666666666
4528166814,0.173008,0.5200053333333333,0.03668266666666666,0.21624,0.030661333333333325,0.0,0.004672,0.002101333333333333,0.0,0.016064,0.0005653333333333334
4528181226,0.02861333333333333,0.4477973333333333,0.278112,0.18943466666666667,0.046837333333333335,0.0,0.0012853333333333336,0.000672,2.666666666666667e-05,0.005509333333333333,0.0017120000000000002
4528643488,0.4881317365269461,0.0,0.0,0.4799101796407186,0.0,0.0,0.0,0.0,0.0,0.031958083832335324,0.0
4528643586,0.24637125748502994,0.16693413173652694,0.045610778443113766,0.4524311377245509,0.006688622754491018,0.017467065868263472,0.004425149700598803,0.003778443113772455,0.005964071856287425,0.04489820359281437,0.0054311377245508975
4528643888,0.2336287425149701,0.1424610778443114,0.22994011976047904,0.2314431137724551,0.1032994011976048,0.0036107784431137725,0.004269461077844311,0.0138562874251497,0.003131736526946108,0.033083832335329334,0.0012754491017964071
4531527508,0.11169066666666666,0.05105066666666666,0.2057493333333333,0.36356266666666665,0.12730133333333332,0.0003413333333333333,0.016298666666666666,0.0056746666666666655,5.8666666666666665e-05,0.10561066666666667,0.012661333333333332
4531616981,0.195296,0.24352,0.14624,0.17703466666666667,0.03130666666666666,0.0009386666666666666,0.027808,0.009856,0.0003253333333333333,0.162032,0.005642666666666666
4531625489,0.155664,0.4981813333333333,0.08305066666666665,0.15306666666666666,0.043621333333333324,5.333333333333334e-06,0.020266666666666662,0.0039946666666666655,5.333333333333333e-05,0.04133866666666666,0.0007573333333333334
4531677203,0.04750933333333333,0.43537066666666663,0.33233066666666666,0.13770666666666667,0.04033066666666666,0.0,0.0013866666666666667,0.002032,0.00029866666666666664,0.0021386666666666668,0.000896
4531681633,0.040520958083832326,0.004724550898203593,0.5968383233532935,0.10359281437125747,0.044293413173652686,0.024005988023952096,0.02731736526946108,0.002341317365269461,0.0036886227544910173,0.05497604790419162,0.0977005988023952
4532153496,0.11169066666666666,0.05105066666666666,0.2057493333333333,0.36356266666666665,0.12730133333333332,0.0003413333333333333,0.016298666666666666,0.0056746666666666655,5.8666666666666665e-05,0.10561066666666667,0.012661333333333332
4532265568,4.179104477611941e-05,0.995844776119403,2.985074626865672e-05,0.0034089552238805968,0.0,0.0,0.0,0.0,0.0,0.0006746268656716418,0.0
4532292088,0.10544533333333334,0.6817493333333333,0.05451733333333333,0.08695466666666665,0.01696,2.666666666666667e-05,0.014847999999999998,0.0023946666666666665,5.333333333333334e-06,0.034496,0.002602666666666667
4532322806,0.091024,0.05333333333333334,0.14958933333333332,0.44197866666666663,0.047781333333333335,0.0,0.00776,0.017381333333333332,0.000192,0.188912,0.002048
4622498265,0.27941317365269464,0.057455089820359274,0.02023952095808383,0.3308323353293413,0.041838323353293405,0.0005628742514970059,0.0016946107784431136,0.006550898203592815,0.003754491017964072,0.2567724550898204,0.0008862275449101795
4622498601,0.30858682634730533,0.2892335329341317,0.042820359281437126,0.2211377245508982,0.06501796407185627,0.010808383233532934,0.005107784431137724,0.00444311377245509,0.007508982035928144,0.03683832335329342,0.008497005988023951
4622498763,0.2988502994011976,0.08967065868263473,0.26665269461077845,0.1574491017964072,0.0994191616766467,0.0005389221556886227,0.0020838323353293414,0.003766467065868264,0.006730538922155689,0.047185628742514966,0.027652694610778444
4793714649,0.158864,0.299488,0.029114666666666667,0.24506666666666665,0.098208,0.0007146666666666666,0.007013333333333333,0.021290666666666663,0.056325333333333324,0.06968,0.014234666666666666
4830650731,0.05919277108433735,0.2762831325301205,0.14840963855421688,0.14883734939759036,0.006963855421686746,0.00015060240963855426,0.3012771084337349,0.002457831325301205,0.002168674698795181,0.0536566265060241,0.0006024096385542169
4831261338,0.22363855421686746,0.5345783132530121,0.08089759036144578,0.12292168674698795,0.00858433734939759,1.8072289156626505e-05,0.013367469879518071,0.0031204819277108435,4.216867469879517e-05,0.008885542168674699,0.00394578313253012
