10719728165,0.13738133333333333,0.023658666666666668,0.16829866666666668,0.13395733333333334,0.24033066666666664,1.0666666666666667e-05,0.0023893333333333327,0.006042666666666666,1.0666666666666667e-05,0.2357973333333333,0.05212266666666666
10719822535,0.05163733333333333,0.149808,0.607536,0.010805333333333332,0.060074666666666665,5.333333333333333e-05,0.04355733333333334,0.001168,0.0009386666666666666,0.05696,0.017461333333333332
10719825096,0.19402133333333327,0.04288,0.08077866666666665,0.429904,0.141376,0.00022400000000000002,0.003386666666666667,0.0228,0.00018133333333333331,0.07932266666666665,0.0051253333333333324
10719831656,0.03724266666666666,5.333333333333334e-06,0.32098666666666664,0.389856,0.08730133333333331,0.0,0.034213333333333325,0.00456,6.933333333333333e-05,0.12138666666666667,0.004378666666666667
10719832864,0.124224,0.040208,0.0047093333333333345,0.5680746666666666,0.02130133333333333,0.0,0.0054933333333333344,0.007621333333333332,0.0,0.22768,0.000688
10719836514,0.12397333333333335,0.005466666666666666,0.081808,0.5828853333333334,0.091728,5.333333333333334e-06,0.012202666666666669,0.008928,0.0,0.07308266666666667,0.01992
10719842495,0.5784426666666665,0.16856533333333334,0.02614933333333333,0.17169066666666666,0.04784,0.0,0.00288,0.0018026666666666664,0.0,0.0025493333333333327,8e-05
10719890416,0.028106666666666662,0.0,0.8007466666666667,0.0032053333333333326,0.01946666666666667,0.008736,0.03379200000000001,0.002106666666666667,0.012672,0.009466666666666665,0.08170133333333332
10719926344,0.5454986666666666,0.08024533333333332,0.06416533333333334,0.07005333333333333,0.10201066666666668,3.733333333333333e-05,0.009552,0.002192,3.733333333333333e-05,0.122176,0.004032
10719944656,0.42954666666666663,0.17411733333333335,0.013808,0.2640853333333333,0.06642666666666665,0.0,0.005882666666666665,0.006010666666666666,0.0,0.039792,0.00033066666666666666
10719988883,0.4617973333333333,0.12584533333333334,0.06810133333333332,0.11414933333333335,0.19419733333333333,0.0,0.0032,0.010112,9.6e-05,0.02128533333333333,0.001216
10720025863,0.032752,0.00017066666666666668,0.4745813333333334,0.2293973333333333,0.0922613333333333,0.0,0.041509333333333336,0.002629333333333333,0.00011200000000000001,0.12037333333333332,0.006213333333333335
10720074313,0.04441066666666666,1.0666666666666667e-05,0.5896106666666666,0.046784,0.0985333333333333,0.0,0.082272,0.00504,0.0006613333333333333,0.083072,0.049605333333333335
10720090073,0.050784,1.6e-05,0.3943893333333333,0.0014506666666666667,0.015738666666666668,0.08670933333333332,0.07984533333333335,0.006037333333333333,0.017056,0.04557333333333333,0.3024
10720112543,0.3307573333333333,0.09136533333333334,0.036,0.37208,0.13704000000000002,0.0,0.005834666666666666,0.0059946666666666655,5.333333333333334e-06,0.020922666666666662,0.0
10892160195,0.017722666666666668,0.042421333333333325,0.3827573333333333,0.03814933333333333,0.15476266666666666,0.048117333333333324,0.011722666666666666,0.008005333333333333,0.0032,0.05039466666666666,0.2427466666666667
10892160725,0.14182933333333336,2.666666666666667e-05,0.6118453333333334,0.009776,0.006309333333333334,0.002453333333333333,0.033402666666666664,0.00016,0.0005813333333333333,0.14699733333333334,0.04661866666666666
10892161045,0.09884266666666665,0.0014453333333333336,0.4241973333333333,0.2396213333333333,0.026554666666666667,0.00013866666666666666,0.08026133333333332,0.044933333333333325,0.0023946666666666665,0.07726933333333333,0.0043413333333333325
10892194156,0.067328,1.0666666666666667e-05,0.720288,0.03709866666666666,0.046949333333333336,0.004453333333333333,0.013274666666666669,0.000144,0.0003893333333333333,0.09421866666666669,0.015845333333333333
10892194686,0.00808,5.333333333333334e-06,0.8200266666666666,0.0033226666666666665,0.007002666666666666,0.025695999999999997,0.05597866666666667,2.666666666666667e-05,0.002048,0.038576,0.039237333333333325
10892194976,0.10208533333333332,0.00021866666666666668,0.6208373333333334,0.03416,0.037056,0.008672,0.00368,0.00288,0.000736,0.02297066666666667,0.166704
10892195306,0.02749333333333333,0.013610666666666668,0.23831999999999998,0.21504533333333334,0.119824,0.009925333333333331,0.06128,0.01907733333333333,0.0040213333333333325,0.2290613333333333,0.062341333333333325
10892195586,0.10444266666666667,0.09993066666666665,0.2761226666666667,0.043018666666666656,0.13613333333333333,0.062261333333333335,0.006304,0.0017760000000000002,0.004373333333333333,0.07637333333333332,0.189264
10892302134,0.2976106666666667,0.0004533333333333333,0.4696426666666666,0.02179733333333333,0.17765866666666666,0.0004746666666666666,0.0011573333333333331,0.0019093333333333332,0.002176,0.004656,0.022464
10892303164,0.10452266666666668,0.0017706666666666667,0.5907413333333333,0.09440533333333331,0.02410133333333333,0.007381333333333333,0.11538666666666668,0.002794666666666667,0.005749333333333335,0.03674666666666666,0.0164
10892303784,0.048096,0.006645333333333333,0.5158826666666667,0.11737066666666665,0.17338666666666666,0.00018666666666666666,0.07584,0.0022613333333333326,8.533333333333334e-05,0.03038933333333333,0.029856
10892462413,0.10611199999999998,4.266666666666666e-05,0.483136,0.051701333333333335,0.16756266666666667,0.0006293333333333333,0.01568,0.0007946666666666667,0.00020266666666666667,0.13084266666666666,0.043296
10892462583,0.061248,0.0,0.6552586666666665,0.2343466666666667,0.015872,0.0,0.012213333333333331,0.0014133333333333333,2.133333333333333e-05,0.01915733333333333,0.0004693333333333333
10892463543,0.05185066666666667,0.000448,0.6432426666666666,0.010410666666666669,0.084048,0.011637333333333331,0.065984,0.0003573333333333333,0.002917333333333333,0.052234666666666665,0.07686933333333333
10892463733,0.02272,0.27348266666666665,0.519376,0.06421866666666666,0.03096533333333333,0.0004853333333333333,0.02626133333333333,0.004581333333333333,0.007850666666666667,0.025418666666666662,0.02464
2261541185,0.2106126126126126,0.2078138138138138,0.19900900900900897,0.1408048048048048,0.18373573573573573,6.006006006006006e-05,0.017585585585585584,0.0017897897897897895,0.0015435435435435436,0.03445645645645646,0.002588588588588589
2261544521,0.2084864864864865,0.2330810810810811,0.2466966966966967,0.08787387387387385,0.18002402402402404,0.00010810810810810812,0.01541741741741742,0.0006786786786786785,0.0007627627627627627,0.024624624624624624,0.0022462462462462464
2261563121,0.17025225225225224,0.0,0.19992192192192196,0.4495555555555555,0.12208408408408407,0.0,0.026522522522522518,0.00043843843843843837,0.0019459459459459454,0.028870870870870875,0.0004084084084084084
2261567355,0.02607807807807808,0.0,0.3090930930930931,0.602,0.02580780780780781,0.0,0.013687687687687687,0.0004624624624624624,0.0,0.02228228228228228,0.0005885885885885886
2261571481,0.15856456456456455,0.222006006006006,0.3467687687687688,0.1438018018018018,0.05964564564564565,0.0002702702702702703,0.017387387387387387,0.0032372372372372372,0.0013513513513513516,0.04136336336336336,0.005603603603603603
2262110969,0.24220420420420424,0.08812012012012012,0.3116936936936937,0.18024624624624624,0.1395915915915916,7.807807807807808e-05,0.011465465465465466,0.0011231231231231232,0.00047447447447447453,0.022444444444444444,0.0025585585585585586
2262114667,0.37373573573573576,0.059387387387387386,0.18913513513513516,0.1934174174174174,0.15143543543543544,2.4024024024024028e-05,0.011867867867867869,0.0031591591591591593,0.0012492492492492493,0.015705705705705706,0.000882882882882883
2262327944,0.20542942942942946,0.25461261261261253,0.21498498498498494,0.13387387387387387,0.13443243243243244,4.204204204204204e-05,0.02091891891891892,0.0008588588588588589,0.0007087087087087087,0.03327927927927928,0.0008588588588588589
2262338654,0.16971771771771774,0.13726726726726726,0.34180780780780773,0.11501501501501503,0.15432432432432433,0.00010810810810810812,0.02683483483483484,0.001009009009009009,0.00215015015015015,0.04815015015015015,0.0036156156156156158
2262342176,0.14957357357357354,0.17997597597597598,0.4519159159159159,0.0645945945945946,0.10625825825825826,0.00025825825825825824,0.019561561561561563,0.0005165165165165165,0.0010870870870870874,0.021351351351351352,0.004906906906906907
2262345826,0.1630990990990991,3.603603603603604e-05,0.6419159159159159,0.07468468468468467,0.02604204204204204,0.00027627627627627627,0.028288288288288287,0.0012252252252252251,0.0005825825825825825,0.048414414414414415,0.015435435435435437
2262366628,0.18425225225225225,0.1756936936936937,0.27153153153153153,0.20665465465465466,0.09754954954954954,0.00010810810810810812,0.01598798798798799,0.004108108108108109,0.0009189189189189187,0.039825825825825834,0.003369369369369369
2262891548,0.2405405405405405,0.3765945945945946,0.11793393393393392,0.06661861861861862,0.09766966966966967,3.003003003003003e-05,0.020252252252252245,0.0030510510510510513,0.003933933933933934,0.07258858858858859,0.0007867867867867867
2262894346,0.13156156156156154,0.4159339339339339,0.2717297297297297,0.08676276276276275,0.07937537537537538,9.009009009009008e-05,0.005153153153153153,0.00390990990990991,0.0033273273273273273,0.0017117117117117118,0.0004444444444444444
2262897838,0.09148948948948947,0.0034114114114114115,0.32072672672672675,0.31177777777777776,0.1543003003003003,0.001987987987987988,0.028270270270270275,0.0014594594594594596,0.0006546546546546547,0.04547747747747748,0.040444444444444436
3144805879,0.04879466666666666,0.09340266666666665,0.42511466666666653,0.10038933333333333,0.022656,7.466666666666666e-05,0.03288,0.004725333333333333,0.00056,0.2377013333333333,0.03370133333333333
3144821887,0.08765333333333332,0.3106986666666667,0.2363946666666667,0.055317333333333336,0.14226133333333332,0.0002293333333333333,0.005290666666666666,0.0013386666666666664,0.0002933333333333333,0.06449066666666667,0.096032
3144840151,0.014746666666666668,0.016981333333333334,0.016928,0.8430826666666666,0.0010826666666666669,0.0,0.07838399999999998,0.007823999999999998,4.8e-05,0.02089066666666666,3.2e-05
3145628812,0.12419733333333335,0.05354133333333334,0.422544,0.09341866666666665,0.18469333333333326,5.333333333333334e-06,0.016368,0.0007413333333333333,0.00013333333333333334,0.09298133333333332,0.011376
3145630170,0.076784,3.733333333333333e-05,0.566016,0.10506666666666667,0.059872,8.533333333333334e-05,0.026304,0.000592,0.000208,0.15241066666666667,0.012624
3145632876,0.32533866666666666,0.20218133333333327,0.21373333333333333,0.06741866666666667,0.09916266666666665,2.133333333333333e-05,0.013274666666666669,0.0013066666666666667,0.000144,0.06702933333333333,0.010389333333333334
3145634372,0.04780266666666666,0.05315733333333333,0.4608373333333333,0.10868266666666666,0.01974933333333333,2.666666666666667e-05,0.030778666666666663,0.003562666666666667,0.00033066666666666666,0.24504,0.030032
3145638910,0.11279466666666667,0.04605866666666666,0.2712533333333333,0.12482666666666667,0.3000853333333333,0.00020266666666666667,0.017312,0.004794666666666666,0.0011253333333333334,0.09535466666666668,0.026192
3145640418,0.2526346666666667,0.0,0.565296,0.045370666666666656,0.013424,0.00016,0.014533333333333334,0.000416,0.0005226666666666666,0.089024,0.018618666666666662
3145645062,0.032613333333333334,0.348992,0.19485333333333327,0.08465599999999998,0.10653866666666667,0.0003413333333333333,0.011344,0.003648,0.0005706666666666668,0.153488,0.06295466666666667
3145646292,0.22382933333333327,0.17118933333333333,0.229392,0.093136,0.130848,2.133333333333333e-05,0.015658666666666668,0.002688,0.0004,0.11289066666666668,0.019946666666666668
3145653644,0.20077333333333333,0.06685866666666665,0.21039466666666667,0.07768533333333331,0.14064,6.933333333333333e-05,0.006976,0.0028106666666666666,0.000176,0.190432,0.103184
3145656440,0.16973333333333335,0.16647466666666666,0.21425066666666667,0.08981866666666667,0.11063466666666667,0.00031466666666666665,0.019984,0.009370666666666666,0.0004533333333333333,0.125232,0.09373333333333331
3145659140,0.1596,0.17122133333333334,0.14485866666666666,0.108384,0.22444266666666668,3.733333333333333e-05,0.005157333333333333,0.003184,9.6e-05,0.11725866666666665,0.06576
3145664852,0.080288,0.02094933333333333,0.08411733333333332,0.30644266666666664,0.15782933333333332,5.333333333333334e-06,0.0067786666666666655,0.00896,8.533333333333334e-05,0.3302986666666667,0.004245333333333334
3298273427,0.08850666666666665,0.0005813333333333333,0.041381333333333326,0.5602026666666666,0.15489066666666668,6.4e-05,0.006128,0.0007413333333333333,0.0,0.13968,0.007823999999999998
3298274891,0.038261333333333335,0.15861333333333333,0.42551466666666665,0.187056,0.09509866666666665,5.333333333333334e-06,0.02118933333333333,0.0002453333333333333,0.00020266666666666667,0.07253866666666665,0.0012746666666666664
3298285443,0.130976,0.0014880000000000002,0.135808,0.370288,0.26799466666666666,5.333333333333334e-06,0.02053333333333333,0.00208,0.0008106666666666666,0.067664,0.002352
3298320531,0.20469333333333334,0.019658666666666668,0.06858133333333333,0.5105013333333334,0.05824,5.333333333333334e-06,0.004453333333333333,0.009925333333333331,0.000976,0.122288,0.0006773333333333333
3298320869,0.0031626666666666665,5.333333333333334e-06,0.7916053333333334,0.108592,0.033813333333333334,0.003744,0.003082666666666667,2.133333333333333e-05,0.00012266666666666668,0.011189333333333334,0.044661333333333324
3298324199,0.09390933333333332,0.0,0.5833386666666666,0.09503466666666667,0.06623466666666665,4.266666666666666e-05,0.0008053333333333332,5.8666666666666665e-05,0.00029866666666666664,0.02270933333333333,0.137568
3298324867,0.15638933333333332,0.2560693333333333,0.19505066666666668,0.276576,0.07343466666666665,0.0,0.012085333333333332,0.0006133333333333334,0.000144,0.02916266666666667,0.0004746666666666666
3298325581,0.29832,0.024970666666666662,0.052352,0.39548266666666665,0.058213333333333325,5.333333333333334e-06,0.0069226666666666655,0.004688,0.0005333333333333334,0.15828266666666665,0.0002293333333333333
3299088304,0.04745066666666666,0.12150933333333333,0.46072,0.17883733333333332,0.074784,0.0,0.026186666666666667,0.000368,4.8e-05,0.08427733333333333,0.0058186666666666656
3299100562,0.059493333333333336,0.007050666666666666,0.677568,0.08881066666666665,0.029664,1.0666666666666667e-05,0.02717866666666667,0.0006186666666666666,0.00013866666666666666,0.08714133333333332,0.02232533333333333
3299102656,0.036261333333333326,3.733333333333333e-05,0.323728,0.33826666666666666,0.2048053333333333,0.0030186666666666665,0.02853333333333333,0.00046399999999999995,0.00023466666666666666,0.041061333333333325,0.02358933333333333
3299113152,0.12536533333333333,0.0,0.2806186666666667,0.4497333333333333,0.09379733333333333,0.0,0.01390933333333333,0.0002293333333333333,0.00016533333333333333,0.035989333333333325,0.000192
3299113566,0.10373866666666667,9.066666666666667e-05,0.22751999999999997,0.3222346666666667,0.255424,0.0,0.02155733333333333,0.0004586666666666666,6.4e-05,0.06800533333333332,0.0009066666666666666
3299113906,0.09102933333333331,5.333333333333334e-06,0.10037333333333333,0.712848,0.075728,0.0,0.0023733333333333328,0.0002773333333333333,2.133333333333333e-05,0.01732266666666667,2.133333333333333e-05
3299114366,0.039482666666666666,0.0,0.2782986666666667,0.5386773333333333,0.07656533333333332,0.0,0.01831466666666667,0.0005653333333333334,0.000176,0.047589333333333324,0.00033066666666666666
3433119864,0.09844919786096257,0.004299465240641711,0.273572192513369,0.2496042780748663,0.2782780748663102,0.00037967914438502673,0.008491978609625667,0.015663101604278074,0.003807486631016042,0.053229946524064174,0.014224598930481284
3433122096,0.06521468926553672,0.2550790960451977,0.1718870056497175,0.19854237288135596,0.13055367231638418,7.344632768361583e-05,0.02829943502824859,0.029,0.0010734463276836155,0.1015367231638418,0.018740112994350282
3433124884,0.046540404040404035,0.10263636363636364,0.461989898989899,0.12555555555555556,0.07121717171717172,0.00017676767676767677,0.04414646464646465,0.0077222222222222215,0.001595959595959596,0.11955050505050505,0.018868686868686868
3433126764,0.004877005347593583,0.0013101604278074866,0.5102299465240642,0.04477005347593583,0.00792513368983957,0.007695187165775401,0.007101604278074865,0.0003208556149732621,0.000732620320855615,0.012320855614973262,0.4027165775401069
3433128840,0.13024434389140271,0.30222624434389134,0.13428506787330316,0.11638914027149322,0.19333484162895928,0.0005203619909502264,0.002149321266968326,0.009809954751131222,0.0015384615384615385,0.05270135746606335,0.05680090497737556
3433129064,0.005740156843722209,0.9093803056027164,0.052651790767240685,0.009989691971865148,0.0028296547821165816,0.0026123777184897732,0.0010055380386449996,0.0008337375697307787,0.0005810898213275123,0.00980273263804673,0.0045729242460991176
3436239581,0.1085254691689008,0.010638069705093834,0.32945308310991955,0.3966916890080429,0.052445040214477205,0.0,0.0020750670241286863,0.09862198391420912,0.0003002680965147453,3.753351206434317e-05,0.0012117962466487936
3439828449,0.16358933333333334,0.33197866666666664,0.12438933333333335,0.051813333333333336,0.157408,6.4e-05,0.010165333333333334,0.006074666666666666,0.000256,0.036592,0.11766933333333332
3442998223,0.04557333333333333,0.05613333333333333,0.2595573333333333,0.43294399999999994,0.08277866666666665,2.133333333333333e-05,0.010128,0.012229333333333332,0.0002826666666666667,0.09158400000000001,0.008768
3443002977,0.020140056022408964,0.6854509803921569,0.043703081232493,0.11450980392156865,0.008633053221288515,0.0,0.02607282913165266,0.015226890756302519,5.6022408963585436e-05,0.08583193277310926,0.00037535014005602243
3443004797,0.10382633053221288,0.033518207282913166,0.16360224089635855,0.30347899159663866,0.13859943977591035,0.00411204481792717,0.10535574229691876,0.04936134453781513,0.03972549019607843,0.017249299719887954,0.041170868347338935
3443806016,0.3733066666666667,0.3594986666666667,0.045349333333333325,0.12441066666666667,0.08825066666666667,2.133333333333333e-05,0.0007413333333333333,0.007237333333333333,8.533333333333334e-05,0.00037866666666666664,0.00072
3443809302,0.06835733333333334,0.11527466666666665,0.004197333333333332,0.5744533333333334,0.08914666666666665,5.333333333333334e-06,0.032021333333333325,0.055413333333333335,0.0,0.05977066666666666,0.00136
3443811134,0.2774653465346535,0.0022079207920792077,0.24244554455445544,0.18183663366336636,0.13005445544554456,0.00020792079207920792,0.0047277227722772285,0.0009801980198019802,0.00029207920792079207,0.10833168316831683,0.05145049504950495
3443824338,0.4171093333333333,0.21702933333333327,0.03109333333333333,0.04132266666666666,0.21095466666666668,0.000192,0.012464,0.015786666666666668,0.000416,0.009845333333333331,0.04378666666666666
347111281,0.13686933333333334,0.06816533333333333,0.17668266666666665,0.19661866666666666,0.022005333333333328,0.002304,0.18002133333333334,0.127952,0.034997333333333325,0.05168,0.002704
347111502,0.18889066666666668,0.013450666666666666,0.263936,0.324816,0.047045333333333335,0.00014933333333333332,0.039088,0.03038933333333333,0.022581333333333328,0.06922133333333333,0.000432
347111698,0.03373333333333333,0.003664,0.21826666666666664,0.415792,0.12923733333333334,0.00023466666666666666,0.06652266666666665,0.030128,0.006837333333333332,0.08965866666666665,0.0059253333333333345
347111759,0.022906666666666662,0.038016,0.2336053333333333,0.4397973333333333,0.036421333333333326,0.0009653333333333332,0.10124266666666666,0.02176,0.008864,0.094832,0.0015893333333333337
347111824,0.051744,0.01968533333333333,0.060602666666666666,0.7535893333333333,0.002656,0.000208,0.03961066666666666,0.012464,0.014181333333333334,0.045178666666666666,8e-05
347111869,0.015472,0.03515200000000001,0.04132266666666666,0.7612693333333334,0.003221333333333333,0.0,0.053477333333333335,0.013802666666666666,0.00152,0.07476266666666667,0.0
347112073,0.05258666666666666,0.08674133333333332,0.19421866666666668,0.407168,0.035712,0.002416,0.06467733333333334,0.022906666666666662,0.065168,0.066976,0.0014293333333333332
347112227,0.15420266666666665,0.109744,0.13033066666666668,0.3325653333333333,0.04441066666666666,0.0012373333333333331,0.033552,0.103952,0.043312,0.04385066666666667,0.0028426666666666665
347112290,0.179568,0.06812266666666666,0.17602133333333336,0.12200533333333333,0.02545066666666667,0.0018773333333333333,0.07211733333333335,0.10415999999999999,0.007216,0.21167466666666668,0.031786666666666664
347112521,0.3107413333333333,0.3053813333333333,0.12020266666666668,0.030224,0.01653866666666667,0.00072,0.050688,0.10309866666666667,0.032021333333333325,0.02978133333333333,0.0006026666666666667
347112583,0.056149333333333336,0.3008373333333333,0.24618666666666664,0.094496,0.013989333333333331,0.0003733333333333333,0.08764266666666666,0.05088,0.01946666666666667,0.127312,0.0026666666666666666
347112658,0.18147733333333327,0.025088,0.17434666666666668,0.3139893333333333,0.02856,6.933333333333333e-05,0.04525866666666666,0.037381333333333336,0.011002666666666666,0.1824,0.00042666666666666667
347112853,0.37894933333333336,0.07192533333333333,0.07745066666666665,0.11912533333333332,0.06932266666666667,5.333333333333333e-05,0.00011733333333333333,0.012074666666666666,0.0015626666666666664,0.2694133333333333,5.333333333333334e-06
347112906,0.06982933333333333,0.13882133333333332,0.09500266666666665,0.3585333333333333,0.020922666666666662,0.000128,0.037376,0.062288,0.0038880000000000004,0.213024,0.00018666666666666666
347112984,0.051669333333333324,0.16650133333333333,0.065456,0.404816,0.013130666666666669,0.000304,0.03727466666666666,0.06682666666666667,0.0033173333333333327,0.190544,0.00016
3821450103,0.03237275985663082,0.02638709677419355,0.4760716845878136,0.20893189964157707,0.14060215053763442,1.4336917562724014e-05,0.019942652329749105,0.00022939068100358422,0.00014336917562724014,0.08963440860215052,0.005670250896057348
3821451931,0.1460716845878136,0.0007311827956989246,0.7139283154121864,0.06089605734767025,0.016774193548387096,2.150537634408602e-05,0.017577060931899643,0.006888888888888889,0.0008673835125448028,0.020372759856630826,0.015870967741935485
3821453739,0.3448458781362007,0.0009534050179211468,0.3524731182795699,0.21631541218637992,0.07212903225806451,0.0,0.0037275985663082437,2.8673835125448028e-05,5.017921146953405e-05,0.009311827956989245,0.00016487455197132617
3821454361,0.015548387096774191,0.0,0.384652329749104,0.02042293906810036,0.3972831541218638,2.8673835125448028e-05,0.006702508960573477,0.00017204301075268816,0.0002652329749103943,0.13530465949820789,0.03962007168458782
3821454899,0.0630967741935484,0.0003512544802867384,0.4263870967741936,0.05390681003584229,0.2713835125448029,0.00019354838709677416,0.0021075268817204295,7.885304659498205e-05,0.00017204301075268816,0.08865232974910393,0.09367025089605736
3821455475,0.0020430107526881727,0.0008817204301075268,0.4439498207885305,0.3066451612903226,0.21394982078853048,0.0,0.009412186379928316,0.00014336917562724014,2.150537634408602e-05,0.02064516129032258,0.0023082437275985662
3821456895,0.20002150537634408,0.12554121863799286,0.05028673835125448,0.10933333333333334,0.2977921146953405,0.0,0.004681003584229391,0.0005734767025089606,7.168458781362007e-06,0.19444444444444445,0.01731899641577061
3821653979,0.023211469534050174,0.0,0.756931899641577,0.14843010752688174,0.0025232974910394264,6.451612903225807e-05,0.022229390681003585,0.0,4.301075268817204e-05,0.04095340501792114,0.005612903225806452
3821654481,0.013899641577060931,0.06177060931899641,0.468415770609319,0.27485304659498205,0.07402150537634407,0.0,0.02045878136200717,0.00010752688172043012,7.168458781362007e-05,0.08226523297491038,0.004136200716845878
3821655525,0.01699641577060932,0.10825806451612904,0.3464731182795699,0.27844444444444444,0.1551541218637993,0.0,0.0169247311827957,0.0003082437275985663,2.8673835125448028e-05,0.07410752688172041,0.0033046594982078853
3821656975,0.029297491039426526,0.11102508960573476,0.26354838709677414,0.19887455197132614,0.31218637992831544,0.0,0.013727598566308244,0.0007741935483870966,5.7347670250896056e-05,0.0649247311827957,0.005584229390681004
3822257786,0.16744802867383513,0.0,0.7003727598566308,0.09739068100358422,0.025254480286738355,0.0,0.0006451612903225806,0.007419354838709677,0.0006093189964157706,2.8673835125448028e-05,0.0008315412186379928
3822259678,0.00792831541218638,5.017921146953405e-05,0.743426523297491,0.03094623655913978,0.10635125448028672,0.0016487455197132614,0.009663082437275986,0.0005017921146953405,0.000989247311827957,0.033089605734767026,0.06540501792114696
3822262796,0.12878136200716847,0.04582795698924731,0.27581362007168453,0.1336989247311828,0.3346881720430108,0.0,0.0006810035842293906,0.0008100358422939068,3.584229390681004e-05,0.07756989247311827,0.002093189964157706
3822497356,0.04741218637992831,7.168458781362007e-06,0.38467383512544806,0.4154695340501792,0.04311111111111112,4.301075268817204e-05,0.008100358422939068,0.0003870967741935484,0.0006451612903225806,0.09964874551971326,0.0005017921146953405
4268081161,0.2557066666666667,0.061802666666666665,0.4203786666666666,0.05348266666666666,0.100016,5.333333333333333e-05,0.004864,0.0010506666666666668,9.6e-05,0.03956266666666667,0.06298666666666665
4268081991,0.16565866666666668,0.000128,0.34953066666666666,0.2323093333333333,0.111152,0.00012266666666666668,0.005930666666666666,0.00144,1.0666666666666667e-05,0.10245333333333333,0.031264
4268082663,0.12848,0.004586666666666666,0.2832373333333333,0.263728,0.052533333333333335,0.00432,0.016464,0.010922666666666669,0.000256,0.149504,0.085968
4268083017,0.031136,0.210896,0.6226186666666667,0.017029333333333334,0.035797333333333334,0.00011200000000000001,0.003973333333333333,0.0008906666666666666,5.333333333333334e-06,0.009925333333333331,0.067616
4268083377,0.11809066666666665,0.086272,0.6163253333333333,0.03658133333333333,0.059248,5.333333333333334e-06,0.0033333333333333327,0.00037866666666666664,0.0002773333333333333,0.00584,0.073648
4268083769,0.09624533333333331,0.12754133333333334,0.572416,0.06697066666666665,0.041973333333333335,0.00029866666666666664,0.00776,0.0023466666666666666,0.00042133333333333335,0.01968533333333333,0.06434133333333332
4268084539,0.12656,0.2937813333333333,0.36799466666666664,0.09611733333333332,0.032112,0.0006346666666666666,0.010448,0.0016693333333333336,0.0005013333333333333,0.032336,0.037845333333333335
4268085119,0.17812266666666668,0.064816,0.5644693333333334,0.052112,0.07476266666666667,1.0666666666666667e-05,0.003808,0.0016586666666666664,0.00042666666666666667,0.0071733333333333345,0.05264
4268085715,0.29839466666666664,0.2457013333333333,0.085408,0.13484266666666667,0.081072,0.000336,0.011541333333333334,0.00264,2.133333333333333e-05,0.11293333333333333,0.027109333333333333
4268085925,0.2347946666666667,0.02474133333333333,0.12909866666666667,0.24648,0.13090133333333334,0.0007466666666666666,0.05712533333333333,0.05753066666666666,0.0014613333333333336,0.10330133333333333,0.013818666666666668
4268086067,0.12914666666666666,0.03626666666666666,0.17040533333333333,0.375712,0.02330666666666667,0.0002773333333333333,0.09493866666666669,0.098112,0.0014453333333333336,0.06873066666666665,0.0016586666666666664
4268825250,0.12486400000000002,0.37883733333333336,0.22162133333333334,0.134256,0.045024,0.0,0.0005013333333333333,0.002778666666666667,0.0,0.081056,0.011061333333333331
4268827186,0.098672,0.0,0.4811146666666666,0.190432,0.08015466666666665,4.8e-05,0.00712,0.00022400000000000002,6.933333333333333e-05,0.09410666666666669,0.04805866666666666
4268828288,0.07660266666666665,0.147472,0.5069813333333333,0.10626133333333332,0.05232,0.000256,0.012405333333333334,0.002016,0.0002453333333333333,0.04726933333333333,0.04817066666666666
4268828872,0.16128,0.088896,0.4398453333333333,0.18460266666666664,0.05352533333333333,8e-05,0.0069493333333333325,0.0032479999999999996,0.0004586666666666666,0.04541866666666667,0.015696
4438562165,0.07445645645645646,0.00027627627627627627,0.30003003003003004,0.3637297297297297,0.2383723723723724,0.0006846846846846848,0.0020720720720720717,0.0015675675675675676,0.0007927927927927926,0.017789789789789786,0.00022822822822822822
4438562389,0.04234234234234234,0.002012012012012012,0.050156156156156165,0.5353693693693694,0.3450030030030031,0.0,0.002450450450450451,0.0019219219219219214,6.006006006006007e-06,0.003825825825825826,0.016912912912912914
4438562503,0.0015015015015015015,0.0004024024024024024,0.10555555555555557,0.3703363363363363,0.471951951951952,1.2012012012012014e-05,0.012426426426426426,0.003381381381381381,1.8018018018018016e-05,0.0004984984984984984,0.03391591591591592
4438563559,0.034834834834834835,0.00038438438438438444,0.0077177177177177175,0.6391951951951952,0.3004864864864865,0.0,0.0001381381381381381,0.00024024024024024023,0.0,0.016918918918918918,8.408408408408409e-05
4438566193,0.35646246246246244,0.0007207207207207206,0.12069069069069067,0.4875375375375376,0.018960960960960963,0.0,0.0003663663663663664,0.0025765765765765765,0.0001021021021021021,0.012582582582582585,0.0
4438566597,0.15565765765765766,0.03021621621621622,0.11996396396396394,0.5182882882882883,0.03168168168168168,6.006006006006007e-06,0.004108108108108109,0.0035435435435435436,0.00022822822822822822,0.1363003003003003,6.006006006006007e-06
4438567645,0.08252252252252253,0.0,0.7861021021021021,0.11262462462462462,0.0011471471471471472,0.0,0.015531531531531532,2.4024024024024028e-05,0.0003123123123123123,0.0017297297297297295,6.006006006006007e-06
4438568385,0.02716516516516516,0.0,0.9375735735735736,0.029153153153153158,0.0003363363363363364,0.0,0.005333333333333333,1.2012012012012014e-05,0.0003123123123123123,0.00011411411411411411,0.0
4438574653,0.08947747747747747,0.0,0.7516456456456456,0.07595195195195195,0.0029009009009009013,0.0,0.054882882882882886,0.0,0.00017417417417417416,0.024900900900900903,6.606606606606607e-05
4439339206,0.050240240240240236,0.00010810810810810812,0.3612552552552553,0.5033333333333333,0.06711711711711711,2.4024024024024028e-05,0.00390990990990991,0.0007027027027027027,3.003003003003003e-05,0.013261261261261259,1.8018018018018016e-05
4439340094,0.07748948948948947,0.007915915915915915,0.1145105105105105,0.4176096096096096,0.3321801801801802,0.00029429429429429435,0.015483483483483485,0.005375375375375376,0.00024624624624624625,0.013513513513513514,0.01538138138138138
4439343790,0.10988588588588588,0.018762762762762758,0.12556156156156156,0.4710810810810811,0.04070270270270271,6.006006006006007e-06,0.0018558558558558558,0.0015015015015015015,4.8048048048048055e-05,0.23058858858858855,6.006006006006007e-06
4439344256,0.3603483483483483,0.018564564564564564,0.13811411411411412,0.22605405405405404,0.0397957957957958,0.0,0.0017237237237237235,0.0005525525525525524,0.00015015015015015014,0.21469669669669667,0.0
4439344466,0.18491291291291287,0.0035135135135135136,0.1131951951951952,0.31834834834834835,0.053525525525525516,0.0,0.0004924924924924925,0.0003543543543543544,5.4054054054054054e-05,0.3255855855855856,1.8018018018018016e-05
4439344778,0.08754954954954955,0.08962762762762763,0.4395015015015015,0.178,0.09146546546546548,0.0,0.0025585585585585586,0.0023663663663663665,0.00024624624624624625,0.10868468468468467,0.0
4440874351,0.2685653333333333,0.2304586666666667,0.089424,0.2774986666666667,0.060768,0.00016533333333333333,0.006368,0.01936,0.0025386666666666665,0.04311466666666666,0.0017386666666666664
4440874449,0.4850986666666666,0.023722666666666663,0.10731199999999999,0.24895466666666666,0.035093333333333324,7.466666666666666e-05,0.009157333333333332,0.012154666666666666,0.0010826666666666669,0.07683733333333331,0.000512
4440874523,0.14242133333333334,0.1956213333333333,0.3767466666666667,0.117552,0.09709866666666665,0.0002773333333333333,0.012949333333333334,0.010661333333333332,0.00036266666666666663,0.024933333333333328,0.021376
4440874655,0.2198773333333333,0.18928533333333333,0.3743573333333333,0.08672,0.08072533333333333,0.00011733333333333333,0.012522666666666666,0.009584,0.0005066666666666666,0.011962666666666668,0.014341333333333331
4440878827,0.197456,0.016512,0.13037333333333334,0.281712,0.15898133333333336,0.00011200000000000001,0.03429333333333333,0.014656,0.000304,0.14055466666666666,0.025045333333333333
4441651944,0.11213866666666666,0.20964266666666667,0.202704,0.17443733333333333,0.168768,1.0666666666666667e-05,0.03221333333333333,0.008133333333333331,0.000304,0.082688,0.00896
4441652196,0.10986133333333334,0.19834133333333331,0.3809706666666666,0.11365866666666667,0.029072,0.00016,0.04309866666666666,0.00632,8e-05,0.08493333333333332,0.033504
4441652298,0.06424000000000002,5.333333333333334e-06,0.622912,0.09743466666666667,0.02781333333333333,0.0,0.068592,0.009205333333333331,0.0007626666666666668,0.079264,0.029770666666666667
4441652870,0.12103466666666668,0.05901333333333333,0.21441066666666667,0.2842666666666667,0.2322453333333333,0.00011200000000000001,0.015296,0.009882666666666666,0.0003093333333333333,0.041472,0.02195733333333333
4441652936,0.14156266666666667,0.488224,0.04082133333333333,0.2445173333333333,0.0696,3.2e-05,0.0018613333333333331,0.0049973333333333345,0.0004,0.003589333333333333,0.0043946666666666665
4441653048,0.20206933333333327,0.5756853333333334,0.016736,0.10987733333333333,0.087568,7.466666666666666e-05,0.0011306666666666668,0.003386666666666667,4.266666666666666e-05,0.003184,0.0002453333333333333
4441655880,0.1988,0.414752,0.017930666666666668,0.18837866666666667,0.06803733333333334,0.0,0.0020373333333333333,0.0028586666666666665,3.733333333333333e-05,0.10569066666666667,0.001477333333333333
4441656078,0.10676266666666667,0.3985813333333333,0.06391466666666665,0.28097066666666665,0.056682666666666666,2.666666666666667e-05,0.011333333333333334,0.008565333333333331,0.000144,0.06893866666666665,0.00408
4441656468,0.13318933333333333,0.411216,0.074816,0.230336,0.0796,5.333333333333333e-05,0.020442666666666668,0.008096,0.000128,0.032362666666666665,0.00976
4441656560,0.13805333333333333,0.233728,0.011696,0.4036853333333333,0.15973333333333334,1.0666666666666667e-05,0.004464,0.019061333333333333,2.666666666666667e-05,0.02767466666666667,0.0018666666666666664
501723368,0.14683733333333332,0.0013386666666666664,0.05270933333333333,0.5470613333333333,0.041045333333333336,0.0011146666666666666,0.056496,0.011968,0.006698666666666667,0.13076266666666667,0.003968
501727220,0.046538666666666666,0.004528,0.19522666666666666,0.5917226666666666,0.005952,0.0007786666666666665,0.055285333333333325,0.0011306666666666668,4.8e-05,0.0971733333333333,0.001616
501731164,0.037973333333333324,0.14882666666666666,0.26210666666666665,0.30767466666666665,0.127504,6.933333333333333e-05,0.049616,0.002773333333333333,0.0007573333333333334,0.05293866666666666,0.00976
501736428,0.064416,0.011045333333333334,0.128656,0.038901333333333336,0.5950346666666667,0.0005813333333333333,0.012032,0.003573333333333333,0.0012053333333333336,0.08780266666666665,0.056752
501744912,0.15741333333333332,0.00013333333333333334,0.3284533333333333,0.2769333333333333,0.06095466666666665,0.000816,0.05313066666666666,0.007082666666666666,0.0041653333333333325,0.09845866666666665,0.012458666666666668
501746749,0.08695466666666665,0.19034666666666664,0.14393066666666668,0.16024,0.2776533333333333,6.933333333333333e-05,0.041637333333333325,0.006442666666666666,0.0033226666666666665,0.06507733333333332,0.02432533333333333
501748490,0.2585813333333333,0.0072693333333333325,0.11805333333333333,0.193872,0.07086933333333334,0.002448,0.043610666666666666,0.0056053333333333346,0.0002826666666666667,0.2754986666666667,0.02390933333333333
501748971,0.20149333333333333,0.00016533333333333333,0.38209066666666663,0.198656,0.04120533333333333,8.533333333333334e-05,0.045093333333333326,0.010656,0.003456,0.11351466666666668,0.003584
501760895,0.17772266666666667,1.6e-05,0.026613333333333333,0.5493866666666666,0.028064,0.0,0.03536000000000001,0.008448,0.0012746666666666664,0.17159466666666667,0.00152
501761869,0.09189866666666667,0.0006186666666666666,0.4553866666666666,0.26442666666666664,0.014261333333333334,0.000512,0.07837866666666665,0.0008266666666666666,0.000416,0.08688,0.006394666666666666
501768683,0.08297066666666665,0.0009546666666666668,0.474528,0.27597866666666665,0.01085866666666667,0.000672,0.09258133333333331,0.0005866666666666667,0.000128,0.05686933333333333,0.003872
501778315,0.042549333333333335,0.00023466666666666666,0.445584,0.3199093333333333,0.019130666666666667,4.266666666666666e-05,0.058901333333333326,0.001072,7.466666666666666e-05,0.10716266666666667,0.005338666666666666
501786641,0.08631466666666665,3.2e-05,0.33544,0.2476,0.13655466666666666,0.000144,0.07454933333333333,0.005045333333333333,0.0036906666666666663,0.10510933333333332,0.00552
501796631,0.02066666666666667,0.34153066666666665,0.09034666666666669,0.11582933333333335,0.388592,0.0,0.02610133333333333,0.00041066666666666666,3.733333333333333e-05,0.011274666666666669,0.0052106666666666655
501810169,0.1536,0.042112,0.15394666666666668,0.36933866666666665,0.14170133333333335,1.0666666666666667e-05,0.06335466666666667,0.028837333333333333,0.0013813333333333336,0.036944,0.008773333333333331
5270752231,0.10976,0.0008213333333333333,0.408304,0.140512,0.18071466666666666,0.010421333333333331,0.022613333333333333,0.008597333333333334,0.0013333333333333333,0.051477333333333326,0.06544533333333333
5270756929,0.2430346666666667,8e-05,0.286416,0.3061066666666667,0.12612266666666666,1.0666666666666667e-05,0.006528,0.004784,0.0008266666666666666,0.000816,0.025274666666666668
5270758023,0.29045866666666664,0.0005813333333333333,0.2807413333333333,0.349152,0.06330666666666665,0.001088,0.004026666666666665,0.005322666666666666,0.0038186666666666664,0.0007733333333333333,0.0007306666666666666
5270759359,0.3114666666666667,0.0016266666666666669,0.2997653333333333,0.281264,0.09538133333333332,3.2e-05,0.003578666666666666,0.002896,0.000128,0.0016533333333333333,0.002208
5270763611,0.09821333333333332,4.8e-05,0.36391466666666666,0.09618666666666667,0.3020373333333333,0.0012373333333333331,0.01781866666666667,0.005088,0.0013706666666666667,0.017749333333333332,0.096336
5270765101,0.10282133333333332,0.0041333333333333335,0.4505973333333334,0.012431999999999999,0.16000533333333333,0.025344,0.01056,0.0028746666666666673,0.008016,0.10943466666666668,0.11378133333333333
5270767869,0.2675626666666667,0.00010133333333333332,0.425872,0.06801066666666665,0.21694933333333333,0.0004586666666666666,0.003184,0.004026666666666665,0.0012853333333333336,0.00898133333333333,0.003568
5270770709,0.12264000000000001,5.333333333333334e-06,0.6637493333333333,0.08243733333333332,0.117296,3.733333333333333e-05,0.00368,0.001536,0.0006986666666666666,0.004213333333333334,0.0037066666666666663
5270773357,0.11677333333333335,8.533333333333334e-05,0.455904,0.076016,0.24642666666666665,4.8e-05,0.0052,0.0011093333333333333,0.00016533333333333333,0.080736,0.017536000000000003
5271356488,0.16408,0.007258666666666666,0.43578133333333335,0.09100266666666665,0.15371733333333334,2.133333333333333e-05,0.005578666666666666,0.00432,0.008090666666666666,0.128752,0.0013973333333333331
5271360770,0.5301973333333333,0.009525333333333332,0.09014933333333332,0.09315733333333331,0.059967999999999994,5.333333333333334e-06,0.003413333333333333,0.0012106666666666667,0.013616,0.198736,2.133333333333333e-05
5271363586,0.10025066666666667,0.0006133333333333334,0.420592,0.136192,0.232064,0.001664,0.016464,0.012101333333333334,0.0014186666666666664,0.056048,0.022592
5271368462,0.06088,0.000336,0.4376906666666667,0.1,0.15066666666666667,0.017274666666666667,0.022074666666666663,0.006970666666666666,0.0017493333333333336,0.10256533333333333,0.099792
5271377030,0.18705066666666667,0.0003093333333333333,0.182592,0.1792,0.2368853333333333,6.4e-05,0.00904,0.0038346666666666663,0.0002666666666666667,0.19133333333333333,0.009424
