10719728165,0.16882543579142306,0.06975892847529529,0.05787762309290782,0.0312025582221648,0.03450262174704179,0.0203602614210192,0.05421686746987952,0.0412965535062502,0.03268301086383066,0.04928023084294282,0.019073613488807775,0.03673675936991935,0.026680448334894538,0.06320186913875342,0.07160545667926398,0.2226977615556058
10719822535,0.19566200458671146,0.0793253442725325,0.05321554313769825,0.03174628810146753,0.03273146204119426,0.020559449594625148,0.043643743876309524,0.04061823702315966,0.037581963241706776,0.044069037544279,0.019628110296413537,0.03653218773216189,0.030195850425832012,0.05571347050399991,0.07211150230950611,0.2066658053124024
10719825096,0.1788440625773873,0.06097311498002735,0.05552504925869698,0.03133176136180109,0.041985636917643766,0.023030459640169258,0.04716991289555003,0.043729879302733726,0.03914855130979683,0.046313942095459595,0.023547272198714428,0.04463430128018778,0.030405805527740994,0.05828138290427124,0.06237281565942052,0.21270605209039914
10719831656,0.19898898543234603,0.07243451015859685,0.06581284925223684,0.028661563142651038,0.03325904152804247,0.023654941481744674,0.041576493642128835,0.038911678887130284,0.03562776575470784,0.04249168254788591,0.02217448884007881,0.035837720856616816,0.027832509663318152,0.06282502664814757,0.07028650796214347,0.19962423420222444
10719832864,0.17679834619981266,0.07181541178117297,0.051444383431850725,0.03211236366377036,0.04047288349106883,0.02157692431926096,0.04625472398979296,0.03766809866813097,0.03356051552052715,0.04609322006524758,0.0179377025528387,0.04245938176297684,0.027294163248166928,0.06047245281393671,0.07292440539638446,0.2211150230950612
10719836514,0.1752371415958741,0.09164809371534396,0.04468813592170289,0.029436781980468795,0.03500328391313242,0.020737103911625053,0.04167339599685606,0.0369305640793738,0.031450197573134366,0.04399366904615782,0.01831992850759607,0.03831949783046394,0.024699333527138042,0.05472829656427317,0.07943301355556273,0.2337015622812968
10719842495,0.18554647544602,0.07575610754007987,0.055896508285151324,0.0295283008710445,0.03223079987510364,0.018589101715171683,0.048736500963640086,0.03950385994379663,0.033571282448830175,0.04774594355976183,0.01834684582835363,0.036332999558555935,0.029415248123862744,0.06181293538766325,0.0721491865585667,0.214837903894398
10719890416,0.18818437288026094,0.07529851308720135,0.06171603303293604,0.031315610969346555,0.03163323535428578,0.021894548704200174,0.04692227354458048,0.04101661337037157,0.03647296962649526,0.04895183952970057,0.020031870107776954,0.03499790044898092,0.027261862463257857,0.06515606662575234,0.07164314092832456,0.19750314932652865
10719926344,0.17411199758820806,0.08368595023525738,0.05067993152233599,0.029878226040892793,0.03145558103728587,0.01898209459823207,0.0472452813936712,0.03888476156637273,0.031670919603346365,0.04682537118985325,0.017733130915081236,0.036354533415161996,0.027493351421772883,0.060854678768694076,0.07613833349483724,0.22800585720899685
10719944656,0.17431656922596553,0.07835093726110878,0.04449433121224846,0.03326980845634549,0.03717281996619185,0.02017722363986778,0.044725820170763486,0.044198240683915285,0.0393585064117058,0.04854807971833716,0.019536591405837828,0.041350388147765316,0.03322135727898188,0.05414688243590986,0.07295670618129353,0.214175737803762
10719988883,0.17999612390581093,0.06453158478417692,0.05593419253421191,0.03016893310507445,0.04326690138570368,0.022314458908018128,0.0498454945788516,0.04306232974794621,0.03846485136255477,0.04905950881273082,0.022314458908018128,0.047412168782368085,0.0311594905089527,0.06136072439893622,0.058615157681665,0.20249362059498047
10720025863,0.19336864885816726,0.0657159468975096,0.07112632836977939,0.029754406365408013,0.03691441368691926,0.02413406979122926,0.045807896465217435,0.03829796397385791,0.03462644142252657,0.04532876815573285,0.02308967774583589,0.03838409940028209,0.02596444760274341,0.06695414365235744,0.06455311864078297,0.19597962897165067
10720074313,0.1966094942773776,0.08518255326937779,0.053683904518879805,0.03299525178461837,0.029641353618226257,0.020898607836170417,0.04145267396664406,0.042690870721491865,0.03975149929476619,0.043358420276279376,0.019498907156777243,0.03142866371652831,0.02931834576913552,0.05790454041366538,0.07411415097386867,0.20147076240619316
10720090073,0.19515595895646928,0.07689201847604897,0.05526125951527289,0.03434111782249642,0.02799401358786352,0.02160384164001852,0.04220097548370425,0.04291697621585538,0.04140422278928045,0.038836310389009115,0.019913433896443684,0.028440841112439032,0.02928604498422645,0.05899200017227085,0.07938994584235062,0.2073710391162505
10720112543,0.1923727079901375,0.06993658279229518,0.06031094888939135,0.029958978003165482,0.03414192964889048,0.021856864455139596,0.04754675538615588,0.04006374021555391,0.035460878366010966,0.044149789506551684,0.02137235268150349,0.03777576795116122,0.02802093090862108,0.06458003596154054,0.06813312230153859,0.2043186149423431
10892160195,0.18212797570980974,0.058846646640180016,0.0626258384745416,0.03095491887119524,0.044246691861278886,0.021889165240048667,0.049947780397730325,0.04114581651000786,0.03726433885676755,0.04903259149197325,0.022029135307987984,0.04544720436706612,0.03043810631265006,0.06594205239187312,0.05824908211936216,0.19981265544752735
10892160725,0.18269862290987005,0.06159759682160276,0.06749249006750864,0.032413837656255044,0.03759811363416131,0.02107626215317032,0.050615329952517836,0.03818491122667614,0.03494944927161729,0.04944173476748818,0.019838065398322512,0.037398925460555364,0.029076089882317475,0.06561904454278239,0.06800391916190231,0.2039956070932524
10892161045,0.19586657622446893,0.07074410241502202,0.06279810932739,0.031956243203376505,0.03210698019961885,0.021571540855109445,0.043358420276279376,0.039573844977766295,0.035940006675495545,0.042663953400734304,0.0205379157380191,0.03154709992786158,0.029242977271014357,0.0633741399916018,0.0730751423926268,0.20564294712361514
10892194156,0.14378694402273975,0.0842242966504086,0.07316127781905102,0.023057376960926815,0.02673428297640966,0.009302626053813108,0.08598468942795309,0.023073527353381355,0.01815304111889919,0.08510718477125662,0.00855970800090442,0.02841930725583298,0.020424862990837345,0.09129816854549566,0.08235085112568236,0.19636185492640806
10892194686,0.202520537915738,0.07709659011380644,0.059218105666634366,0.03392659108282998,0.026658914478288488,0.020015719715322417,0.04124810232888659,0.04131808736285625,0.03924545366452405,0.041474207823250106,0.018142274190596164,0.026917320757561074,0.029452932372923325,0.057764570345726074,0.07856627582716927,0.2064343163538874
10892194976,0.1883243429482003,0.07059874888293119,0.055498131937939434,0.03304908642613349,0.03273684550534578,0.021280833790927788,0.044472797355642406,0.04130732043455323,0.03834103168707,0.041501125144007674,0.02068865273426144,0.03319982342237583,0.031057204690073968,0.06087621262530012,0.0736888573058992,0.21337898510933814
10892195306,0.192367324525986,0.07092175673202193,0.05277409907727425,0.034055794222466275,0.03915393477394834,0.023267332062835797,0.04184566684970445,0.04324536752909763,0.04263703607997674,0.042276343981825434,0.022012984915533447,0.04052133466843244,0.030868783444771036,0.055228958730363806,0.0684938143996899,0.20032946800607251
10892195586,0.16004500576030664,0.07044262842253733,0.05775380341742304,0.0277194569161364,0.0328768155732851,0.018879808779353337,0.0505937960959118,0.03798572305307018,0.03211774712792188,0.05877666160621036,0.017227085284839086,0.03646220269819223,0.026276688523531117,0.08466574071083262,0.06436469739548005,0.2238121386349688
10892302134,0.16052413406979124,0.0728113526492027,0.060962348051724326,0.027622554561409177,0.037608880562464336,0.016107324741324546,0.06684647436932717,0.0393100552343422,0.0313371448259526,0.06168911571217847,0.015800467284688355,0.040112191392917516,0.02595368067444039,0.062448184157541685,0.06263660540284462,0.21822948630985067
10892303164,0.1964641407452868,0.0789754191026842,0.04470966977830895,0.03861020489464561,0.031191791293861775,0.021706127458897245,0.035417810652798865,0.04831120729567062,0.04815508683527677,0.03521862247919292,0.02014492285495871,0.03200469438074012,0.03538550986788979,0.046647716872853344,0.07803331287616956,0.2090237626107648
10892303784,0.1825425024494762,0.08615696028080147,0.06140917557629984,0.02817705136901493,0.03125100939952841,0.015251353941234103,0.05793145773442295,0.029296811912529475,0.02663738062168244,0.05811987897972588,0.01338867534481088,0.03374355330167857,0.024893138236592484,0.06867146871668982,0.08010056311035024,0.2024290190251623
10892462413,0.15454848886161268,0.08073042841607718,0.06828385929778095,0.026497410553743123,0.02814475058410586,0.013426359593871465,0.06930671748656825,0.03511095319616267,0.030045113429589675,0.07134166693583988,0.014250029609052832,0.03106258815422548,0.026658914478288488,0.07857165929132076,0.07990675840089581,0.19211430171086488
10892462583,0.17083346791993712,0.10498293441863972,0.08477340999386285,0.019283568590716758,0.013711683193901612,0.006955435683753782,0.07379114312477793,0.01575201610732474,0.012823411608902095,0.07387727855120213,0.00573338932136051,0.014621488635507175,0.01580585074883986,0.09042066388879916,0.10139216382958106,0.1952420943828935
10892463543,0.1981330146322556,0.08442886828816606,0.052531843190456194,0.03214466444867944,0.03229001798077027,0.02021490788892837,0.04299772817812806,0.03946079223058454,0.03725357192846453,0.044289759574490994,0.01806152222832348,0.03409886193567837,0.029598285905014163,0.055519665794545474,0.07850167425735112,0.20047482153816334
10892463733,0.1642602581909407,0.06640503030890316,0.05604186181724216,0.028629262357741964,0.02694423807831864,0.017830033269808455,0.0471106947898834,0.035057118554647534,0.02880691667474186,0.04462353435188475,0.01557974525447635,0.02746105063686381,0.025216146085683216,0.07495397138150457,0.07470633203053502,0.2663738062168244
2261541185,0.16257780366177702,0.0684065567405574,0.04469236462466178,0.030642206287385187,0.03045414285540955,0.018211820090027784,0.04096749535907983,0.03834067387374271,0.03326902777272231,0.03952972008881448,0.01682257731833679,0.03287470122180565,0.02603768548514299,0.05790533736153072,0.06476055278515876,0.294507334473847
2261544521,0.15849500721920914,0.061442143195137036,0.04553561678739126,0.028804037903881387,0.03371188682221332,0.019516130989213648,0.043424453099406686,0.03955398633810165,0.03250464092017617,0.03958431914971063,0.01739890073890729,0.03570778582608379,0.02570402455744428,0.057602009245440976,0.0597677719943217,0.30124728521336097
2261563121,0.19053252284060715,0.07384219658088548,0.06459068904014853,0.030029483492883924,0.030775670658464677,0.020711243766607216,0.04575401303097586,0.03790994794889528,0.034761402103883815,0.04835050170470402,0.019601062861718775,0.03210424780693772,0.027645324500418598,0.06474841966051516,0.07425472281876752,0.20438855118358631
2261567355,0.19855251823001974,0.10097792984627332,0.041677283150729806,0.039056528227714486,0.026765672963758355,0.018964073817930333,0.03713949453402735,0.04393404433443745,0.04306045936009901,0.04116769191569905,0.016252320460088086,0.026874871085550662,0.03099406690204928,0.047513316104296335,0.08728569868598261,0.1997840303813441
2261571481,0.16400951236972058,0.068182093934651,0.043654982467634884,0.029465293196957013,0.03931739040755166,0.01902473944114828,0.04565088147150536,0.039954379451340095,0.03682403329329402,0.046815661437289935,0.018369550710394447,0.04184714689574006,0.029392494449095474,0.05608536866499229,0.06693238209636128,0.2544740897123236
2262110969,0.1810080199953894,0.07511010810614058,0.04634853613851175,0.03143692595154031,0.03790994794889528,0.02060204564481491,0.04324245622975285,0.038650068552154235,0.036520705177204286,0.04449823463036436,0.017647629794100873,0.03965711789757216,0.02869483978208908,0.05302782125480776,0.0703599898081753,0.2352855530884869
2262114667,0.18814836384814185,0.0770332083621495,0.047707446098593766,0.03273517028840437,0.035392324585350465,0.020329050340334148,0.04257513437435543,0.04093109598514905,0.038280008250524765,0.045341486793093834,0.01954039723850083,0.03805554544461835,0.03058760722648904,0.05473859182955386,0.07186449726398039,0.2167400720707604
2262327944,0.1573059610041374,0.06355330688312161,0.045214088984336126,0.029835353498586487,0.03562892051590046,0.018223953214671372,0.04456496681590409,0.04054890255887599,0.030951600965796727,0.040197041944211885,0.016980307938703455,0.03576238488697994,0.026492677659277597,0.05749281112364867,0.06540967495359082,0.2918380470522573
2262338654,0.17392227520353318,0.08172872759921862,0.04063383443138111,0.032322644050522334,0.03206784843300696,0.01788422572465087,0.04236887125541441,0.04034263943993496,0.03536805833606329,0.044340504009997686,0.015554665793081691,0.03448234023708126,0.028452177289217288,0.053197684999818,0.07335080503282011,0.2539826981642582
2262342176,0.16297819677501546,0.0731202756645919,0.041768281585556725,0.03235297686213131,0.03443380773850689,0.01824821946395855,0.0451473567987964,0.040415438187796505,0.03428214368046203,0.04495322680449896,0.016282653271697062,0.03631444205826327,0.026620075468035284,0.05560004367924872,0.0658646671277254,0.2716181948337155
2262345826,0.18708671544182773,0.08690350525970954,0.04469236462466178,0.03643577330469916,0.03701209672526966,0.019582863174753398,0.04539608585398997,0.04174401533626954,0.04082796442567854,0.05051019789126294,0.016725512321188074,0.03806161200694015,0.03150972469940184,0.051941906599206486,0.07407272594911367,0.1974969363860275
2262366628,0.17381914364406265,0.06520947839697157,0.04823523702058991,0.030715005035246726,0.03962678508596319,0.0206081122071367,0.04475303024787974,0.04228393938290928,0.03887453135806064,0.045851078028124576,0.020128853783714918,0.04255086812506825,0.0303995437945134,0.05732901394096021,0.06543394120287796,0.23418143874592026
2262891548,0.15210085053203753,0.06499714871570876,0.056722357708780737,0.027651391062740387,0.030466275980053144,0.018618279765588032,0.07152476977395988,0.040106043509384966,0.029210497579441632,0.052924689695337236,0.017872092600007283,0.033596622138099226,0.022737475582086653,0.06735097489656511,0.07982989359249687,0.2342906368677125
2262894346,0.15002608621798372,0.050940923816110366,0.046554799257452775,0.025230832696344286,0.03964498477292857,0.019789126293694417,0.05197830597313726,0.04061563474441573,0.03265630497822104,0.034112279935451774,0.020838641575364903,0.041009961295332395,0.02520656644705711,0.05188124097598855,0.08116453730329172,0.2883497737172255
2262897838,0.1883910263410136,0.06806682925053689,0.05646149552894358,0.029744355063759567,0.04714325580266686,0.02250694621385845,0.04610587364563997,0.038164743566410655,0.03782501607639016,0.05062546257537704,0.021493830306118736,0.04531722054380664,0.02747546075540834,0.058275397663160186,0.06651985585847923,0.19588323080843006
3144805879,0.19005243494083573,0.072499111728415,0.060106377251633876,0.030707279520225682,0.032483822690224706,0.02250288015332106,0.04243246444221928,0.038664039536160724,0.03459952410176901,0.04254013372524952,0.020231058281382903,0.03226310066001271,0.02596444760274341,0.06081161105548199,0.07370500769835375,0.22043670661197068
3144821887,0.18702154462353435,0.08256080622759132,0.05267181325839551,0.03370586905261797,0.039331589090948235,0.02226600773065452,0.04841349311454935,0.03678521054728297,0.03177858888637661,0.05347394941697083,0.017770815164141817,0.042308644766734495,0.025926763353682828,0.05801759316084714,0.06541447290502493,0.20255283870064708
3144840151,0.17260462762578466,0.07044262842253733,0.06924211591675011,0.03069112912777114,0.033242891135587926,0.01757162699053587,0.0608169945196335,0.034890231165950664,0.032257717195861194,0.06221669519902667,0.016484167231930403,0.03290911635819417,0.028343938757711813,0.06910752931296231,0.07411953443802018,0.19505905660174208
3145628812,0.18849661380104873,0.05448065721330362,0.06802545301850835,0.030265835459801674,0.044042120223521435,0.02345575330813872,0.04920486234482165,0.041587260570431855,0.03573005157358657,0.04378371394424885,0.02391334776101726,0.044693519385854405,0.02685810265189444,0.06459618635399507,0.055595034292666635,0.20527148809716075
3145630170,0.18989631448044186,0.056359486202181376,0.0757614910042314,0.03025506853149865,0.04244861483467382,0.022368293549533253,0.0530594226773044,0.03862635528710014,0.03235461955058841,0.04792898134091325,0.0227397525759876,0.043740646231036746,0.02542610118759219,0.0683592277959021,0.059121203311907136,0.19155442143910764
3145632876,0.16691968948178773,0.05238110619421385,0.05753308138721104,0.027703306523681855,0.040984312585462486,0.021006277119200664,0.04867189939382194,0.04063977087976571,0.03300063524876988,0.04046750002691732,0.022497496689169547,0.041237335400583566,0.027127275859470053,0.061156152761178764,0.05576730514551504,0.2629068553032505
3145634372,0.1920981513184104,0.05983182057990676,0.07224608891329393,0.029899759897498844,0.03876632535503946,0.024893138236592484,0.04469890285000592,0.03846485136255477,0.03430881703758735,0.0422655770535224,0.02341806905907813,0.03739354199640384,0.02494158941395609,0.06458003596154054,0.06287886128966268,0.20931446967494646
3145638910,0.19112374430698667,0.06852073172044747,0.05735004360605962,0.030938768478740705,0.03981071740043283,0.02301969271186623,0.04411210525749109,0.04078512441185654,0.03758734670585829,0.04469890285000592,0.021609225104170036,0.04011757485706903,0.028925352886075124,0.05899738363642236,0.06653961691269097,0.20586366915382712
3145640418,0.18674160448765573,0.07622446892126146,0.0554873650096364,0.0300989480711048,0.032887582501588124,0.02308967774583589,0.04290082582340085,0.040408281921250684,0.03694133100767682,0.04600708463882338,0.021323901504139885,0.0351271035886172,0.02824165293883308,0.06153299525178463,0.07084100476974924,0.21214617181864187
3145645062,0.16887927043293818,0.058615157681665,0.05070684884309355,0.031008753512710364,0.045409520118005524,0.022675151006169448,0.04749830420879227,0.046276257846399,0.04171646371006815,0.04463430128018778,0.023584956447775016,0.04608245313694456,0.03220388255434607,0.05755461524381709,0.06094081419511827,0.22221324978196969
3145646292,0.17828418230563006,0.05966493319120988,0.0569409003305447,0.030362737814528893,0.03765733173982794,0.022088353413654616,0.04442972964243031,0.04012834178537205,0.034631824886678084,0.040542868525038495,0.022179872304230325,0.03774885063040365,0.02839777339922693,0.06154914564423916,0.0628034927915415,0.24258966159544346
3145653644,0.17172712296908815,0.0717938779245669,0.049231779665579206,0.029436781980468795,0.040736673234492926,0.021442337715473152,0.04218482509124972,0.038534836396524434,0.0351271035886172,0.04558179097085392,0.018895959171807874,0.041258869257189607,0.025808327142349558,0.05367313759057679,0.06567826264844902,0.2488883146527127
3145656440,0.16915921056881686,0.07059874888293119,0.04629779170300505,0.03104105429761943,0.037517361671888634,0.020532532273867588,0.04303541242718865,0.03965459694003898,0.035401660260344324,0.04393983440464269,0.018454515111383872,0.03780806873607029,0.02742874985195473,0.05132056375636594,0.07021113946402231,0.2575987596498595
3145659140,0.17444038890145033,0.07132551654338536,0.04435974460846065,0.031245625935376893,0.03639221766422258,0.02081785587389773,0.038604821430494096,0.0423517124799466,0.039191619023008925,0.04383754858576397,0.019428922122807585,0.03795880573231263,0.028424690719984495,0.04942558437503365,0.060380933923361,0.26181401208049354
3145664852,0.18372686456280887,0.08421352972210559,0.05011466778642721,0.03387275644131486,0.02984592525598372,0.01847066550383841,0.045361068940641916,0.04055901891749303,0.03761964749076736,0.045420287046308565,0.016538001873445524,0.03198316052413407,0.03108950547498304,0.05046459295627551,0.08889714353392121,0.21182316396955111
3298273427,0.1741819826221777,0.07990675840089581,0.045603324827459976,0.029673654403135324,0.04107044801188669,0.021221615685261156,0.03736662467564628,0.041118899189250296,0.034448787105526665,0.0378134522002218,0.022852805323169356,0.044472797355642406,0.02812321672749981,0.05264489593763795,0.07560537054383755,0.2338953669907512
3298274891,0.18570259590641386,0.08668453976764967,0.04323998406494611,0.03417961389795105,0.02933987962574157,0.02148002196453374,0.03903011509846356,0.043945217868794205,0.03961152922682688,0.03988070243440249,0.018729071783111,0.031213325150467826,0.030265835459801674,0.052047331416820095,0.08130645908028898,0.22334377725378726
3298285443,0.19248037727316772,0.07572919021932233,0.05362468641321318,0.028252419867136107,0.039493093015493606,0.02397256586668389,0.041032763762826094,0.04049980081182639,0.03863173875125166,0.040096041000462976,0.02352573834210838,0.04339610452533997,0.027773291557651517,0.057920690806119925,0.0692798001658107,0.20429169762158556
3298320531,0.1924911442014708,0.061043100013997015,0.0575169309947565,0.030093564606953283,0.04749292074464076,0.026922704221712588,0.039546927657008735,0.04477427134812709,0.04378371394424885,0.04061285355900815,0.02579756021404653,0.05050227720533609,0.028995337920044786,0.061780634602754174,0.053263994315061854,0.1953820644508328
3298320869,0.17123184426714902,0.04183489992140142,0.0745663619625957,0.025350732689471016,0.054593709960485376,0.026992689255682246,0.05260721168857736,0.0390893332041302,0.03646758616234375,0.050615329952517836,0.02775175770104547,0.0557080870398484,0.024505528817683603,0.08256618969174286,0.043961368261248746,0.19215736942407705
3298324199,0.16488474003251613,0.08436965018249942,0.061118468512118176,0.02678273415377327,0.024311724108229158,0.017275536462202697,0.05496516898693972,0.03465874220743564,0.030771881090043817,0.05261797861688039,0.01618807670359723,0.027735607308590933,0.02636820741410683,0.06810620498078104,0.09612713588940212,0.21371814335088346
3298324867,0.18263402134005188,0.06839691204496269,0.04782131205788301,0.032887582501588124,0.034868697309344616,0.022982008462805646,0.03972996543816015,0.04477427134812709,0.03868018992861527,0.03750121127943409,0.021609225104170036,0.03852406946822141,0.029237593806862836,0.0565855916965449,0.06856918289781108,0.23519816531541715
3298325581,0.17313220711263286,0.08544095954865036,0.03982686779288737,0.028855367852105476,0.035956157067950086,0.021431570787170128,0.036085360207586376,0.03950385994379663,0.03600460824531369,0.04244861483467382,0.019768080364352854,0.03999375518158425,0.027638704953863717,0.05310249039051649,0.0765097925212916,0.24430160319562436
3299088304,0.18782368078210968,0.0694628379469621,0.056580208232393375,0.031708603852406946,0.03419576429040559,0.0245916642441078,0.03909471666828171,0.04326151792155216,0.03828181358140336,0.03805570808703985,0.022282158123109057,0.03524553979995047,0.027326464033076002,0.06175371728199663,0.06727176803729663,0.22306383711790864
3299100562,0.20019488140228475,0.07649902559298857,0.05552504925869698,0.033711252516769485,0.03086339998061953,0.02483930359507736,0.03854021986067594,0.04511342958967236,0.04154957632137128,0.03683904518879809,0.023369617881714527,0.03068036219946812,0.029668270938983818,0.057032419221120415,0.07498627216641365,0.20058787428534516
3299102656,0.17536096127135886,0.06386941869354093,0.04672308537097451,0.02868309699925708,0.04498960991418758,0.025409950795137654,0.036542954660464914,0.04404750368767294,0.04100584644206854,0.03656448851707096,0.02679350108207629,0.04929638123539736,0.031127189724043627,0.05345779902451629,0.06802545301850835,0.2281027595637241
3299113152,0.18900804289544235,0.08787966880928538,0.044451263499036366,0.035590081505647256,0.03398042572434509,0.021856864455139596,0.041732614102522686,0.04482272252549071,0.0443382107518546,0.045888648427490124,0.019310485911474315,0.03494944927161729,0.03248920615437622,0.04986702843545765,0.07856089236301776,0.19527439516780254
3299113566,0.1956297038018024,0.06552214218805516,0.06122613779514841,0.029754406365408013,0.03756042938510072,0.02790249469728781,0.03983225125703888,0.04099507951376552,0.03820106161913068,0.04141498971758348,0.026298222380137168,0.0400583567514024,0.02836008915016635,0.0616137472140573,0.06506454773517664,0.20056634042873908
3299113906,0.19509135738665115,0.0651345327691463,0.05669864444372665,0.031143340116498164,0.035547013792435155,0.029280661520074937,0.03472872724140529,0.04317538249512797,0.042098689664825516,0.037974956124767166,0.027870193912378737,0.037711166381343066,0.028618495429438937,0.05844288682881661,0.06715333182596338,0.20933062006740094
3299114366,0.19843448862474025,0.06713179796935732,0.06373483208975311,0.02960366936916567,0.033399011595981784,0.027159576644379124,0.03801802383797926,0.04048365041937186,0.03884169385316063,0.039062415883372635,0.025506853149864873,0.03381353833564822,0.02691193729340956,0.06385865176523789,0.06983429697341645,0.20420556219516134
3433119864,0.18291445351297664,0.05947445696765556,0.05768774020814441,0.030044910826100092,0.046605777950511726,0.024231333937902142,0.04796605777950512,0.04587705661355098,0.043059334110636095,0.05019000734119272,0.02411797728548603,0.0476853651163795,0.031011141339551757,0.06051086064688864,0.055755279181241096,0.19286824718227746
3433122096,0.18256548922964586,0.07468510405257393,0.04815854326396495,0.029293309602044543,0.035796595472800286,0.021569231471339902,0.04406261409273458,0.04098781489594743,0.03753650967506389,0.042779070828769625,0.02044541803577948,0.03851200255567726,0.03006343556042352,0.054553441036874775,0.07409182183278569,0.22489959839357426
3433124884,0.19250606486861147,0.06266181477177747,0.06644343872953744,0.030314150001019308,0.03434040731453734,0.023994454977269482,0.043774081095957436,0.03971214808472469,0.034411758709966773,0.040012843251177294,0.022562330540435854,0.034850060139033294,0.02630318227223615,0.06452714410943265,0.06411942184983589,0.21946669928444745
3433126764,0.1798808135768882,0.05130198212203654,0.06931489398454031,0.030044910826100092,0.043059334110636095,0.024269119488707518,0.05424925508485554,0.04288120222826791,0.038503476270674096,0.048694779116465865,0.024139569028803383,0.04318888457054022,0.027540268601286867,0.06710713823034073,0.05891846957723367,0.19690590318262294
3433128840,0.17414658634538152,0.057324753559693326,0.05909547280029207,0.02654253377144944,0.04643117926250456,0.023968601679445048,0.04785049288061336,0.04493884629426798,0.04232384081781672,0.048019350127783855,0.02479463307776561,0.051697699890470974,0.030718327856882076,0.0663837166849215,0.05639832055494705,0.19936564439576487
3433129064,0.11904567658246565,0.054298942473408864,0.03955781723248249,0.02811572624644347,0.04693602830948714,0.016454379506215647,0.06290090659704872,0.03718169673359916,0.019421980644305975,0.05285083470155723,0.012359905771015409,0.05074495966713917,0.025770199573726026,0.06859645723492999,0.06245219714661581,0.30331229157955925
3436239581,0.12617044999404625,0.08927353619329069,0.07059504865824484,0.023446887279576528,0.020616157351779085,0.008183678108661059,0.09057794520399656,0.02012903365483497,0.011198432544192944,0.0854523214150402,0.0054720228623388436,0.023208737916626074,0.01813182649736412,0.09618528020437545,0.09436668506911744,0.2169919570465149
3439828449,0.16754417132336316,0.09961562065958204,0.0430138785705826,0.033006018712921394,0.028187818297317962,0.0184222143264748,0.03977841661552376,0.037565812849252235,0.027697923059530345,0.046906123152125924,0.014433067390204246,0.03283913132422451,0.023881046976108187,0.05386155883587971,0.07203075034723344,0.2612164475596757
3442998223,0.17920475467553862,0.06529603669369166,0.061075400798906075,0.029539067799347524,0.034540305996102375,0.02000495278701939,0.05171355663942634,0.03675829322652541,0.03478256188292042,0.04644314523509588,0.020769404696534127,0.03626301452458628,0.029802857542771618,0.06380481712372277,0.07528236269474681,0.21471946768306469
3443002977,0.16391764240058826,0.062203744555687536,0.04624130324113354,0.032586684767237965,0.047248147519656086,0.022931161264777417,0.04488941682221845,0.04189716612930595,0.033961196900277164,0.0465863453815261,0.01923185700548673,0.051728038916228285,0.029939476214718024,0.05868544600938967,0.06076701170880705,0.2371853611629617
3443004797,0.1806154194241756,0.0734091294756491,0.06412693025623621,0.030386334068669044,0.03734374116183042,0.01967871485943775,0.05541037388992591,0.03792069687199502,0.03375756547316024,0.06280898240850727,0.017472707732337802,0.04079416256575597,0.024333955540471745,0.0756999830307144,0.06431359239776005,0.1819277108433735
3443806016,0.1506831616008269,0.06813850576569011,0.042254810125219366,0.026319756236743215,0.02413406979122926,0.016559535730051575,0.035353209082980716,0.035929239747192525,0.029899759897498844,0.03849715214746385,0.01508985001668874,0.02572757518007688,0.02601828224425853,0.06572133036166113,0.07518546034001959,0.3244883017323988
3443809302,0.1777889036036909,0.058001442768392614,0.06481152492005557,0.030421955920195524,0.043859082442370016,0.023294249383593358,0.0509921724431237,0.04011757485706903,0.03774346716625214,0.05035692367324526,0.0215069392852913,0.0406343874156142,0.030287369316407717,0.0607793102705729,0.06522605165972199,0.20417864487440374
3443811134,0.16896940997822135,0.06956682451197826,0.05512597654298787,0.03264300985034666,0.03712861395832085,0.01857679474115367,0.05714899398589384,0.04192890966852485,0.03896181741892945,0.05746368558812364,0.017812543707166978,0.039546244680213394,0.02921137285460249,0.06096525405102999,0.07169473915562749,0.20325580930687925
3443824338,0.1644379125079406,0.07879776478568429,0.04849424507682203,0.030195850425832012,0.03458875717346598,0.01995111814550427,0.04586173110673256,0.039035498562615074,0.033716635980921006,0.04622242320488388,0.01740473960183899,0.03659140583782852,0.027859426984075716,0.05499746977184879,0.07590684453632224,0.245938176297684
347111281,0.186407829710262,0.07085715516220377,0.06325570378026853,0.030265835459801674,0.0330114021770729,0.02223370694574545,0.04948480248070028,0.038077241943645895,0.03456722331685993,0.05036769060154828,0.02031181024365559,0.036413751520828624,0.02679350108207629,0.0687091529657504,0.0685314986487505,0.2007116939608299
347111502,0.1751886904185105,0.08402510847680265,0.05758691602872616,0.028166284440711908,0.03235461955058841,0.018653703284989824,0.049861644971306136,0.03689826329446472,0.03114872358064968,0.05175662435263843,0.01681794200932416,0.03467489259989018,0.025243063406440776,0.06484920916911616,0.07396341397762632,0.218810900438214
347111698,0.18563799433659567,0.060962348051724326,0.05498131937939425,0.03190779202601289,0.04663156648039881,0.023687242266653745,0.0464108444501868,0.04426284225373344,0.042389396729007184,0.048612681288155296,0.022788203753351208,0.04771902623900427,0.030701896056074162,0.05616568149272694,0.060386317387512524,0.19675484780946845
347111759,0.18031913175490166,0.07715580821947307,0.05307018960560742,0.03107873854668002,0.03548241222261701,0.018314545043444555,0.050437675635517945,0.04025216146085683,0.03822797893988824,0.052634129009334917,0.018287627722686998,0.03648912001894979,0.031132573188195137,0.056424087771999525,0.07907770492156291,0.201616115938284
347111824,0.1667743359496969,0.06719639953917547,0.05670941137202967,0.029695188259741375,0.032456905369467146,0.021178547972049055,0.047643657740883104,0.04045673309861429,0.03717281996619185,0.04654004758982311,0.021054728296564275,0.035057118554647534,0.029926677218256405,0.06494072805969185,0.0810534362651679,0.22214326474800006
347111869,0.17371362124099615,0.07132013307923382,0.05402306276042508,0.029522917406892987,0.03091723462213465,0.01997265200211032,0.045780979144459874,0.040187559891038685,0.03795342226816112,0.045678693325581145,0.02048408109650398,0.034158080041345004,0.03100337004855885,0.06266352272360218,0.08272769361628819,0.21989297673266794
347112073,0.14792682795525264,0.06954897337338631,0.07025959064138591,0.02327271552698731,0.03188625816940685,0.016823325473475672,0.07755418456668497,0.03034120395792285,0.02483930359507736,0.07866317818189647,0.015262120869537132,0.03646220269819223,0.022685917934472475,0.08363749905789378,0.07323126285302067,0.19760543514540735
347112227,0.16587529743639434,0.05485211623975796,0.06305651560666257,0.027665622274621274,0.0415172755364622,0.022126037662715203,0.054959785522788206,0.04465045167264231,0.03934773948340278,0.05444297296424303,0.02339115173832057,0.044607383959430216,0.02911915759552957,0.07081408744899167,0.06066087405923964,0.2029135307987984
347112290,0.15524833920130926,0.0721976377359303,0.07052338038481001,0.026707365655652095,0.031697836924103925,0.019859599254928563,0.06026788117617925,0.03621994681137418,0.029356030018196113,0.06323416992366247,0.017695446666020652,0.03767886559643399,0.023466520236441742,0.08007902925374419,0.06841844590156874,0.20734950525964446
347112521,0.17040279078781614,0.05836213486654392,0.057683818383453385,0.030664211807013574,0.03795880573231263,0.025453018508349752,0.045188798087793525,0.044025969831066894,0.04051056774012942,0.044628917816036257,0.024963123270562142,0.044289759574490994,0.029178375701196205,0.06832692701099304,0.06081161105548199,0.21755116982676007
347112583,0.15480689514088525,0.06156529603669369,0.05634871927387836,0.028731548176620693,0.03977303315137225,0.021835330598533542,0.052445707764032,0.043805247800854895,0.037899587626646,0.050276171710972574,0.021899932168351687,0.04534491854818738,0.029259127663468887,0.06877375453556857,0.06595281932017615,0.2212819104837581
347112658,0.16252678273415375,0.06995811664890124,0.06542523983332793,0.03166015267504334,0.034685659528193205,0.013248705276871562,0.07692431926095805,0.039692281189099565,0.028247036402984593,0.05563271854172723,0.014858361058173713,0.03616072870570755,0.026675064870743025,0.05669326097957514,0.08152718111050097,0.2060843911840391
347112853,0.14070760252807474,0.10756161374721404,0.0395792284419178,0.02798324665956049,0.026987305791530733,0.016414182197960744,0.04083895905337166,0.036289931845343834,0.02425250600256253,0.04659388223133822,0.01358786351841683,0.031444814108982845,0.020381795277625247,0.06318033528214735,0.06320186913875342,0.30099486417519944
347112906,0.1552752565220668,0.09814055148206767,0.04403135329521841,0.032419221120406565,0.028973804063438743,0.019138215058625924,0.0432346006007946,0.04216867469879518,0.029172992237044695,0.04632470902376261,0.01550976022050669,0.033673568267708905,0.02419328789689589,0.05770535224005944,0.0717938779245669,0.25824477534804097
347112984,0.15710025086942947,0.09302087707397956,0.043945217868794205,0.03397504226019359,0.030804181874952895,0.018922876492565438,0.04325613445740065,0.04163571174779547,0.030158166176771424,0.0464108444501868,0.0167479569753545,0.03398580918849661,0.02418252096859287,0.0588412631760285,0.07277366840014211,0.25423947801931585
3821450103,0.19084279355689907,0.0780595305409363,0.058762124309512415,0.030990387542951595,0.03269395270613139,0.02009481971206124,0.04734461310947762,0.03945746886462819,0.036405549997825234,0.043727255592768174,0.018942194771867253,0.03569512707871196,0.028743131370246325,0.06140083800907601,0.07310831774752438,0.2037318950893828
3821451931,0.16908065474895972,0.052571296014382436,0.05349919533730591,0.030961390689110236,0.04010989807605874,0.0233859626230554,0.045691792440520206,0.04610499760775956,0.04243689559682774,0.040138894929900096,0.025220013628521304,0.043604018963942406,0.03301291809838632,0.0600959795862149,0.06617806967943977,0.2279080219796152
3821453739,0.17802618415901875,0.10062633204297332,0.04398097806388007,0.028308178562625963,0.022197091615559716,0.01657895118379656,0.039305235381961054,0.033368129557942966,0.030345207544981368,0.04235715424876401,0.015506067591666303,0.02564771722268134,0.026640859466747855,0.055144766792802974,0.09998115204500313,0.24198599451959465
3821454361,0.17625012686123556,0.07131776202282053,0.05015005871862903,0.03202702506778014,0.03407130326359589,0.020007829150537167,0.04359676975048207,0.041972945935366004,0.03963869920113668,0.042451394023748416,0.02155916083104983,0.03448450843083525,0.03170081046206487,0.05482580140054804,0.08134342423847013,0.2246023806417004
3821454899,0.1806938947124237,0.07258637437837993,0.055557971960042335,0.03128760529482552,0.03896452234932509,0.021334435213779302,0.04814927580357531,0.041226276948951035,0.04003740594145535,0.048953938497673,0.020239803981268036,0.04168297739695243,0.030765661925681063,0.05986400475548403,0.06820784944833486,0.20044800139184896
3821455475,0.17042900845258294,0.06543864990648515,0.06580111057950212,0.023269975207689964,0.0455250605309324,0.017891058820118017,0.058762124309512415,0.024081887115248,0.02152291476374813,0.05747901352703232,0.016970408710654895,0.04664868861728502,0.023726675655691358,0.07511634987603845,0.07508010380873675,0.2122569701187421
3821456895,0.18639902570571093,0.10098154350252997,0.040958056050918484,0.032360488886955766,0.026909080364780427,0.017804068258593944,0.036934742580430016,0.03908775897815087,0.03529642033839329,0.03913850347237325,0.018231771852753976,0.030526437881489857,0.030374204398822727,0.04518434749829643,0.09542139677844952,0.22439215345135047
3821653979,0.19118350658953506,0.0831702260304757,0.05046177489742362,0.03402055876937352,0.028213938787641536,0.020479028025459242,0.04320531222362374,0.043546025256259696,0.040646339872123884,0.04204543806996941,0.01930465544488423,0.030591680802632918,0.03142534035057196,0.05589868499267829,0.08019079929827612,0.2056166905890711
3821654481,0.19247386658547547,0.0781537703159207,0.056152407463790174,0.03256346686384527,0.030743914285300045,0.0207472489234918,0.0425746306525742,0.040341872906789616,0.036912994940049,0.042393400316065706,0.019848346454409697,0.031505081698635695,0.028445913618372405,0.06036420048424745,0.07366650718397055,0.21311237730706215
3821655525,0.1877908746900961,0.07803778290055527,0.05435460252562597,0.031889290012033694,0.03155582619285807,0.02082699027155553,0.04322705986400476,0.03968944369535905,0.03549214910182245,0.04310382323517898,0.018956693198787927,0.03440476708277152,0.028743131370246325,0.06256796137619068,0.07170921954967886,0.21765038493323474
3821656975,0.1857973409885028,0.07639221144505821,0.054564829715975816,0.030649674510315632,0.03328838820987923,0.020210807127426674,0.04487263131950183,0.040639090658663536,0.03578211764023604,0.04519159671175677,0.02009481971206124,0.03609383381903064,0.0288663679990721,0.061857538457077414,0.06846157191944674,0.21723717976599535
3822257786,0.149188813013788,0.06256796137619068,0.0568338335290621,0.02850390732605512,0.033049164165688025,0.017260377249068475,0.05966102677859453,0.03699998550157308,0.02791672103576762,0.050251547707073775,0.018072289156626502,0.03816710886868775,0.030591680802632918,0.0658156090064228,0.08364142490539776,0.2414785495773709
3822259678,0.17979499224334158,0.06950545865773564,0.05678308903483972,0.028975106200977194,0.038471575834022005,0.021493917909906776,0.04714163513258812,0.039500964145390234,0.03757992257840025,0.04388673828889565,0.02159540689835153,0.03859481246284778,0.03032345990460035,0.05697156858480855,0.07698664694880605,0.21239470517448855
3822262796,0.18220898032563468,0.09726994621083612,0.04205268728342975,0.030033491366186767,0.026749597668652952,0.015469821524364609,0.04258912907949487,0.03586910820176011,0.03206327113508185,0.04501036637524829,0.01477389703217201,0.02972177518739217,0.027199048903194,0.05291925826047874,0.09254345903469474,0.2335261624113784
