11510584043,0.051045333333333325,0.028848,0.054837333333333335,0.7306346666666667,0.07628266666666665,0.0008213333333333333,0.001264,0.00043733333333333336,0.000608,0.052368,0.0028533333333333327
11516298045,0.03491891891891892,0.0012432432432432433,0.6831711711711712,0.15432432432432433,0.013729729729729728,0.01586186186186186,0.012594594594594595,0.0006006006006006006,0.007747747747747747,0.03616816816816817,0.03963963963963964
11516315035,0.05857999999999999,0.44146,0.060052,0.012256,0.000884,0.213688,0.010268,0.043528,0.020004,0.012056,0.127224
11516327404,0.02712542372881356,0.08568813559322033,0.36237288135593215,0.37621016949152547,0.004427118644067796,0.015905084745762712,0.02112542372881356,0.0006847457627118643,0.01040677966101695,0.07992542372881356,0.01612881355932204
11517498204,0.0578978978978979,0.2504924924924925,0.36253453453453455,0.21735735735735734,0.04469669669669669,0.01443243243243243,0.003993993993993993,0.006342342342342342,0.0038018018018018017,0.02789189189189189,0.010558558558558558
11517589704,0.13562469135802468,3.456790123456789e-05,0.600567901234568,0.03357037037037037,0.03025185185185185,0.01059753086419753,0.00023209876543209878,0.00011851851851851853,0.0007111111111111113,0.03106172839506173,0.15722962962962966
11519325455,0.0007447447447447447,0.0,0.40016216216216216,0.5342822822822823,0.0004924924924924925,0.0012132132132132132,0.024954954954954957,0.0,0.0006726726726726728,0.03536336336336336,0.0021141141141141143
11545827426,0.0032665330661322644,0.011158316633266531,0.5312224448897795,0.3128016032064128,0.0007615230460921843,0.018048096192384767,0.010681362725450902,2.4048096192384767e-05,0.015122244488977957,0.056324649298597186,0.04058917835671343
11548229355,0.007609609609609609,0.0,0.34444444444444444,0.5947807807807808,0.00042642642642642644,0.016624624624624624,0.0005645645645645644,1.2012012012012014e-05,0.0009729729729729728,0.00215015015015015,0.032414414414414415
11751332805,0.1271377245508982,0.22708982035928146,0.37306586826347293,0.13215568862275448,0.0015508982035928145,0.01051497005988024,0.008035928143712574,0.04367065868263473,0.04292215568862275,0.03239520958083832,0.0014610778443113774
11751716684,0.15758083832335326,0.21418562874251496,0.30831137724550894,0.15165269461077846,0.007502994011976045,0.010365269461077844,0.011377245508982036,0.01351497005988024,0.030059880239520963,0.07250299401197603,0.02294610778443114
11751728964,0.18722754491017965,0.08077245508982035,0.2094131736526946,0.22074251497005987,0.24822754491017965,0.0005508982035928143,0.021431137724550898,0.0185748502994012,0.007550898203592814,0.0046287425149700604,0.0008802395209580837
3274152973,0.02251343283582089,0.02825671641791045,2.388059701492537e-05,0.8515402985074627,0.00010149253731343284,0.0,2.388059701492537e-05,0.0,0.0,0.09754029850746268,0.0
3274153053,0.4554746268656717,0.022543283582089554,4.179104477611941e-05,0.4682746268656716,7.761194029850747e-05,0.0,0.0,0.0,0.0,0.05358805970149254,0.0
3274153293,0.06044179104477612,0.0013850746268656714,0.7257671641791043,0.07919402985074625,0.009349253731343285,0.02038208955223881,0.0022208955223880595,4.776119402985074e-05,0.08874029850746269,5.970149253731344e-06,0.012465671641791043
3274153589,0.5002567164179105,0.0,0.29263880597014924,0.05817910447761194,0.12689552238805973,0.0001373134328358209,0.001146268656716418,1.7910447761194035e-05,0.02035223880597015,0.0,0.00037611940298507457
3274154055,0.9208179104477612,0.0,0.0,0.0791820895522388,0.0,0.0,0.0,0.0,0.0,0.0,0.0
3274154165,0.5565910447761194,0.0,0.0,0.4434089552238806,0.0,0.0,0.0,0.0,0.0,0.0,0.0
3274973326,0.15745671641791045,0.0003880597014925373,0.014746268656716415,0.8244537313432837,0.0024537313432835815,0.00010746268656716416,0.0,0.0,1.7910447761194035e-05,0.0,0.00037611940298507457
3274973614,0.32754626865671643,0.010161194029850749,0.07810746268656717,0.44357014925373134,0.004029850746268657,0.001217910447761194,0.01792238805970149,0.00034029850746268656,0.003570149253731343,0.10453731343283583,0.008997014925373135
3274973852,0.24951641791044776,0.10912835820895522,0.4948597014925373,0.023211940298507462,0.007641791044776119,0.0,0.0056955223880597,1.7910447761194035e-05,5.970149253731344e-05,0.10362985074626864,0.0062388059701492535
3274973958,0.31248358208955224,0.0,0.5540119402985074,0.00029850746268656717,0.0006507462686567165,0.00284776119402985,0.0,1.7910447761194035e-05,0.1296597014925373,0.0,2.985074626865672e-05
3274974384,0.24257910447761194,0.04234626865671642,0.03223880597014925,0.3827940298507463,0.041008955223880594,0.003498507462686567,0.0007462686567164179,0.00011343283582089551,0.000591044776119403,0.2536179104477612,0.0004656716417910448
3274974494,0.06852537313432837,2.388059701492537e-05,0.13528358208955224,0.7945731343283582,0.00014328358208955225,0.0,0.0,0.0,0.0014507462686567164,0.0,0.0
3274974810,0.07171343283582089,0.007486567164179105,0.19582686567164176,0.24228059701492535,0.02389253731343284,0.0016537313432835822,0.0005313432835820897,0.0011940298507462687,0.002334328358208955,0.43526567164179103,0.01782089552238806
3274974928,0.16557611940298508,0.005134328358208954,0.15115223880597015,0.4653850746268657,0.02466865671641791,1.7910447761194035e-05,0.0035283582089552243,0.0030208955223880603,0.0053731343283582094,0.17481194029850747,0.0013313432835820895
3274975038,0.06306268656716417,0.0,0.00018507462686567162,0.9356179104477612,0.00021492537313432837,0.0,0.0,0.0,0.000919402985074627,0.0,0.0
3944720925,0.4659657534246575,0.0,0.38042465753424654,0.009116438356164384,0.003883561643835617,0.09239041095890413,0.0002602739726027397,3.4246575342465744e-05,0.0263013698630137,0.004513698630136986,0.017109589041095892
4007551439,0.15783941605839416,0.019615571776155718,0.09742092457420926,0.20997566909975668,0.01719221411192214,0.00925060827250608,0.003771289537712895,0.0035766423357664234,0.004399026763990267,0.4690997566909976,0.007858880778588808
4015978473,0.3160307692307692,0.0049,0.13643076923076924,0.2873692307692308,0.06760769230769231,1.5384615384615384e-05,0.009161538461538462,0.0007307692307692308,0.06203076923076922,0.11535384615384615,0.0003692307692307692
4015978965,0.22507534246575345,0.00018493150684931504,0.0890958904109589,0.4810479452054794,0.07247260273972601,0.0,0.0021780821917808213,0.0015,0.07707534246575343,0.05121917808219178,0.00015068493150684933
4016650654,0.312784,0.002208,0.273408,0.217088,0.10968,0.0,0.0,0.000512,0.0,0.08361599999999998,0.000704
4016740594,0.3619555555555555,0.0391,0.07902222222222222,0.32274444444444444,0.0790888888888889,0.0002333333333333333,0.011444444444444445,0.018977777777777774,0.0010777777777777778,0.08611111111111111,0.00024444444444444443
4025936643,0.024420420420420415,0.0,0.9315195195195196,0.010678678678678678,0.003303303303303303,5.4054054054054054e-05,0.0075615615615615625,0.00016816816816816817,1.2012012012012014e-05,0.007459459459459459,0.014822822822822825
4025940717,0.03848048048048048,0.0,0.9371111111111112,0.0096996996996997,0.002894894894894895,6.006006006006006e-05,0.002972972972972973,3.603603603603604e-05,6.006006006006007e-06,0.003171171171171171,0.005567567567567568
4025942939,0.13091891891891894,0.0007087087087087087,0.3812792792792793,0.4828528528528528,0.0006966966966966967,0.0,9.609609609609608e-05,7.807807807807808e-05,0.0,0.003369369369369369,0.0
4025944623,0.4670430622009569,0.17641148325358852,0.007550239234449763,0.3332057416267943,0.0021148325358851675,0.0,0.0003827751196172249,0.0018373205741626798,0.0,0.011454545454545457,0.0
4026690998,0.02793993993993994,0.0,0.9346126126126126,0.011705705705705706,0.0025225225225225228,3.603603603603604e-05,0.008036036036036037,1.2012012012012014e-05,0.0,0.0066906906906906895,0.008444444444444444
4026692112,0.0207987987987988,0.0,0.9534774774774774,0.009765765765765764,0.002786786786786786,0.0001381381381381381,0.002864864864864865,4.8048048048048055e-05,6.006006006006007e-06,0.002846846846846847,0.007267267267267267
4026694764,0.041675675675675684,0.0,0.9334234234234234,0.008900900900900899,0.003381381381381381,5.4054054054054054e-05,0.003597597597597597,3.603603603603604e-05,0.0,0.003621621621621622,0.005309309309309309
4026696776,0.2013873873873874,0.02600600600600601,0.00427027027027027,0.5525885885885886,0.0017837837837837837,0.0,0.002780780780780781,0.004942942942942943,0.0,0.20624024024024026,0.0
4026698104,0.1556508875739645,0.00013609467455621299,0.0018284023668639052,0.8363964497041421,0.0004911242603550295,0.0,0.0002958579881656805,0.00027810650887573964,0.0,0.004923076923076922,0.0
4043632820,0.07760416666666667,0.0,0.71371875,0.16167708333333333,0.0007395833333333332,0.0,0.031447916666666666,0.0035260416666666665,0.000296875,0.010265625,0.0007239583333333333
4043635278,0.3293333333333333,0.03217187500000001,0.0024322916666666672,0.535203125,0.0038125,0.0,0.00022916666666666666,0.002255208333333333,0.0,0.0945625,0.0
4103995500,0.030606606606606607,0.004636636636636637,0.6016036036036037,0.08419819819819818,0.014078078078078078,0.010654654654654656,0.17033033033033032,0.012372372372372372,0.010828828828828829,0.05754354354354355,0.0031471471471471468
4103999082,0.19404804804804804,0.19535135135135132,0.2861201201201201,0.16633033033033032,0.008432432432432432,0.01273273273273273,0.010294294294294295,0.01902702702702703,0.007267267267267267,0.10033633633633632,6.006006006006006e-05
4132501207,0.190768,0.060805333333333336,0.2710773333333333,0.4461173333333333,0.01724266666666667,0.000576,0.006176,0.004869333333333333,4.266666666666666e-05,0.0005173333333333333,0.001808
4132502983,0.7674346666666667,0.0028693333333333327,0.10694400000000001,0.030736,0.01625066666666667,0.04249066666666667,0.012138666666666669,0.0036693333333333335,0.014213333333333331,0.0017066666666666669,0.001546666666666667
4132507059,0.4628853333333333,5.333333333333334e-06,0.207744,0.001744,0.002517333333333333,0.24177066666666666,0.02576,0.0006453333333333334,0.05118933333333334,0.004645333333333333,0.0010933333333333333
4133264792,0.2621973333333333,0.004906666666666666,0.258272,0.04007466666666666,0.02262933333333333,0.2752693333333333,0.035728,0.002026666666666666,0.092384,0.0036106666666666665,0.002901333333333333
4133265684,0.471072,6.933333333333333e-05,0.07698666666666665,0.36165866666666663,0.04490666666666666,0.0,0.01399466666666667,0.004741333333333334,4.266666666666666e-05,0.02645333333333333,7.466666666666666e-05
4133266622,0.2450613333333333,0.008965333333333334,0.014384,0.5632266666666667,0.052672,0.0,0.005770666666666667,0.00344,0.0,0.105664,0.000816
416544407,0.2828948948948949,0.00010810810810810812,0.6008468468468469,0.0364984984984985,0.014660660660660659,0.0069009009009009005,0.002198198198198198,7.807807807807808e-05,0.0009009009009009008,0.0017597597597597593,0.05315315315315315
416544501,0.13494894894894896,1.2012012012012014e-05,0.00010810810810810812,0.8595135135135133,0.005417417417417418,0.0,0.0,0.0,0.0,0.0,0.0
416544721,0.2388648648648649,0.00011411411411411411,0.00025825825825825824,0.7340900900900899,0.0033153153153153148,0.0,0.00045645645645645645,0.00045645645645645645,0.0,0.022444444444444444,0.0
416544763,0.3600840840840841,0.0013873873873873875,0.0016576576576576574,0.4476996996996997,0.025045045045045046,1.2012012012012014e-05,0.0005585585585585586,0.0006606606606606607,0.006396396396396396,0.15649849849849853,0.0
416544843,0.15221621621621625,1.8018018018018016e-05,0.018348348348348347,0.4072012012012012,0.019489489489489486,0.0,3.603603603603604e-05,6.006006006006007e-06,0.0,0.4026846846846847,0.0
416544904,0.10163963963963964,0.13247447447447447,0.00047447447447447453,0.7216396396396397,0.007507507507507507,0.0,0.00012012012012012012,3.603603603603604e-05,0.0,0.036108108108108106,0.0
416554452,0.09461861861861859,0.1066006006006006,0.28533933933933936,0.4794294294294295,0.010912912912912912,0.0015315315315315315,6.006006006006007e-06,0.0002042042042042042,1.8018018018018016e-05,0.012954954954954957,0.008384384384384382
416554563,0.12015615615615614,0.0035795795795795795,0.0739219219219219,0.4986426426426426,0.14341741741741745,0.0003543543543543544,0.0007507507507507506,0.0017357357357357358,0.0,0.14613213213213214,0.011309309309309307
416554672,0.022744744744744742,0.002858858858858859,0.00472072072072072,0.9574714714714716,0.002138138138138138,0.0,0.0,0.00022822822822822822,0.009825825825825826,1.2012012012012014e-05,0.0
416554906,0.3237237237237237,4.8048048048048055e-05,0.00025225225225225225,0.3103063063063063,0.014408408408408409,0.0,0.001015015015015015,0.0011891891891891893,0.0,0.34905705705705703,0.0
416555018,0.19706306306306307,0.039753753753753764,0.30754954954954955,0.05378978978978978,0.17665465465465466,0.022342342342342343,0.005837837837837838,0.0017717717717717718,0.0019759759759759763,0.1883603603603604,0.0049009009009009005
416555138,0.6168108108108108,0.09706906906906905,0.08132132132132132,0.06378978978978979,0.03377177177177177,0.0,0.0007387387387387387,0.00042042042042042044,6.006006006006007e-06,0.10606606606606607,6.006006006006007e-06
416555267,0.20378978978978976,0.12944144144144146,0.01760960960960961,0.554978978978979,0.019033033033033032,1.8018018018018016e-05,0.007861861861861863,0.0033333333333333327,0.0,0.06364564564564565,0.0002882882882882883
4166167575,0.20692266666666667,0.052128,0.08159466666666665,0.364944,0.0025226666666666665,0.000896,0.028912,0.003386666666666667,0.000288,0.25828266666666666,0.00012266666666666668
4166168979,0.0031626666666666665,0.0,0.9957493333333332,5.333333333333334e-06,0.00016533333333333333,0.0,2.133333333333333e-05,0.0,0.00013866666666666666,0.0,0.0007573333333333334
4166172947,0.01968,0.0012853333333333336,0.032752,0.915344,0.0020853333333333327,0.0007733333333333333,0.0050666666666666655,6.933333333333333e-05,1.6e-05,0.02274133333333333,0.00018666666666666666
4166176889,0.9206613333333332,0.003946666666666666,0.010144,0.06471466666666667,5.333333333333334e-06,0.0,0.0,0.000528,0.0,0.0,0.0
4166177287,0.007626666666666667,0.0,0.7620053333333333,0.22484266666666666,0.0003893333333333333,0.0,0.0034826666666666665,0.0005706666666666668,0.0010826666666666669,0.0,0.0
4166177593,0.17710933333333334,0.0012906666666666667,0.080256,0.12100266666666665,0.007877333333333333,0.0,0.006959999999999999,0.00013866666666666666,0.003056,0.6022933333333333,1.6e-05
4166180925,0.31928,0.18706666666666666,0.0017813333333333331,0.022032,0.006938666666666666,0.001477333333333333,0.0006346666666666666,0.0011413333333333336,1.0666666666666667e-05,0.4583573333333333,0.00128
4166928084,0.125728,3.733333333333333e-05,0.0953973333333333,0.585504,0.0043413333333333325,0.0,0.016218666666666666,0.000384,5.333333333333334e-06,0.172368,1.6e-05
4166930352,0.2656266666666667,0.08769066666666665,0.3324373333333333,0.19750933333333331,0.0013973333333333331,0.01831466666666667,0.02952533333333333,0.00712,0.002938666666666667,0.056277333333333325,0.0011626666666666669
4166931160,0.05367466666666666,0.00017066666666666668,0.32016,0.443472,0.0030026666666666665,9.066666666666667e-05,0.009829333333333334,0.0022346666666666665,0.0018186666666666663,0.165472,7.466666666666666e-05
4166934588,0.486208,0.10016533333333333,0.12575466666666665,0.2316266666666667,0.0051413333333333346,0.0002613333333333333,0.01952,0.0056746666666666655,0.00048,0.02515733333333333,1.0666666666666667e-05
4166936124,0.009952,0.06338666666666665,0.19408,0.7294986666666666,0.00056,0.0,1.6e-05,0.002485333333333333,2.133333333333333e-05,0.0,0.0
4166938142,0.0977013333333333,0.00805333333333333,0.058704,0.6328426666666666,0.006736,0.000128,0.003125333333333333,0.0007413333333333333,0.0,0.19188266666666667,8.533333333333334e-05
4166940418,0.04065066666666666,0.00010666666666666668,0.0039946666666666655,0.9533813333333332,0.0004853333333333333,0.0,0.0,0.0013813333333333336,0.0,0.0,0.0
4166941366,0.2945386666666667,0.024544,0.07180266666666667,0.20010133333333333,0.008277333333333331,6.933333333333333e-05,0.016224,0.0011893333333333333,0.00011733333333333333,0.37943466666666653,0.003701333333333333
4168069807,0.2860693333333333,0.009082666666666666,0.06624,0.316208,0.057541333333333326,0.0,0.00144,0.001968,0.0010293333333333333,0.2604213333333333,0.0
4168070695,0.5131093333333333,0.0057013333333333326,0.055536,0.19167466666666666,0.021866666666666663,0.0004906666666666667,0.001962666666666667,0.001392,0.001232,0.20584000000000002,0.0011946666666666664
4168074305,0.10051733333333332,0.08656,0.0284,0.779968,0.002592,0.0,0.0006186666666666666,0.0004426666666666666,0.0,0.0009013333333333332,0.0
4168830104,0.2758293333333333,0.038405333333333326,0.09593066666666665,0.423728,0.011690666666666669,1.6e-05,0.0009173333333333332,0.002112,0.000336,0.15103466666666668,0.0
4168830976,0.201728,0.007823999999999998,0.037829333333333326,0.2295893333333333,0.3006666666666667,0.00011200000000000001,0.004005333333333333,0.00448,0.0031466666666666665,0.20756799999999997,0.0030506666666666672
4168833746,0.3214773333333333,0.01925866666666667,0.051941333333333325,0.289712,0.015701333333333338,1.6e-05,0.000272,0.0028693333333333327,0.0009866666666666667,0.29752,0.0002453333333333333
4168835572,0.04448,0.151648,0.298176,0.4699946666666666,0.003861333333333333,0.0,0.019050666666666667,0.002528,0.0007093333333333332,0.008853333333333331,0.0006986666666666666
4168837448,0.17069333333333336,0.07932799999999998,0.032314666666666665,0.704256,0.002784,0.0,0.008666666666666666,0.0012106666666666667,5.8666666666666665e-05,0.000688,0.0
4168840262,0.15847466666666668,0.028144,0.01643733333333334,0.782896,0.013898666666666669,0.0,0.0,0.000144,5.333333333333334e-06,0.0,0.0
4230506943,0.36949850746268653,0.05647761194029851,0.014370149253731344,0.545976119402985,0.009474626865671642,0.0,0.0011104477611940298,0.00045373134328358203,0.0,0.0026388059701492536,0.0
4230547271,0.03660479041916168,0.018508982035928143,0.6002934131736527,0.2212934131736527,0.006658682634730538,0.0009520958083832336,0.009898203592814372,0.0011137724550898203,0.006179640718562874,0.09616766467065868,0.002329341317365269
4230563925,0.016407185628742514,0.04350299401197605,0.4197365269461078,0.477191616766467,0.002880239520958084,0.0,0.000251497005988024,0.0007664670658682635,5.988023952095808e-05,0.03919161676646706,1.1976047904191615e-05
4230569443,0.28920359281437125,0.033862275449101795,0.29976646706586824,0.3380119760479042,0.0011736526946107785,0.0,0.0016107784431137724,0.005083832335329342,0.0064311377245508975,0.0248562874251497,0.0
4230574853,0.06091616766467065,0.053227544910179635,0.2813293413173653,0.41788622754491017,0.0010239520958083832,0.0011497005988023953,0.04995209580838323,0.014658682634730538,0.0013712574850299401,0.11829341317365268,0.00019161676646706587
4230586007,0.12550299401197604,0.0694251497005988,0.18037724550898204,0.4577964071856288,0.06644910179640719,2.3952095808383234e-05,0.002155688622754491,0.0005988023952095807,0.0015868263473053893,0.09608383233532936,0.0
4230590429,0.14413173652694614,0.03380239520958084,0.18338922155688625,0.40591616766467065,0.10938922155688624,0.0013293413173652694,0.0053952095808383225,0.001562874251497006,0.010251497005988023,0.10474251497005987,8.982035928143712e-05
4230598873,0.1876537313432836,0.06459701492537312,0.4416417910447761,0.12997014925373135,0.02171940298507463,0.0029014925373134328,0.02005373134328358,0.01480597014925373,0.0006985074626865671,0.1068776119402985,0.009080597014925373
4230610163,0.08388622754491018,0.026514970059880242,0.6337844311377245,0.0945508982035928,0.0013892215568862276,0.002730538922155689,0.023437125748502995,0.01005389221556886,0.015053892215568862,0.10835928143712577,0.00023952095808383236
4230615377,0.08011377245508983,0.08401796407185629,0.413874251497006,0.3367305389221557,0.0011856287425149699,0.00015568862275449098,0.011179640718562874,0.01123952095808383,0.0035508982035928147,0.05794011976047904,1.1976047904191615e-05
4230618661,0.22787462686567164,0.057731343283582086,0.3164656716417911,0.3617313432835821,0.002,0.0,0.0009731343283582087,0.004519402985074626,0.00011343283582089551,0.028585074626865676,5.970149253731344e-06
4231361586,0.2496167664670659,0.28104191616766466,0.10831736526946108,0.2550778443113773,0.01237125748502994,0.0,1.7964071856287423e-05,0.09283233532934132,5.9880239520958085e-06,0.0007125748502994013,5.9880239520958085e-06
4263243247,0.6216646706586826,0.051964071856287423,0.1631437125748503,0.09186227544910179,0.0026766467065868263,0.003131736526946108,0.005293413173652695,0.001479041916167665,0.025982035928143712,0.032748502994011976,5.3892215568862265e-05
4263379025,0.372544,0.006954666666666665,0.02027733333333333,0.36194666666666664,0.052389333333333336,0.0,0.014442666666666666,0.011295999999999999,0.0,0.16009066666666666,5.8666666666666665e-05
4263380285,0.10201066666666668,0.07494399999999998,0.3936373333333333,0.168288,0.12652266666666667,3.733333333333333e-05,0.004437333333333333,0.0006133333333333334,6.933333333333333e-05,0.125424,0.004016
4263380843,0.23662399999999997,0.00952,0.192464,0.3477173333333333,0.08360533333333332,0.0,0.015104,0.005930666666666666,0.0,0.10570666666666667,0.003328
4263381473,0.2377546666666667,0.11232533333333332,0.10847466666666666,0.14821333333333336,0.14786133333333334,0.0012426666666666669,0.02424,0.11816533333333333,0.021136,0.07288533333333333,0.007701333333333333
4263382187,0.2968213333333333,0.012874666666666666,0.25296,0.101088,0.290352,0.0,0.00023466666666666666,0.033194666666666664,0.0037653333333333328,0.00010133333333333332,0.008607999999999998
4263382931,0.398688,0.037205333333333326,0.2363946666666667,0.106976,0.11253333333333332,0.002778666666666667,0.011359999999999999,0.07017066666666667,0.009162666666666666,0.010464,0.004266666666666666
4263387515,0.651874251497006,0.05927544910179641,0.05438323353293413,0.12218562874251496,0.006293413173652695,0.0007964071856287424,0.009125748502994012,0.0025628742514970057,0.0808443113772455,0.012652694610778442,5.9880239520958085e-06
4263988782,0.09465868263473054,0.009353293413173652,0.24437724550898204,0.4489221556886228,0.02989221556886228,8.383233532934131e-05,0.02588622754491018,0.001311377245508982,0.018664670658682637,0.10105389221556886,0.025796407185628745
4264127650,0.09557866666666669,0.22187733333333332,0.007488,0.5540106666666667,0.01678933333333333,0.0,0.002325333333333333,0.006581333333333333,0.0,0.09534933333333331,0.0
4264128286,0.0112,0.006352,0.163024,0.6889706666666666,0.08629333333333332,0.0,0.008501333333333333,0.000208,0.0,0.035344,0.00010666666666666668
4264129420,0.049941333333333324,0.13195733333333334,0.2467893333333333,0.37454933333333335,0.12363733333333335,0.0008533333333333333,0.016842666666666666,0.0068533333333333345,0.000656,0.03778666666666667,0.010133333333333331
4264133268,0.13743466666666668,0.04994666666666666,0.3255146666666667,0.11853866666666668,0.10653866666666667,0.01845866666666667,0.054896,0.05468266666666666,0.057765333333333335,0.06685866666666665,0.009365333333333331
4264134948,0.10419733333333334,0.024634666666666662,0.3109173333333333,0.15508266666666667,0.09672533333333333,0.012250666666666668,0.074368,0.051733333333333326,0.031477333333333336,0.13311466666666666,0.005498666666666666
4264139886,0.3162095808383233,0.0015568862275449102,0.434245508982036,0.0012574850299401199,0.0147125748502994,0.014209580838323353,0.00024550898203592813,0.01687425149700599,0.05881437125748504,0.013664670658682637,0.12820958083832334
4455432619,0.09049489795918368,0.0,0.2745,0.0013112244897959186,0.6078418367346938,1.020408163265306e-05,0.003142857142857143,1.020408163265306e-05,0.00014795918367346942,0.009693877551020408,0.012846938775510205
4455433635,0.012586907449209931,0.0,0.28728668171557564,0.3593905191873589,0.3095981941309255,0.0,0.005972911963882618,0.0,1.3544018058690746e-05,0.025151241534988714,0.0
4455558382,0.4079467455621302,3.550295857988165e-05,0.5274437869822485,0.0007396449704142011,0.00026035502958579885,0.01724260355029586,0.006982248520710059,0.0012307692307692306,0.009076923076923076,0.02755621301775148,0.001485207100591716
4456203296,0.42934391534391536,0.0003862433862433863,0.1407936507936508,0.2648835978835979,0.010285714285714285,0.00010052910052910052,0.016423280423280427,0.017253968253968254,0.0011111111111111113,0.11897354497354495,0.0004444444444444444
4456209756,0.2510838323353293,1.1976047904191615e-05,0.6100898203592814,0.01545508982035928,0.0031377245508982035,0.0007425149700598803,0.07958083832335329,0.002191616766467066,0.0002634730538922156,0.036856287425149695,0.0005868263473053892
4460285544,0.15075449101796407,5.9880239520958085e-06,0.1972994011976048,0.5595808383233533,0.006838323353293413,0.0,0.01017365269461078,0.00031137724550898196,2.3952095808383234e-05,0.07497604790419161,3.5928143712574846e-05
4478631503,0.11115915915915917,0.00024024024024024023,0.2768708708708709,0.3404204204204204,0.12910510510510512,0.00013213213213213214,0.0009729729729729728,0.0011711711711711714,2.4024024024024028e-05,0.0876096096096096,0.052294294294294295
4478632177,0.26818618618618617,0.243993993993994,0.11146546546546547,0.1912732732732733,0.15151351351351353,0.0,0.011621621621621621,0.002690690690690691,4.204204204204204e-05,0.01795795795795796,0.0012552552552552553
4478633745,0.34168490153172865,0.1492428884026258,0.09079212253829322,0.36469584245076586,0.005308533916849015,8.752735229759299e-06,0.0004901531728665208,0.0015448577680525165,2.6258205689277895e-05,0.043072210065645516,0.003133479212253829
4478634303,0.4091951951951952,0.0575015015015015,0.19833633633633635,0.14627027027027026,0.051219219219219216,0.0005225225225225224,7.207207207207206e-05,0.0,0.0,0.006756756756756757,0.13012612612612612
4478634625,0.13673873873873876,0.0828108108108108,0.03795795795795796,0.689963963963964,0.0014894894894894894,0.0006666666666666666,0.02338738738738739,0.0023663663663663665,0.00046846846846846843,0.02360960960960961,0.0005405405405405405
4479257570,0.07796996996996995,0.02473873873873874,0.22162762762762764,0.405015015015015,0.12624624624624625,0.0,0.0007147147147147147,0.0006486486486486486,0.0,0.018654654654654653,0.1243843843843844
4479258406,0.21774774774774772,0.2618978978978979,0.0895855855855856,0.14996396396396394,0.2543903903903904,0.00012012012012012012,0.0011231231231231232,0.020486486486486488,1.8018018018018016e-05,0.003951951951951953,0.0007147147147147147
4479258876,0.20635435435435434,0.09793993993993992,0.039435435435435436,0.4993693693693694,0.15282882882882884,0.0,0.0005525525525525524,0.00018018018018018016,2.4024024024024028e-05,0.0005525525525525524,0.002762762762762763
4479259180,0.146990990990991,0.026582582582582583,0.05285885885885886,0.5633153153153153,0.034372372372372374,0.0031951951951951947,0.0123003003003003,0.0013033033033033033,1.2012012012012014e-05,0.13305705705705706,0.02601201201201201
4479259790,0.3436756756756757,0.0046906906906906895,0.2519159159159159,0.12468468468468467,0.18723723723723726,1.2012012012012014e-05,0.0034714714714714715,0.0011291291291291288,9.609609609609608e-05,0.060936936936936935,0.02215015015015015
4498245538,0.02249214659685864,0.0,0.10758638743455497,0.008041884816753926,0.8343874345549738,0.0,0.004513089005235602,0.0,3.141361256544503e-05,0.0211151832460733,0.0018324607329842926
4536884757,0.08299099099099097,0.05430030030030031,0.26553153153153153,0.4529129129129129,0.04347147147147148,7.207207207207206e-05,0.0008168168168168168,0.0005105105105105105,0.00039639639639639637,0.09633633633633634,0.0026606606606606607
4536885673,0.011027027027027026,0.0014234234234234233,0.42013813813813816,0.058870870870870874,0.13066066066066065,0.001903903903903904,0.00022822822822822822,1.2012012012012014e-05,0.00022822822822822822,0.0952972972972973,0.2802102102102102
4536892651,0.010324324324324324,0.0,0.7141501501501502,0.00203003003003003,0.07025825825825825,0.0018738738738738735,7.207207207207206e-05,0.0,8.408408408408409e-05,0.007393393393393394,0.19381381381381385
4537520576,0.09998198198198197,0.2075015015015015,0.4023843843843844,0.013837837837837838,0.25078078078078075,0.00016216216216216215,1.8018018018018016e-05,0.0,0.0,0.01445045045045045,0.010882882882882885
4537525172,0.1114114114114114,0.0,0.5551111111111111,0.021735735735735732,0.06305105105105105,0.021645645645645646,6.006006006006007e-06,0.0,0.00025225225225225225,0.007297297297297298,0.2194894894894895
4547363613,0.10525149700598804,0.0,0.44131137724550895,0.298437125748503,0.001191616766467066,0.0,0.0016167664670658686,0.00032335329341317366,0.0,0.1518682634730539,0.0
4547380971,0.2222994011976048,0.0,0.09346706586826349,0.547125748502994,0.0017904191616766468,0.0,0.038736526946107776,0.00022155688622754489,3.5928143712574846e-05,0.09626946107784433,5.3892215568862265e-05
4547995996,0.12141513292433538,0.0,0.20890388548057254,0.6179182004089979,0.0021267893660531696,0.0,0.010952965235173823,2.8629856850715746e-05,4.089979550102248e-06,0.03858895705521472,6.134969325153375e-05
4548003318,0.11349700598802395,5.9880239520958085e-06,0.11095808383233532,0.7410179640718562,0.0007485029940119762,0.0,0.0037724550898203596,5.9880239520958085e-06,0.0,0.029994011976047907,0.0
4548003684,0.28141463414634144,0.00014146341463414634,0.37937073170731705,0.2652390243902439,0.0010926829268292683,0.0,8.780487804878048e-05,0.0002975609756097561,0.0,0.0723560975609756,0.0
4554231549,0.5926526946107784,0.00015568862275449098,0.07419760479041916,0.20501197604790414,0.019742514970059882,0.0,0.003077844311377245,0.000994011976047904,1.1976047904191615e-05,0.10373652694610777,0.00041916167664670653
4554246069,0.5643726027397261,3.835616438356165e-05,0.02152328767123288,0.3121315068493151,0.005435616438356165,0.0,0.001841095890410959,0.00032876712328767124,0.0,0.09427397260273972,5.479452054794521e-05
4775701170,0.38840104166666667,0.0002395833333333333,0.390015625,0.060515625,0.027791666666666662,0.00018229166666666667,0.04971354166666666,0.004463541666666666,0.000859375,0.040645833333333325,0.037171875
4805371335,0.3203733333333333,0.21924266666666667,0.20211733333333332,0.046330666666666666,0.028144,0.008037333333333334,0.004048,0.0031573333333333327,0.00128,0.021402666666666667,0.14586666666666667
4805371907,0.3701973333333333,0.013781333333333331,0.021632,0.097968,0.41122666666666663,2.133333333333333e-05,0.004266666666666666,0.0013493333333333332,8e-05,0.07509333333333333,0.004384
4805373157,0.281152,0.02894933333333333,0.10516266666666667,0.19235733333333327,0.263584,6.933333333333333e-05,0.023370666666666668,0.0031893333333333326,0.00018133333333333331,0.096784,0.0052
4805378035,0.15072533333333332,0.125776,0.059856,0.3366826666666667,0.032944,0.0002666666666666667,0.00488,0.0002933333333333333,0.0012746666666666664,0.279008,0.008293333333333333
4805378823,0.272464,0.4340906666666666,0.05101866666666666,0.1868213333333333,0.017493333333333333,4.266666666666666e-05,0.008314666666666666,0.0009866666666666667,0.006752,0.02107733333333333,0.0009386666666666666
4805386049,0.1544,0.02392,0.002949333333333333,0.3824053333333333,0.35602666666666666,0.0,0.002672,0.0019786666666666668,1.6e-05,0.074576,0.001056
4805997452,0.13402666666666666,0.627856,0.10217066666666667,0.02688533333333333,0.014656,5.333333333333334e-06,0.0003893333333333333,0.0020853333333333327,0.000448,0.071424,0.020053333333333333
4805998074,0.5368106666666665,0.3398453333333333,0.015040000000000001,0.023296,0.04332266666666666,0.00021866666666666668,0.0002293333333333333,0.000688,0.0,0.025504,0.015045333333333334
4806004078,0.21543466666666666,0.209216,0.009882666666666666,0.214896,0.2274026666666667,0.0007253333333333333,0.0010346666666666666,0.003882666666666666,3.2e-05,0.113632,0.003861333333333333
4806007504,0.22794666666666666,0.068128,0.010261333333333334,0.21517333333333333,0.387728,1.6e-05,0.003184,0.008549333333333334,5.333333333333333e-05,0.07613866666666666,0.002821333333333333
4806008340,0.3398773333333333,0.290832,0.0016533333333333333,0.10273066666666666,0.19778666666666667,5.333333333333334e-06,0.00015466666666666667,0.0015413333333333336,5.333333333333334e-06,0.06494933333333333,0.00046399999999999995
4806011196,0.478224,0.18641066666666667,0.0008586666666666666,0.194288,0.005322666666666666,0.0,0.0003573333333333333,0.001648,2.133333333333333e-05,0.13269333333333333,0.000176
4806012538,0.02032533333333333,0.00832,0.003616,0.16020266666666666,0.707392,9.066666666666667e-05,0.0009333333333333332,0.000688,0.00020266666666666667,0.09795733333333331,0.000272
4806013012,0.300832,0.38693866666666665,3.733333333333333e-05,0.18856533333333333,0.003328,0.0,0.0003253333333333333,5.333333333333333e-05,0.0,0.118736,0.001184
4806014250,0.4016853333333333,0.03364266666666667,0.006293333333333333,0.06112533333333332,0.180544,0.0,0.02339733333333333,0.09104,0.0019093333333333332,0.20029866666666668,6.4e-05
5038155453,0.005084639498432603,0.0,0.5506645768025078,0.01489028213166144,0.02526018808777429,0.12293416927899685,0.08866457680250782,0.0,2.507836990595611e-05,0.02821943573667712,0.16425705329153606
5038156875,0.0893093093093093,0.002888888888888889,0.1907147147147147,0.08242042042042041,0.11891291291291292,0.09437837837837838,0.011309309309309307,0.0008468468468468467,0.0014834834834834836,0.04834834834834834,0.3593873873873874
5038157503,0.004066066066066066,0.0006426426426426427,0.1967807807807808,0.003891891891891892,0.5683723723723724,0.0,0.04571771771771772,9.609609609609608e-05,0.0,0.14587387387387388,0.034558558558558564
5038158893,0.01094495412844037,0.00044954128440366975,0.4514862385321101,0.03387155963302752,0.012770642201834862,0.0010733944954128439,0.02234862385321101,0.0001834862385321101,7.339449541284403e-05,0.20820183486238533,0.2585963302752293
5038159283,0.00203003003003003,0.0,0.13362762762762762,0.0,0.0009489489489489488,0.6996576576576576,0.005861861861861862,0.0,0.0017057057057057055,0.04668468468468469,0.10948348348348348
5038159909,0.012708708708708707,0.0,0.22455255255255252,0.0010570570570570571,0.007981981981981981,0.4173933933933934,0.015441441441441441,3.603603603603604e-05,0.000984984984984985,0.012990990990990992,0.30685285285285285
5038769684,0.08322522522522521,0.004396396396396396,0.4619099099099099,0.07832432432432432,0.25365765765765763,7.207207207207206e-05,0.00481081081081081,0.00039639639639639637,6.006006006006007e-06,0.06948348348348349,0.04371771771771772
5038774842,0.3334594594594595,0.005003003003003003,0.357975975975976,0.15012612612612616,0.10587987987987987,3.603603603603604e-05,0.008366366366366366,0.0026306306306306307,0.00018618618618618615,0.033837837837837836,0.0024984984984984986
5038775178,0.00027627627627627627,6.006006006006007e-06,0.32425225225225224,0.0006006006006006006,0.018864864864864862,0.16861861861861865,0.01621021021021021,1.8018018018018016e-05,7.807807807807808e-05,0.016792792792792794,0.4542822822822823
5038775500,0.17043843843843845,0.003963963963963964,0.3607567567567568,0.16193993993993994,0.19384384384384384,4.8048048048048055e-05,0.0024864864864864865,0.0002822822822822822,6.606606606606607e-05,0.09291291291291293,0.013261261261261259
5038776168,0.012708708708708707,0.0,0.5324624624624624,0.0012612612612612614,0.0867867867867868,0.028528528528528524,0.010414414414414416,0.0005825825825825825,0.00030630630630630633,0.037861861861861856,0.2890870870870871
5038776816,0.005883870967741936,0.0,0.08079999999999998,0.00014838709677419355,0.061367741935483874,0.4514967741935484,0.01,0.0,4.516129032258064e-05,0.009438709677419357,0.3808193548387097
5038777282,0.009225225225225224,0.0002882882882882883,0.0005945945945945945,0.00042642642642642644,0.912102102102102,0.0,4.8048048048048055e-05,0.0003003003003003003,0.0,0.07348948948948948,0.0035255255255255257
5038777548,0.013471471471471472,0.0,0.12009009009009007,0.0017837837837837837,0.4530990990990991,0.0,8.408408408408409e-05,6.006006006006007e-06,0.0,0.0923903903903904,0.3190750750750751
5038779088,0.036144144144144144,0.2477477477477477,0.002528528528528529,0.07377777777777778,0.4264024024024024,0.002252252252252252,0.0005105105105105105,0.0007987987987987989,0.002048048048048048,0.20773573573573573,5.4054054054054054e-05
5051506583,0.26163253012048193,1.8072289156626505e-05,0.4565060240963855,0.10801807228915662,0.07592771084337349,0.0018493975903614453,0.00035542168674698797,0.0,0.0003734939759036145,0.023030120481927714,0.07228915662650601
5051508521,0.002530120481927711,0.0,0.8842530120481926,0.0003855421686746988,0.0016204819277108435,0.0,0.0,0.0,0.0,0.0,0.11121084337349398
5051515825,0.5283915662650602,0.0,0.41968674698795183,0.006813253012048193,0.0347289156626506,1.2048192771084335e-05,6.0240963855421675e-06,0.0,0.0,0.00016265060240963855,0.010198795180722892
5051519217,0.2419096385542169,0.0,0.323921686746988,0.16296385542168676,0.12336144578313253,0.0751987951807229,1.2048192771084335e-05,1.8072289156626505e-05,0.001710843373493976,2.4096385542168674e-05,0.07087951807228916
5051526321,0.17936746987951807,2.4096385542168674e-05,0.601921686746988,0.054072289156626506,0.04060843373493976,0.024060240963855426,4.819277108433735e-05,1.8072289156626505e-05,0.0005481927710843373,0.011536144578313251,0.08779518072289155
5052122246,0.15419879518072288,0.0,0.4492650602409639,0.34620481927710844,0.046253012048192765,0.0021144578313253013,0.00018674698795180725,0.0,0.00025301204819277106,8.433734939759034e-05,0.0014397590361445785
5052126248,0.19437951807228915,0.0,0.7470481927710843,0.0318433734939759,0.007674698795180723,0.0001746987951807229,6.0240963855421675e-06,6.0240963855421675e-06,0.0004457831325301205,0.004355421686746988,0.014066265060240965
5052128624,0.4801566265060241,0.0,0.20077108433734936,0.07251204819277107,0.06586746987951808,0.052361445783132524,5.421686746987952e-05,6.0240963855421675e-06,0.0,0.00026506024096385544,0.12800602409638553
5052130156,0.0005481927710843373,0.0,0.19822289156626505,0.0,0.0005,0.0,0.0,0.0,0.0,0.0,0.8007289156626507
5052130916,0.011180722891566266,0.0,0.8996024096385542,0.00508433734939759,0.0065240963855421686,0.0,0.0,0.0,0.0,0.0,0.07760843373493975
5052131860,0.002753012048192771,0.0,0.8642168674698794,0.08467469879518072,0.039487951807228916,0.0,0.0,0.0,0.0,0.0,0.008867469879518072
5052137906,0.12924698795180722,0.0,0.4498975903614458,0.2073795180722892,0.05495783132530121,0.029867469879518074,0.00012650602409638553,1.2048192771084335e-05,0.000716867469879518,0.013524096385542169,0.1142710843373494
5052147982,0.13540361445783133,3.012048192771084e-05,0.6908855421686747,0.04013253012048193,0.037373493975903616,0.023536144578313253,0.00012650602409638553,4.819277108433735e-05,0.0002590361445783133,0.0093855421686747,0.06281927710843375
5052148870,0.05239759036144578,0.0,0.4863915662650602,0.005620481927710843,0.06119879518072289,0.01091566265060241,6.0240963855421675e-06,0.0,0.00015662650602409642,0.014030120481927713,0.3692831325301205
5052152312,0.03553614457831325,0.0,0.637421686746988,0.21251807228915665,0.07946385542168674,6.0240963855421675e-06,0.0002831325301204819,0.0,0.0,0.0012289156626506025,0.033542168674698794
5110434517,0.006864,1.0666666666666667e-05,0.3345813333333333,0.16156266666666666,7.466666666666666e-05,0.08030933333333333,0.055888,0.0017760000000000002,0.050464,0.275568,0.032901333333333324
5110456339,0.050789333333333325,0.005162666666666667,0.011978666666666669,0.87128,0.0021386666666666668,0.0,0.001456,0.0038506666666666663,0.0,0.053344,0.0
5110465307,0.17760533333333334,0.0,0.659696,0.01987733333333333,0.0030133333333333327,0.028266666666666662,0.036448,0.0014933333333333333,0.057168,0.007802666666666667,0.008629333333333331
5110476567,0.0019199999999999998,0.0,0.8023413333333334,0.0006666666666666666,0.00019733333333333327,0.032362666666666665,0.06345066666666667,0.00042666666666666667,0.0025706666666666673,0.09170133333333333,0.004362666666666667
5110539285,0.162464,0.041269333333333325,0.4696213333333333,0.2638933333333333,0.00018666666666666666,0.010992,0.010538666666666668,0.005717333333333333,3.2e-05,0.03528533333333333,0.0
