11510584043,0.16745803589693894,0.07394726358517177,0.04938790012597306,0.028010163980318054,0.043972135189551766,0.02126468339847325,0.05002853236000301,0.03701131604164648,0.03352283127146656,0.04861806475230682,0.01893364342086846,0.04384293204991548,0.026965771934924686,0.05893278206660421,0.07706967279304887,0.22103427113278853
11516298045,0.1699608100074012,0.052627428141569295,0.06439049248352928,0.026971936082699374,0.05024933571142577,0.023259199941761,0.05836639609798711,0.040288040379038804,0.03474320241691843,0.05165677817008214,0.022688943083512297,0.053767941858066715,0.027238864824858343,0.06927407515257404,0.05401060435093849,0.20050595129763768
11516315035,0.17038434863953808,0.07009967581168045,0.05949904033805905,0.026543926710859502,0.039148562119965806,0.021048047612135287,0.05007580522894792,0.04205980548700827,0.037745358945823454,0.0503540265479589,0.021685134110740148,0.04390654989435654,0.026366510217577136,0.06871260140965467,0.06881743842841244,0.20355316849728233
11516327404,0.16550159683101004,0.098777362007758,0.0437380923009444,0.026296311525967352,0.03924914675767918,0.016057403676137998,0.049590854887125294,0.032073687240429284,0.022526967940019463,0.044142440067436985,0.01363131707718245,0.04147648614937566,0.023013555930205463,0.05547788423317845,0.07968392340693833,0.24876296996861166
11517498204,0.16440990548295906,0.08237178320532887,0.05422900059452311,0.022033754352758467,0.04603914146010023,0.01621592108615732,0.055266382751550006,0.027614991688809615,0.02387192273626227,0.058851721083730685,0.014068358024241985,0.045262621482910485,0.022519079338502043,0.07214962569310475,0.0777065967798687,0.2173891942391924
11517589704,0.17554585588009608,0.08823382861470697,0.050474852262648605,0.026044625150726974,0.03675745164279949,0.01719034948727914,0.05221381805136178,0.03289585139565707,0.027230510129849426,0.04808813417441477,0.015341764078647097,0.039438149620815766,0.023647941642500524,0.05867141020658315,0.08517444467697091,0.22305101298494226
11519325455,0.10305269416032713,0.041076693480872124,0.034828134289423565,0.01995292347638287,0.020765842827503368,0.011817663402856138,0.030187214113250583,0.023738458365182784,0.0206081122071367,0.034075880561521006,0.009979495019352332,0.02007425472281877,0.014535483323020175,0.06023489729309989,0.035465123333212,0.5196071294240405
11545827426,0.14844488618457735,0.06400652913464724,0.0667943403392241,0.024156990133572517,0.039328339515001656,0.014613787140513762,0.07310125815131754,0.029158889077436505,0.024136788603104573,0.06400248882855365,0.013223921844318923,0.036908196164941454,0.023365090139228946,0.07874152545796868,0.06262878475673317,0.2373881845288599
11548229355,0.08587825622732623,0.04684599424889892,0.027172132639318603,0.01624625389776629,0.02642594547373785,0.01182372996517793,0.0274087285698686,0.023938654921802013,0.019049005690435456,0.02885863696477754,0.011198874046033074,0.01902473944114828,0.013303971171695845,0.05003700603016295,0.03263810529125566,0.5601499654205948
11751332805,0.1785697004887018,0.08081724488314705,0.04934194609764359,0.02531814002999952,0.04668069869840809,0.015689263076401994,0.056285382493830735,0.030059999032273674,0.026074176222964145,0.055359994193642036,0.015175158465186044,0.04874921372235932,0.025015725552813662,0.05969056950694344,0.0797346010548217,0.2074381864808632
11751716684,0.19176101998354864,0.06775898775826196,0.04191464653795906,0.03641070305317656,0.03309624038321962,0.01691706585377655,0.04708593409783713,0.050551604006387,0.047545604103159625,0.04609401461266754,0.015913049789519525,0.035352252383026084,0.03526757632941404,0.049347994387187295,0.06491024338317124,0.22007306333768809
11751728964,0.16084216383606714,0.0651461266753762,0.05580151933033338,0.02646126675376204,0.04257391009822422,0.018090434025257656,0.05730754342671893,0.03722722214157837,0.029485411525620557,0.0506241834809116,0.017969468234383317,0.04559805487008274,0.027876566506991825,0.06811583684134127,0.07173876227802778,0.22514152997532294
3274152973,0.1036940555012844,0.0956860474932764,0.048711361964374006,0.04128224610152321,0.010076341401642607,0.00811052015871293,0.05919172184232425,0.04628122098001616,0.006458265494410072,0.048723422217398116,0.002930641484858352,0.015413003364810591,0.007199971055392742,0.06486004076365522,0.042675205325807736,0.3987059348505131
3274153053,0.11766585862971406,0.07123991461340859,0.07911525983815139,0.032647104936261565,0.015443153997370862,0.010745685444480627,0.06897861717138826,0.03882195448460509,0.01133663784266194,0.05557967606160377,0.00632560271114488,0.02008032128514056,0.01183713834316244,0.08005595957403186,0.05717765958729814,0.322949455479576
3274153293,0.09287600853865914,0.06421481722686542,0.062423869652785326,0.019754694453489638,0.035873222620210574,0.009437147991364858,0.07500271355693043,0.025549646031573742,0.01166829480082492,0.06912937033418962,0.006651229542795808,0.03411242567869074,0.012820048964627278,0.11369803538478238,0.07635346189563057,0.2904350133265796
3274153589,0.0863333212730803,0.04814453007224091,0.12975023215987072,0.02002002002002002,0.01597983525694369,0.008936647490864359,0.06088618739221149,0.028148630558269112,0.004438173112871908,0.03208630317064052,0.005565806770626048,0.017547668150077786,0.005921584234837247,0.12509497449256485,0.04053451041402849,0.37061157543085255
3274154055,0.0621766344657911,0.06390125064823858,0.0214190093708166,0.02793757613034721,0.019242133699965025,0.009919558112329195,0.036789801850042804,0.04040787775727535,0.010631113040751594,0.03912949093671985,0.004649227540793806,0.023457192131890927,0.01086628797472171,0.07191528878275864,0.044779719478514654,0.5127778380790429
3274154165,0.060608801572657,0.06732033238057335,0.018259223078500187,0.02867928169132988,0.0189948985129708,0.009919558112329195,0.03736869399520002,0.04063099243822135,0.010878348227745818,0.04197571065040945,0.003835160461666485,0.0234210113728186,0.01143914999336686,0.07090825765524561,0.04559378655764198,0.5101667932993234
3274973326,0.131673842517216,0.06828515262250201,0.036922464633308005,0.034733528709432325,0.04216264457228313,0.015708479563901246,0.06563189695719816,0.04801789741548778,0.038068188670598316,0.0607655848619704,0.01411049603820688,0.043248067344452884,0.031332537356633744,0.059451017282342575,0.07171629460786087,0.23817190684660566
3274973614,0.11250407033539564,0.09917146061724375,0.048180710831313235,0.020116502044212888,0.022365739233209114,0.006554747518602941,0.06876153261695431,0.023137595426752054,0.013362760350712159,0.07467708672527949,0.0045165647575286134,0.022866239733709614,0.013169796302326424,0.07494844241832194,0.0827876068839924,0.3128791442044454
3274973852,0.07725798087243872,0.1001543712387086,0.04313952506723591,0.02202805214853408,0.020635092924249546,0.007772833074037894,0.06573440910790307,0.02824511258246198,0.008737653315966569,0.06253844205651435,0.003636166286768697,0.019670272682320883,0.00969644343138319,0.07848812668089776,0.062417839526273264,0.3898476790043055
3274973958,0.11597742320633887,0.0627555266109483,0.04640182351025725,0.02553155565203758,0.04544906352135268,0.01494868362338242,0.04792141539129491,0.03795361626686928,0.020200923815381647,0.03833351423712869,0.012506482386000458,0.04108928205313748,0.017987867385457747,0.07022685335938347,0.05460279556665098,0.34811317341437825
3274974384,0.12243568870074895,0.07233739763860246,0.06191130889926071,0.02495266350688037,0.03317172594281028,0.015449184123882919,0.05253446217301639,0.03750738690497726,0.02621295994789971,0.0516239130696962,0.012976832253940687,0.035047095288059146,0.01932052534462173,0.08014038134520064,0.06487210101667933,0.28950637384372324
3274974494,0.1296055091235814,0.07149921005342692,0.04941085663977231,0.030687313819843937,0.035746589963457434,0.015069286153623504,0.06264095420721927,0.03581292135509003,0.02173257594944342,0.06471531772736593,0.010528600890046673,0.042204855457867514,0.0252119589468987,0.07658260670308863,0.06750123617593497,0.2610502068333393
3274974810,0.09344284043079223,0.09394334093129274,0.03251444215299637,0.02444010275335576,0.03350941302748532,0.009612021660214432,0.050616881942183146,0.031091332296151575,0.009274334575539394,0.0465525766730586,0.004275359697046443,0.029451137884872827,0.012391909982271429,0.06945499716584054,0.06508315544460123,0.394346153382298
3274974928,0.09062074122315086,0.08988506578868023,0.031410929001290444,0.02406020478309635,0.0359877950239396,0.010251215070492179,0.0513344669971176,0.03167625456782084,0.008086399652664713,0.04509328605714148,0.0040703353956366,0.030078271042126462,0.011595933282680273,0.0702630341184558,0.058799763619040726,0.4067863043766658
3274975038,0.06867108071927347,0.08164791297321419,0.01962203167022444,0.030898368247765838,0.01585320260019055,0.009847196594184546,0.03150138089897126,0.04260887393417514,0.011342667969173994,0.04515358732226202,0.004166817419829468,0.02200393164248586,0.01086628797472171,0.07731828213755924,0.047788752608029714,0.4807096252879386
3944720925,0.10646032405484004,0.07939343581221436,0.04161473480127406,0.02400637030882149,0.021908322946960254,0.01049023680930619,0.06893089599778424,0.03202465032543969,0.014298573604763885,0.05537321700595486,0.00646032405484005,0.023528597147209528,0.0149009832433181,0.08284171167428332,0.06718598532059271,0.3505816368923972
4007551439,0.11319606052572148,0.07564733260671044,0.03199104486405279,0.01744876817784586,0.03186339489989297,0.010874795023615243,0.038128062371736327,0.02241238793806031,0.01578440902976208,0.03553087656248466,0.00886676289510119,0.030493612592178008,0.014232971003819681,0.05040700700110957,0.06715370037607643,0.43596881413183297
4015978473,0.15248591264281933,0.06817191245602565,0.07068584415180099,0.02671928022166184,0.034961551632888145,0.01563618816350674,0.06517543040378569,0.03458796426014134,0.025723047227670368,0.05813953488372092,0.015114722455714331,0.036712742442638766,0.02229849631082469,0.07253821487500389,0.06831979079107126,0.23272936708072603
4015978965,0.17378479434981306,0.06968563910815677,0.054833125605871766,0.029130314360891838,0.041220052624290265,0.020475003462124358,0.04752804320731201,0.040749203711397314,0.03475972856945021,0.042258689932142365,0.021825231962332086,0.04169090153718322,0.027641600886303838,0.057762082814014674,0.07379171859853206,0.22286386927018415
4016650654,0.15412870996179842,0.08012537956704867,0.06317954745812518,0.021843471446762658,0.043997126718255126,0.010513599111894732,0.07540732033826361,0.02625134685081791,0.021843471446762658,0.05604531948933948,0.008799425343651027,0.04264211316811963,0.021957749697978902,0.07400333039474973,0.07690926306853428,0.22235282593789796
4016740594,0.16641848292044584,0.07920445828256846,0.06502414150985966,0.02605929335318803,0.037848021298677856,0.017260051441721942,0.05059564099093001,0.03334687062858174,0.026521817607508685,0.04768512251252201,0.016447813726817383,0.03563692974143766,0.022031948016786245,0.06371553630251342,0.06405396868372366,0.24814990298271736
4025936643,0.20572319489438115,0.09127749669372352,0.05865759108943326,0.03231051092587874,0.022889139640131523,0.023477596185345614,0.034494473361724835,0.048587097635254005,0.04611194020796176,0.035040463970686365,0.02203982091508026,0.02363532680571228,0.02873123915601985,0.05742607893810892,0.07529817153811622,0.19429985804244168
4025940717,0.20923573447870034,0.11706645312367292,0.052961089069268004,0.029695822565185208,0.014650748007134276,0.016555648576177823,0.0377764835778158,0.03903832854074911,0.03686649922954658,0.03900192916681833,0.015057207682694525,0.01597325859328553,0.025443162377607104,0.05501158713403463,0.09383151943119912,0.20183452844611072
4025942939,0.11119402079617564,0.0613754110095973,0.040815831301034965,0.026978002645021173,0.027190332326283987,0.013540567102245842,0.06237639379269344,0.036939297977408116,0.024502845217728917,0.05337361530715005,0.010549751877601038,0.028925369150317282,0.023738458365182784,0.09312173163954912,0.07120930853322656,0.3141690629587838
4025944623,0.16986787730632674,0.06820518790136393,0.05132607725588344,0.0284131695865588,0.053819141299497504,0.020070620646838563,0.0569815493859496,0.03450517044021496,0.02790873639485478,0.05087014725568943,0.0179170789437945,0.05184021108588945,0.022010748307238617,0.060240963855421686,0.05853365151426964,0.2274896688202084
4026690998,0.21022458413715284,0.1002014098690836,0.05841492859656147,0.033784685570074864,0.019170336936871354,0.018327084774141886,0.04088256348657471,0.04340625341244131,0.04013030975867215,0.03871073417537218,0.01678011138208423,0.019752726919763645,0.027517926691660904,0.06220046348536139,0.08075807762773148,0.18973780317645206
4026692112,0.19401472961331728,0.12196823547968308,0.05555757774299616,0.029525958820174964,0.018448416020577774,0.012770113687377913,0.04972761135175142,0.033881750567223576,0.03067253909899417,0.056012569917130765,0.011805530278212548,0.021232968126281563,0.024363314284327642,0.05938557856804862,0.09159295793445686,0.18904014850944564
4026694764,0.20386076026159014,0.11267426200269355,0.05211177034421675,0.03113966439777236,0.01838168383503804,0.017768961040536768,0.037952413885147834,0.04135575534767469,0.03900799572914013,0.043321321539936175,0.016725512321188074,0.020456448149091838,0.02743906138147757,0.05753527705990124,0.08724929931205183,0.19301981339254295
4026696776,0.15449714264914646,0.06559167182324464,0.041471020031788784,0.02852497603707883,0.05129278443077446,0.01770222885499703,0.04778024484645531,0.036811900168650435,0.030696805348281345,0.03941445540470037,0.01590045984542399,0.04355185090816438,0.02777878887149808,0.06338344313811135,0.07086958104320605,0.2647326465984785
4026698104,0.10508701472556893,0.05790423599158539,0.04470262000382482,0.025668148785618662,0.030568703384968445,0.012747418244406195,0.07186484031363549,0.03758486326257409,0.018412937464142284,0.04601142665901702,0.010613884107860013,0.03126195257219354,0.0182037674507554,0.08123565691336776,0.0610597150506789,0.34707281506980303
4043632820,0.18704135915389306,0.09760508000588743,0.03503542967682247,0.03947202422254463,0.032144283942050926,0.01580142559767867,0.04650539330095249,0.04282575327487962,0.04582203158182468,0.05060556361571942,0.013020669063689313,0.034041926869782795,0.03776361992472508,0.03867827330263463,0.0903667024117412,0.1932704640551736
4043635278,0.15244222965159065,0.07931201244769655,0.05908450556151306,0.0241331819424294,0.031813116339704364,0.015202169936289662,0.0598940263672491,0.029526482894930508,0.021184213292962426,0.054306230156227,0.013167854664732227,0.036239197628209166,0.020022498370445133,0.07505939990327803,0.07755104186379022,0.2510618389789525
4103995500,0.1780232713330664,0.09446244191266576,0.044789429621810505,0.024248049600213543,0.03848627136946578,0.015597131729334256,0.04807750640022325,0.028391511665999344,0.02581928924155838,0.04289059561508875,0.015518266419150925,0.03712736140938376,0.02336233150123151,0.05177810941651804,0.10084446547519382,0.230583967289096
4103999082,0.15625037916014511,0.08320290224341474,0.04447396838107717,0.027803055120785257,0.03634477486987224,0.017750761353571384,0.040008978512236254,0.03693323141508633,0.03076960409614288,0.05057086351448088,0.014838811439109912,0.03943872165398756,0.023289532753369976,0.06960166951795096,0.06991713075868429,0.25880561521008505
4132501207,0.13394058808962392,0.07996059304241092,0.05687629876072655,0.02845160804074205,0.02741798292365171,0.012909547035326293,0.06952743951678025,0.03525630672825349,0.017819266341505432,0.05487903356051552,0.009243407948146471,0.03166553613919485,0.019913433896443684,0.07061489927538572,0.07345198488323265,0.27807207381806043
4132502983,0.10122527644088418,0.06231359755375389,0.03823874586819127,0.026023665708410047,0.037436609709615945,0.014540736673234491,0.061823702315966275,0.03612304445664696,0.016667205013081818,0.04972167490336682,0.009017302453782959,0.03695209793597985,0.02012338899835266,0.08361596520128771,0.06530142015784317,0.34087556660960194
4132507059,0.1172787665406936,0.07612218310238272,0.03945540876643303,0.027886344304833274,0.021555390462654908,0.014212345359992247,0.043514540736673234,0.03699516564919194,0.02099551019089764,0.052284203839486634,0.01015859685390355,0.027078824682106442,0.018960560741626026,0.07643980748732193,0.06287347782551116,0.35418887345629163
4133264792,0.14519741163043595,0.07535773119286798,0.04674461922758057,0.029905143361650358,0.033334410026163636,0.017926935624535675,0.04748753728048925,0.03958999537022082,0.03132099443349807,0.053398580918849664,0.014524586280779956,0.037049000290707054,0.027520268742530444,0.0737749927323234,0.0697212442262347,0.2571465486611325
4133265684,0.14702778944195014,0.05614414763612089,0.0802620670348956,0.029452932372923325,0.03991300321931157,0.01573048225071869,0.07514239262680748,0.037275105785070574,0.024532446138441164,0.05151975192997191,0.015326722439355275,0.041027380298674594,0.023369617881714527,0.07174004328305178,0.06947360487526512,0.22206251278572736
4133266622,0.12019122064666173,0.057172389289059725,0.04928561430709433,0.024963123270562142,0.032063912486406755,0.017372438816929917,0.052838700647092396,0.03523477287164745,0.023606490304381063,0.05079298426951775,0.014433067390204246,0.03427113278852676,0.022615932900502816,0.07670898069489755,0.07617601774389783,0.31227322157261755
416544407,0.15029908152246446,0.07486137905094697,0.048593164197575804,0.03311129715235565,0.041173758478020836,0.01729576917943678,0.0593006466955435,0.03814654387944527,0.023301665878013564,0.050922724129144975,0.012806513061308679,0.04626967082832842,0.024854705832393017,0.061053883206542175,0.06628325992792924,0.2517259369805506
416544501,0.11818876715320495,0.057947803297783276,0.05582450648515512,0.026462344847668625,0.04003931132384522,0.015409068297358618,0.0795629648503379,0.03323262839879154,0.026280347978014776,0.07608075807762772,0.011259539669251022,0.040087843822419596,0.02474550771060071,0.113754110095973,0.05675875708271151,0.2243657409092564
416544721,0.21527196398888607,0.1349931447845764,0.04309079217170798,0.047859110156638636,0.020043921911209798,0.01710770574746114,0.02888896977638651,0.04481976243341948,0.02909523289532753,0.05472645870491028,0.0068127494873754845,0.02782125480775064,0.020868974386973882,0.049302951989225775,0.05904585107802812,0.20025115568012233
416544763,0.08695203775828389,0.04734951892160788,0.045268688045232285,0.02256154527475461,0.02632888047658913,0.01244858588432279,0.05061332945073345,0.03804341231997476,0.019273468496341862,0.04144675378250161,0.010100826265788228,0.028931435712639075,0.014286754267826591,0.0763598199444303,0.06336524345114596,0.4166696999478275
416544843,0.0941833800458632,0.07418192407090599,0.02403571991895073,0.0192310025600893,0.013030975867215085,0.007431538844198545,0.03663596986131838,0.029428893823026242,0.01388636115458814,0.03142479282689671,0.005817833266601148,0.015718462975770155,0.01303704242953688,0.05217850252975649,0.07159150195949963,0.4981860978657834
416544904,0.1789453888059792,0.12239289484220872,0.03487060022567612,0.03022968004950315,0.00971863283951516,0.008450721314260062,0.04574187990633228,0.023859789611618682,0.015324136424853491,0.15934432594426046,0.003700603016294787,0.015748795787379127,0.008917846613038254,0.0983329086739708,0.035920115507346605,0.20850168043776315
416554452,0.1320508620585059,0.09076790545869276,0.03767941858066708,0.029070966646040357,0.031679588444412085,0.012011793397153568,0.04670646331549764,0.0343185430543928,0.021627294677198216,0.047561848602870695,0.008650917870879288,0.03380895181936204,0.022925539014062288,0.06769676894890742,0.08101893980756865,0.3024241983037892
416554563,0.11190380858782564,0.08781348960797873,0.04825950326987709,0.024502845217728917,0.03561678739125688,0.01135660466639974,0.07668134774748542,0.028773705092272405,0.013540567102245842,0.055211783690653854,0.008032128514056224,0.034300343367427405,0.01738070105194191,0.07760953178272001,0.07966609640980842,0.28935075650032155
416554672,0.049436416360305276,0.05575777429961538,0.016895376066198328,0.021111636879845668,0.018709278200414955,0.00962763440468824,0.03556825489268251,0.03396061587740691,0.007231342287579321,0.047737778910202734,0.0027845521057037817,0.021681893738094368,0.008705516931775438,0.09290940195828633,0.03588371613341584,0.5419988109537849
416554906,0.14778752472124146,0.13758356689598272,0.017065239811208582,0.017611230420170106,0.006994746357029326,0.005108045474951164,0.020523180334631574,0.02163336123952001,0.014693213943386841,0.02305900338514177,0.004125262378820417,0.011223140295320254,0.013989492714058652,0.03457333867190818,0.11394217352794865,0.41008747982868027
416555018,0.09206008323323504,0.07173709945522272,0.03672696829614531,0.027238864824858343,0.026243948604084008,0.011805530278212548,0.04440116963321565,0.0401849088195683,0.021075237505914897,0.04305439279777721,0.00872978318106262,0.029428893823026242,0.019085405064366227,0.07134883946662784,0.07895630861815843,0.3779225663985247
416555138,0.09838144117254516,0.03736395733993375,0.05544231305888205,0.018054089469661118,0.06056249165847681,0.014820611752144532,0.07591696089493927,0.03122459627027748,0.014244288331574028,0.051905507225275725,0.011338404979434351,0.05361021123770005,0.015117873305912471,0.09554835656826703,0.04911488855725015,0.317354008177726
416555267,0.1076632815248911,0.05816619954136789,0.043721714653174634,0.019722394108154673,0.060422960725075525,0.012660915565585604,0.06559167182324464,0.0280942501122314,0.0172715029301496,0.06640459117436512,0.008353656317111345,0.054404930901855164,0.01697424137638166,0.08896006988679794,0.05733508050328201,0.2942525388563317
4166167575,0.15999655458294304,0.06510223198423722,0.049893945756215204,0.02409100207801716,0.056644809802211524,0.016683355405536355,0.06357332816520775,0.030911851157983138,0.024790852417713755,0.05220345187721395,0.015132917729900837,0.05334474627733454,0.024042550900653555,0.066329661810782,0.07053953077726455,0.22671920927678546
4166168979,0.18086824509835586,0.08602237367701368,0.04342840531024904,0.03416884696964803,0.034238832003617686,0.02111932986638242,0.0424862990837344,0.04408518793673352,0.04180259913649234,0.046787686940792654,0.018712921390656456,0.03770039945304005,0.032171581769437,0.050227720533608966,0.07944916394801727,0.20673040688222055
4166172947,0.15973814830367045,0.07067950084520387,0.06608202245981244,0.02621747041786449,0.033307492705406075,0.02131851803998837,0.057780720738180615,0.0327906801468609,0.025802943678198048,0.05695705072299924,0.018599868643474703,0.036268397988737794,0.023267332062835797,0.08275461093704577,0.07012500403759811,0.2183102382721233
4166176889,0.14097139227149885,0.06616815788623663,0.05000699850339697,0.030513474810771237,0.036451435769889205,0.019418155194504558,0.051471300752608286,0.03620379641891965,0.025474552364955803,0.05649407280596919,0.01457842092229508,0.043950601332945725,0.026949621542470145,0.07969141983483533,0.06231359755375389,0.2593430020349495
4166177287,0.15214746385003822,0.07489475327583793,0.06622737599190327,0.026475876697137076,0.032236183339255146,0.016284979058324454,0.05529356030018196,0.038873994638069696,0.036053059422677294,0.05280639986218332,0.015859685390354986,0.03181627313543719,0.02770868998783337,0.06910214584881079,0.07895926871022965,0.2252602904917256
4166177593,0.09681083583664417,0.07405493286820201,0.029426015052165768,0.02736414828213659,0.029377563874802164,0.010955349548327355,0.04889262142403394,0.04105429761943216,0.012349666763569021,0.042378629800704164,0.006460156981814658,0.03164938574674031,0.014007773722234784,0.06887604035444728,0.057699968775907926,0.4086426133488377
4166180925,0.12588154225481013,0.04913487731085199,0.04129117004209869,0.02457013038750175,0.05254261011875922,0.018352229292505143,0.05382387458681912,0.035805420071707734,0.025506853149864873,0.045075745340611775,0.016376497948900157,0.05176739128094146,0.02262669982880584,0.06340644077651086,0.04985087804300311,0.3239876395663081
4166928084,0.16582684625903074,0.05701088536451436,0.05677401294184783,0.03307600374689105,0.04035444727973556,0.0241071524704717,0.04420900761221831,0.04970014104676077,0.04427360918203645,0.04045673309861429,0.025889079104622244,0.04290082582340085,0.03342054545258783,0.059218105666634366,0.06919904820353802,0.2135835567470956
4166930352,0.14615566824940512,0.04791283094845871,0.05814679630048344,0.02187301484759413,0.050879119695941936,0.01618807670359723,0.067653993992054,0.031794739278831134,0.025339965761168,0.07079255359238563,0.01620422709605177,0.049414817446730624,0.023428835987381158,0.0812687748312284,0.05596649331912098,0.2369800919495677
4166931160,0.1228721857941148,0.05406074700948566,0.053549317915092,0.02171151092304876,0.04138807239682591,0.013001065925902,0.0682246411921143,0.0252538303347438,0.019380470945443973,0.05904045134963446,0.011999741593720728,0.04392906747633968,0.02242212819104837,0.07037802685271918,0.06384250137278336,0.308946240726983
4166934588,0.16508931167027358,0.1030395038599438,0.03615534524155604,0.027213411285894246,0.03061576062964997,0.015003714590264543,0.04249168254788591,0.03395350840358754,0.029958978003165482,0.042583201438461615,0.014013157186386295,0.033167522637466765,0.025501469685713363,0.04846732775606447,0.0938230132325549,0.2589230918311315
4166936124,0.14527816359270865,0.07971295369144137,0.03485793038104159,0.032074679414709775,0.03658063890952551,0.021103179473927883,0.03625763106043477,0.041732614102522686,0.02876923242568128,0.0404136653854022,0.01659721997911216,0.043003111642279566,0.025603755504592096,0.05561118468512118,0.07862011046868439,0.2837839292828149
4166938142,0.13861881843728802,0.0852363879108929,0.04911872691839745,0.026233620810319026,0.034330350894193395,0.011601365246508823,0.06924749938090162,0.026701982191500585,0.017533942741475284,0.051552052714880975,0.009259558340601009,0.035051735090496035,0.022454428975957445,0.0705179969206585,0.09140045436437438,0.2611410790615545
4166940418,0.1294830797721718,0.05193966213378985,0.05299482110748625,0.027590253776500102,0.04587249803503558,0.018077672620778015,0.06405783993884384,0.03448108789043574,0.024602431172410826,0.06423549425584375,0.0139270217599621,0.050712232307245066,0.026448959376379512,0.08709906650731612,0.05714008850415065,0.2513377908416508
4166941366,0.1461825855701627,0.07729039482326086,0.04742293571067111,0.029097623738923526,0.03474487763385984,0.01487451145062825,0.06624890984850931,0.03406117768661778,0.02397794933083541,0.05863669153827104,0.012349666763569021,0.037345090819040236,0.02508155948189541,0.06604433821075185,0.07709120664965491,0.24955048074334876
4168069807,0.14695242094382893,0.08058507488398635,0.03962767961928142,0.02833317182940879,0.032403070727952024,0.011687500672933018,0.05364622026981922,0.035326291762223155,0.02127006686262476,0.04062900395146269,0.00945336305005545,0.03227386758831573,0.022427511655199888,0.05679016333430235,0.07852320811395716,0.3100713847346491
4168070695,0.1473777146117984,0.10007321511246056,0.04171646371006815,0.026847335723591416,0.034739494169708326,0.015660497216749034,0.0441174887216426,0.0327906801468609,0.022082969949503102,0.04419285721976377,0.012597306114538584,0.03669369165670726,0.02066173541350388,0.061403792112148324,0.0832552731031364,0.27578948501781925
4168074305,0.1504193718574028,0.1144578313253012,0.03533167522637467,0.02294970767789657,0.03714590264543429,0.01120298889929692,0.04982396072224554,0.02374107690816887,0.018239176545323383,0.03811492619270648,0.009361844159479741,0.03578926967925321,0.02072633698332203,0.04512419651797539,0.13073204345532266,0.2568396912044963
4168830104,0.1536871345973707,0.0959871658214628,0.037226654607706966,0.023924114689320285,0.03946617569473605,0.014346931963780053,0.05052381106194214,0.03047579056171065,0.023051993496775305,0.05088988662424497,0.011784403027660241,0.04153342592891674,0.02107087868901881,0.05721545700227181,0.08588240360907437,0.2629337726240081
4168830976,0.15475844396352165,0.07476016667205011,0.039256220592827074,0.025199995693228682,0.03281221400346695,0.017146333322566404,0.042884675430946304,0.03441648632061759,0.02898457099174177,0.04028984570991741,0.015956587745082206,0.03614457831325301,0.023703392659108282,0.05000161503924545,0.07256909676238466,0.31111577678004243
4168833746,0.1453158478417692,0.10403544472797356,0.04002067250234181,0.030642677950407524,0.028973804063438743,0.013980856401477223,0.04881725292591277,0.03718897035864639,0.021916082560806228,0.04216329123464368,0.010804612552085016,0.03096030233534675,0.02131851803998837,0.053398580918849664,0.08233470073322782,0.2881283848530853
4168835572,0.17886559643399336,0.11593290050281554,0.027520268742530444,0.02514616105171356,0.023827212334593062,0.012484253367356826,0.04139883932512893,0.027563336455742545,0.02158230778341247,0.03448108789043574,0.012597306114538584,0.027078824682106442,0.022852805323169356,0.039218536343766486,0.12502018799056816,0.2644303756581285
4168837448,0.1764591879582674,0.11280510783078695,0.04096816219300796,0.023547272198714428,0.02933987962574157,0.014669939812870788,0.03958999537022082,0.02841930725583298,0.023299632847744868,0.038093392336100436,0.012753426574932437,0.03100337004855885,0.020548682666322125,0.05113752597521453,0.10921972070587982,0.24814539659980406
4168840262,0.16498164238724333,0.08049355599341064,0.03985378511364492,0.02524844687059229,0.028521593074711717,0.012425035261690193,0.041705696781765125,0.028893052101166057,0.02181918020607901,0.036289931845343834,0.01175748570690268,0.030217384282438062,0.024489378425229063,0.055088988662424496,0.09756990428200739,0.3006449390053512
4230506943,0.1890806469119722,0.0844278012952712,0.05038170700821303,0.036687289699337884,0.029384806493240226,0.01789138536126488,0.04686614325168543,0.04779478273454177,0.045865142250684415,0.04740282451125825,0.019374796483230216,0.03329835859956342,0.032068212791104354,0.05365003557774642,0.07516552697275587,0.1906605400581304
4230547271,0.15230197900033873,0.057857937775197175,0.06797067789229205,0.025052015290075967,0.05101732230125321,0.0215500556442638,0.05476121352881405,0.036543765423138336,0.0283664779600329,0.056884163158658727,0.020872647215367496,0.051331833357526495,0.02314075579426138,0.08211762713504622,0.05716238447766971,0.21306914404606375
4230563925,0.17641650941113854,0.06682755116852954,0.045198867760197416,0.028814051386267962,0.04621498040354188,0.02259036144578313,0.045126288285672805,0.040759423235109116,0.036090143707359565,0.045489185658295836,0.019402912856244254,0.0513015919098079,0.026564087676005224,0.05713819131949485,0.06295059757100692,0.2291152562055451
4230569443,0.15800551604006388,0.059920404509604674,0.04851333043015435,0.02736851018531959,0.03263052208835342,0.01677795519427106,0.03879977742294479,0.03823123820583539,0.03618086805051531,0.03680989016306189,0.015689263076401994,0.03328978564861857,0.02583829293075918,0.05600716117481976,0.056654328155997476,0.3192831567232787
4230574853,0.16903759616780376,0.08474863308656312,0.044775487492137216,0.03402162868340833,0.035920791600135484,0.016336430057579718,0.04308196641989645,0.04123723810906275,0.03448129868873083,0.040547733101079016,0.016324333478492284,0.036955049112111095,0.03324744762181255,0.05008588571152078,0.09166787632457539,0.2275306043450912
4230586007,0.16111433686553442,0.06119659360332898,0.05125320559345817,0.02653989451783036,0.051507233754294286,0.022058111965936038,0.05482774471379494,0.03895703295108143,0.030676924565732806,0.04491459815164271,0.02144723472202061,0.05044878308414381,0.0237153433009145,0.05867445686359898,0.06913194948468572,0.23353655586200225
4230590429,0.17053152368510185,0.07030531765616684,0.05084192190448541,0.02586853437847776,0.047509314365897316,0.018810180480959983,0.05630957565200561,0.035975226206028936,0.02851163690908211,0.0460093385590555,0.018713407848260512,0.04608796632312382,0.025027822131901096,0.0587530846276673,0.07009967581168045,0.2306454734601055
4230598873,0.1554928422398302,0.07626300999794974,0.05843795602831747,0.0207074544423942,0.052582703185112815,0.014725568942436413,0.06359974432263589,0.025995875393465755,0.021913479744805047,0.06429923899803418,0.012373819602735266,0.04941688676628436,0.019290374712061457,0.07909113933210318,0.06712133820567555,0.21868856808615844
4230610163,0.16275342333188175,0.07275487492137224,0.05237213915904582,0.02340688053418493,0.048876227802777374,0.019874679440654186,0.05025523781874486,0.03370711762713505,0.02941283205109595,0.04698916146513766,0.019548071805293464,0.04758189384042193,0.023914936855857164,0.06012604635409105,0.07530725310882083,0.2331192238834857
4230615377,0.16735617167465042,0.08554700730633377,0.049868147287946966,0.028916872308511157,0.042918662602216086,0.018187206657957127,0.04727947936323608,0.036084095417815834,0.03252770116611022,0.04593071079498718,0.01691706585377655,0.04357187787293754,0.027549958871631103,0.05789422751245948,0.08707117627135046,0.21237963903808
4230618661,0.16053402800390754,0.09147701918786257,0.045539515419033484,0.022817998721613175,0.042632994440223365,0.01789741548777693,0.0455515756720576,0.03271343632789416,0.027189840442852487,0.040998830155456654,0.018018018018018014,0.04359178455563998,0.025025025025025027,0.05520580821785641,0.09733830215757927,0.2334684081672033
4231361586,0.1638784051870131,0.06143852518507766,0.05543862195771036,0.02791890453379784,0.04608796632312382,0.01851986258286157,0.055789422751245946,0.03835220399670973,0.03275148787922776,0.05199109691779165,0.018628731794648475,0.05087821164174772,0.029043886388929213,0.06499491943678327,0.06502516088450185,0.21926259253883
4263243247,0.12738907436976826,0.07192021096433929,0.06140828373735908,0.02660037741326753,0.02776769729520492,0.014400977403590262,0.06711786906662796,0.036084095417815834,0.02401170948855664,0.05996879082595441,0.012707456331349494,0.03162045773455266,0.02302583829293076,0.07884550249189527,0.07528910824018968,0.261842550926598
4263379025,0.16124551826609387,0.08456883835610539,0.05215500069985034,0.028440841112439032,0.030992603120255827,0.022056052628745545,0.04884417024667032,0.03491176502255672,0.027676389202924298,0.04989932922036672,0.01783541673395997,0.0366237066227376,0.02352573834210838,0.06821925772796279,0.07365117305683862,0.2393541996403846
4263380285,0.16177309775294207,0.06184523617257232,0.0563218019531208,0.028936119814378155,0.03599922478116218,0.02501157444792575,0.05750078060230196,0.04280392346867362,0.03562776575470784,0.062458951085844726,0.02320811395716916,0.04236786287240113,0.02634129009334927,0.07066873391690084,0.05693013340224168,0.21220538992430849
4263380843,0.12465411242826535,0.058162946692937964,0.0732904809586873,0.021840714062685056,0.03455645638855691,0.019148981986928954,0.06541447290502493,0.03434650128664792,0.023924114689320285,0.056004177568181567,0.02074787083992808,0.038690956856918285,0.022675151006169448,0.08890791046222422,0.08251773851437921,0.2351174133531445
4263381473,0.17281458272769362,0.07886236635550244,0.05045382602797248,0.02661584676507639,0.03531552483392013,0.0270626742896519,0.043702961981976166,0.0419102684195226,0.037942655339858085,0.04314308171021889,0.02615286884804634,0.03979995047212981,0.027294163248166928,0.06074700948566384,0.07162699053587002,0.2165552289587304
4263382187,0.16141240565479076,0.04909180959763989,0.06031633235354285,0.02988899296919582,0.03888476156637273,0.029942827610710945,0.043950601332945725,0.05201503063191102,0.04343378877440055,0.03972458197400863,0.03248920615437622,0.04388061629897606,0.029662887474832308,0.06740635464108445,0.05933115841381612,0.21856864455139596
4263382931,0.17393434327120816,0.05756538217212012,0.05674709562109026,0.03265609354307309,0.03970843158155409,0.03275837936195183,0.040440582706159765,0.052860234503698436,0.04444049657073334,0.040478266955220346,0.03037350474283192,0.04616320509921725,0.027574103384045562,0.060946197659269785,0.05358161870000108,0.20977206412782495
4263387515,0.13481637392945275,0.054918469056950685,0.057041418686795374,0.023056079740649344,0.0532491411428848,0.016669085982484153,0.07304519281947065,0.03389461460299027,0.023890743697682296,0.06265423138336479,0.014618715827164078,0.0526503604780568,0.02392098514540088,0.08007935355881356,0.05539023564136062,0.2401049983064789
4263988782,0.12536894566216675,0.047769390816277166,0.05461605457976485,0.022935113949775,0.051083853486234086,0.017316252963661877,0.06720254512024,0.03327768906953114,0.02383630909178884,0.051259253883001885,0.01702593506556346,0.04972298833889776,0.026122562539313884,0.08183940581603524,0.06725093143658974,0.26337276818115835
4264127650,0.14650559341925345,0.07252064558502105,0.048354275008882716,0.03100337004855885,0.033571282448830175,0.02160384164001852,0.04440819578582426,0.04558179097085392,0.038088008871948915,0.041969486525189226,0.021862247919291103,0.03914855130979683,0.030093564606953283,0.05787762309290782,0.08048817252925913,0.2469233502374108
4264128286,0.15700873197885376,0.09714999407818944,0.06693260979575136,0.029027638704953864,0.023116595066593453,0.013410209201416928,0.0676970617052661,0.032704544720436705,0.02869924739171162,0.07574534061177686,0.011461395178569506,0.02603443263671307,0.026023665708410047,0.07681126651377629,0.08424583050701466,0.18393143620056635
4264129420,0.15038707107249372,0.07051261345650699,0.07135781732829441,0.024990040591319703,0.03243537151286109,0.021162397579594518,0.06992581586399216,0.03619302949061663,0.031670919603346365,0.06931210095071977,0.020096471677595096,0.038561753717282,0.0238433627270476,0.0865122689148013,0.06264737233114764,0.19039159318238102
4264133268,0.1722224016710273,0.05332859588488,0.07593376185707981,0.030319670101316795,0.03567083346791994,0.026454342840531025,0.051875060563971696,0.04743908610312564,0.03969766465325107,0.045662542933126604,0.02750411835007591,0.03745814356622199,0.02678811761792478,0.07026497410553743,0.05904045134963446,0.2003402349343756
4264134948,0.1565511375259752,0.04841349311454935,0.08123109058216782,0.028004780516166543,0.03531552483392013,0.026938854614167125,0.0567632460135448,0.048704200178731005,0.038690956856918285,0.04492500834436944,0.030072030750347232,0.03964383001173595,0.026481260161288583,0.07809791444598771,0.05788839002121085,0.20227828202892
4264139886,0.14110054676537476,0.06573281076111676,0.0649344365413461,0.024302027386655056,0.03728165674747182,0.017128755987806648,0.07724270576281027,0.03310833696230706,0.02553587845357333,0.07816809406299897,0.014939275172981081,0.0418178739052596,0.023545991193690424,0.08290390477572943,0.06246068611796584,0.20979701940291284
4455432619,0.16394295129234887,0.048687055915971576,0.04552569251364432,0.03253012048192771,0.04633920296570898,0.03077437956956029,0.03638142312841108,0.052486870559159716,0.046761404592729885,0.03615487591391206,0.03022860673463083,0.05312017299969107,0.03225208526413346,0.053212851405622486,0.05416023066625476,0.2374420759962929
4455433635,0.15258767496289014,0.05209955468131028,0.04479141054011966,0.03147283009589377,0.0463941935542624,0.026459579815862087,0.03936380442404539,0.048297498383556896,0.03644510012840477,0.03584860985893688,0.02593138995892869,0.05297379996175177,0.0296696992049832,0.05612927902084529,0.05990401515358485,0.2616315602546239
4455558382,0.07030502964237904,0.08372179192962324,0.02925989672977625,0.013900841461082423,0.017707735704723657,0.008629757123733027,0.061101549053356276,0.021407056798623064,0.01304025626314783,0.040824010327022375,0.006550009562057754,0.017157917383820998,0.01192269076305221,0.08626768980684643,0.05054742780646395,0.4676563396442914
