10260620564,0.1552554629393708,0.08885693832732744,0.03857726980429269,0.03022968004950315,0.03629624237129788,0.020808308763755928,0.03379681869471845,0.041816814084131085,0.028215581358667294,0.03692109829044274,0.017429233550516263,0.04137395503464007,0.020292650966403376,0.06070202259187809,0.06501534840267414,0.2844125747703807
10452846246,0.12145239053901985,0.06477839378077864,0.039345040831707284,0.027725297075190225,0.03107029661060695,0.014082035081198832,0.051764900217837924,0.04004191573491911,0.02215545988581576,0.04274682276664498,0.011315183613631905,0.03545802748268137,0.022418723738140217,0.06784464335491064,0.07350739719804669,0.3342934720888696
10452850345,0.158017898365114,0.10506593302343233,0.04365493469942763,0.03395471650381052,0.0267922082028903,0.01650697277298169,0.046105682572810926,0.03785219618632008,0.02173259969009898,0.04557600480662809,0.012427663409543687,0.031084969800461687,0.02091041330677039,0.05549758087467982,0.081483413970844,0.2633368118141859
10452862095,0.14295436780679766,0.07472844397725127,0.04039648526993882,0.02443330368453681,0.04034931673000728,0.016771785127085524,0.044756206032182416,0.03629956065874235,0.027970944179402168,0.047235923560011855,0.016387698444785853,0.041912616910595404,0.024379396781757903,0.06626506024096385,0.07290908600846338,0.28224980458747745
10470163856,0.16193460167748744,0.11448474864605875,0.04156572671382582,0.03344746277334539,0.02159845817586701,0.014298480786416443,0.04132885429115928,0.03625763106043477,0.02153385660604886,0.04264780300827977,0.010163980318055064,0.025404567330986144,0.019983418930413343,0.052741798292365166,0.08887022621316365,0.2737383851760931
10567142394,0.14178162802266467,0.07985415984178405,0.04236887125541441,0.03099406690204928,0.02914983195622368,0.01846661570754316,0.04461956587680025,0.042635799997573366,0.025861755177810943,0.04278139749329645,0.014377752702653512,0.03279583591162232,0.02146956405683156,0.05942804450430119,0.06859462017253304,0.3048204904208981
10567356683,0.17102852497603707,0.05802666860796661,0.047895509530569404,0.02684453827394169,0.04967907885317706,0.02182142467149565,0.04427377182445795,0.04125262378820418,0.03556825489268251,0.04193814533056698,0.02148776374379694,0.052233101590652635,0.026310680789623755,0.06133294507334474,0.05912471638821145,0.2411822516652713
10587186216,0.14258626016000342,0.08663300416520192,0.041252543329817946,0.03017907172456404,0.029960691572656677,0.015137472968798268,0.047484367176930525,0.03796618836087054,0.021316033364226137,0.04195029454688782,0.011638064193111973,0.033619890703397146,0.020389249304911955,0.057194294419055526,0.0796022285428185,0.3030903454667476
10794341375,0.14991316617822642,0.07885053728427224,0.041615109084988604,0.024422012373819604,0.03851079995658309,0.017860631716053402,0.04252143709975036,0.03544990773906437,0.02733637251709541,0.042553999782915436,0.01631933137957234,0.03858677955063497,0.02323890155215456,0.06456094648865733,0.0798491262346684,0.27841094106154346
10794458684,0.1832618431842553,0.08504173763115287,0.05930528396307744,0.025011038920078214,0.03905675056245926,0.016942114005761264,0.05681889863117391,0.03366870623856684,0.02761307008137261,0.04515969637713156,0.017867280640888158,0.039035724048024564,0.02174141592548203,0.0584116570996026,0.07666792825753276,0.21439685443344056
10795179754,0.1480318865824745,0.05499709682101902,0.046747229883388974,0.024894759761939327,0.031426912469153724,0.020509749842744472,0.03618691634005903,0.039295737165529594,0.03349542749310495,0.03534015580393864,0.02135046208932114,0.03420307736971984,0.02593506556345865,0.051192722698021,0.05204553152368511,0.3443472685924421
10795242033,0.12371171432718828,0.09435331688198577,0.04660207093433977,0.025668940823535102,0.02741084821212561,0.013167126336671987,0.05517249721778681,0.032140610635312324,0.018876711665940876,0.05980548700827405,0.010009919194851695,0.030858373252044317,0.016965452170126287,0.06937992935597813,0.07539797745197657,0.3004790245318624
10795262023,0.1816966661828035,0.06724488314704602,0.05517249721778681,0.03022935113949775,0.03930783374461703,0.024525814099772586,0.0439166303769294,0.04619078724536701,0.04417065853776552,0.044043644457347465,0.025959258721633526,0.04208399864518314,0.03223738326801181,0.059999032273673016,0.06221270624667344,0.201008854695892
10796085566,0.16603159626457634,0.05278947113756229,0.05966032805922485,0.02450766923114143,0.056285382493830735,0.021858518410993368,0.052360042579958396,0.03434823631876905,0.030047902453186236,0.05499709682101902,0.019330333381719647,0.05812406251512073,0.02473145594425896,0.07870639183238978,0.05467653747520202,0.21154497508104708
10796199376,0.15202375768132773,0.06675497169400492,0.052196738762278025,0.030441041273527845,0.03978564861857066,0.02099966129578555,0.0543862195771036,0.04120699666134417,0.03187448589538878,0.055511201432234966,0.01738883243818648,0.04461218367445687,0.024664924759278083,0.07283350268544056,0.059406299898388734,0.23591353365268306
10796239426,0.1688077611651425,0.06665819906130545,0.051585861518362607,0.024785890550152415,0.05447089563071563,0.020552087869550487,0.050279430976919726,0.03580587409880485,0.035297817777132624,0.05113223980258383,0.01953597522620603,0.05503943484782504,0.0253483814777181,0.06584167997290366,0.06702109643392848,0.20783737359074853
10796250165,0.12135288140513865,0.07436371994000097,0.05187013112691731,0.027834228480185803,0.029182997048434706,0.01475782648666957,0.06689408235351041,0.03743286398606474,0.02114482024483476,0.05017661005467654,0.012943339623554458,0.031209174045579914,0.019421057724875405,0.06929525330236609,0.08423452847534717,0.2878864857018435
10796261776,0.14938065515072338,0.042380364832825285,0.0813011080466444,0.021150868534378482,0.06119054531378526,0.01655416848115353,0.06677311656263607,0.0283301882227706,0.023951226593119462,0.06387598587119563,0.015671118207770843,0.05749504040257415,0.02083635747810519,0.1079559200658054,0.0495959742584797,0.1935573619780326
10796281115,0.1100546765374752,0.06082764794116224,0.03714859437751004,0.02791890453379784,0.02935234915565878,0.01635457492621087,0.04836212319156143,0.04426743117046499,0.02474960081289012,0.04484201867711811,0.012562297382300285,0.03292688827599555,0.019009774035902646,0.07411574006870857,0.0599264527991484,0.3575809261140949
10796287025,0.1480696655970616,0.06919638352404593,0.04339972957155254,0.02848075719965288,0.03879840971927913,0.021785635002320843,0.041744868922927884,0.040821577768359874,0.030367701963633423,0.043899214950253285,0.018682771286149626,0.044191842747875916,0.024217472906702186,0.06875239652075639,0.06341446186757078,0.2741771104518577
10796304015,0.11596637807511452,0.08511432665334705,0.0460888781255676,0.027355653770862343,0.03187624871344675,0.013526467679764285,0.06494823515166193,0.03515065286270711,0.018728179047849687,0.057920122701862725,0.010665778692660088,0.03332929708784888,0.019903735545195856,0.07819721095437024,0.0830356602288551,0.27819317470888577
10796324356,0.11158705172448588,0.06801073641298863,0.039070856289479525,0.025630158826259814,0.031422171096446086,0.015337732840911384,0.04940869003652802,0.03978224455611391,0.020145910274262883,0.04306169401222983,0.0119170147928397,0.03515065286270711,0.019379023632217312,0.07219329579625033,0.06802587233355532,0.34987689451272425
10796381114,0.10928654376542314,0.06764407025693134,0.035116369090821116,0.026158852276576185,0.03235230076934243,0.017485605070885955,0.04669279527749552,0.03920501282237383,0.024894759761939327,0.05536604248318575,0.012683263173174626,0.03856994242028355,0.02018919049692747,0.07805317656166835,0.06706948275027824,0.3292325930226932
10796422683,0.12954329882343446,0.05971120663558758,0.041760004843494576,0.030004439870032894,0.03871768480959012,0.02024681641137414,0.04362172307319731,0.04492341224193255,0.030075074166010775,0.0411041149522714,0.01712881677463623,0.04258238986095134,0.026220459728360682,0.06757179471655467,0.06227926782506912,0.3045094952675021
10796446424,0.13244435026538315,0.05956489273677625,0.03801134184981131,0.029701721458699117,0.04313232830820771,0.018324554499404653,0.04948436963936146,0.044000121087364535,0.026195233194082863,0.03800629654295575,0.016104619482956953,0.04621501079695666,0.024202336986135498,0.05836915501200784,0.06882303081673427,0.307420637323162
11232384465,0.1376305220883534,0.06930722891566266,0.032876506024096384,0.02692771084337349,0.03322289156626506,0.016480923694779118,0.04215361445783133,0.03792670682730924,0.025512048192771083,0.03416164658634537,0.015311244979919678,0.0358785140562249,0.02641064257028113,0.05559738955823292,0.08292168674698795,0.32768072289156625
11349002284,0.12547887402143135,0.06901338071178724,0.03534414154313105,0.02450817093257824,0.033238946569688885,0.01450039790498399,0.04678159643181019,0.03500175818481298,0.023328336387022745,0.044074917180241695,0.0128069883219514,0.03442803471952326,0.022134621435048952,0.06655654877574815,0.07238169266929469,0.34042159421094514
11349015604,0.12870407461046232,0.05912139607021436,0.04471594819174396,0.029535019874896,0.03922595753859427,0.017800100658388027,0.05363140541706468,0.04513707001920726,0.02571410963547284,0.038234780554442835,0.016182376565083863,0.04241004940478025,0.02344416027280477,0.05983011329204285,0.06730759354553766,0.3090058443492641
11639889845,0.15301409199137514,0.09527678142595827,0.04477962741551447,0.029727050696424374,0.027667923602808175,0.01364746517878128,0.049373064778196765,0.03543435829833328,0.01955404314458853,0.04130516978856903,0.010873008573735144,0.029369385940709408,0.01889491809477094,0.05594898678684202,0.08421472148134523,0.2909194028020479
11960519616,0.14264488293732205,0.0824785208947244,0.03091623459783406,0.02868439703084785,0.03214716450943092,0.016648637895234186,0.03956382806768871,0.0382396458900618,0.0239844828229326,0.03544207790915986,0.013403459037387941,0.03462767478583063,0.02243027838909819,0.05575242145050791,0.08092431646089,0.3221119773210489
12184632665,0.14275895528422414,0.09112288078488451,0.02905582059782755,0.02731058462036064,0.0259831271394302,0.013483464057572572,0.037303576722999374,0.03487102773510148,0.022128783590738797,0.035140562248995984,0.011178943963774562,0.028799762809627774,0.020578960135845398,0.05368453680493788,0.08255168324303927,0.3440473302606399
12358019743,0.12135294424451053,0.09405935430031816,0.036061127627392685,0.026766807489699056,0.023501799405413863,0.010629531111458822,0.04606477859489908,0.03257184582485787,0.014687320711417097,0.039925937516298964,0.007927815156730819,0.026010535649089863,0.01476034006154488,0.06038700255567725,0.0725760183591509,0.37271684139154015
12393141465,0.12191392917514562,0.07605219806841305,0.04174876449497723,0.024462461104471502,0.02531304844041044,0.011138387329478774,0.04919409541651862,0.03037888820698343,0.018217642688717336,0.04418209029146075,0.009808671684055257,0.026987305791530733,0.018750605639717047,0.06519913433896443,0.08084348116325893,0.35580929616589685
12393320174,0.08615696028080147,0.054556025711424795,0.04146344089494708,0.022540564402381644,0.026055966493319118,0.011730568386145116,0.053683904518879805,0.03360358323373925,0.016758723903657527,0.048284289974913054,0.008909633170752718,0.029011488312499323,0.0164410995187183,0.07952991591028993,0.05252107626215317,0.4187527590253777
2485968757,0.1365241184518293,0.06499073215940684,0.04188181296615032,0.029894302484663925,0.03655280462509378,0.018723244626859085,0.048512732247672,0.03895251335010371,0.025674125071715438,0.047232887594333375,0.014039675184253498,0.041639083807758506,0.025850655368727656,0.0652224281742354,0.06998322962178384,0.2943256542654133
2486048401,0.1743011005059198,0.07110259218692953,0.04825144734783289,0.029996609815886924,0.0424816147707714,0.019956449173316643,0.04383768841600167,0.04008240755228708,0.03682261513586815,0.04600219058050383,0.019506597819850837,0.04429405935430032,0.031659103948260575,0.054445052939028835,0.07530772440410993,0.2219527460491316
2486051251,0.1798822186794902,0.07756405230466334,0.0505884710207424,0.029780728118547945,0.03854463406772426,0.019727500021779087,0.045531366245894635,0.037856414813266084,0.03380114819364225,0.05172969535408445,0.017288241904712124,0.041789718527036564,0.02773349362743817,0.06001446131597976,0.07120455792802446,0.21696329787697427
2486785846,0.12999420361859806,0.06941684262824493,0.03981907009481224,0.03048793110586677,0.036010019459280423,0.017565105783960585,0.04761313294414773,0.03985529747857409,0.025385045335983108,0.05097710429346251,0.013269573137912476,0.040005382354158896,0.024148138947542745,0.06631681364633793,0.07083488593549456,0.2983014532356229
2486786062,0.15631501073546264,0.06270511408514945,0.04871563817597258,0.027851016253379168,0.03993814593554273,0.02204385408670694,0.046485109412720126,0.04132318748678926,0.03684544271267897,0.046818854364827724,0.021671172223520118,0.044955445048893636,0.028919000100123486,0.06489114352145424,0.06680461458020448,0.24371725127657445
2486786290,0.15117366015787287,0.057778527904722335,0.05161594654479989,0.03275602409638554,0.039308094446752526,0.02172915801135577,0.04607654756958869,0.04421998338180307,0.03307194294419055,0.04394301343304252,0.01976873009278493,0.044916735909153856,0.028129760420994326,0.0640190070627337,0.061123805567095964,0.2603690624567235
2486786508,0.17490162670885562,0.09643286952523902,0.03493435019539437,0.031107595364623482,0.02699687639446676,0.015956080213108327,0.033007450678133404,0.04047165091341799,0.03314943274782632,0.03378497153597556,0.016253566454369667,0.02970805782050762,0.030363879761470126,0.04381161007667032,0.10432301596960232,0.2547969656403392
2486786800,0.17082008817027067,0.08560626872310087,0.04606046335177845,0.03174914642282485,0.03254712661721806,0.019498188192509446,0.04214251141373311,0.03959813194144657,0.037001425899035885,0.04513166673207488,0.01843203432623,0.03470559763483904,0.029060868882696912,0.05455699017568646,0.08900749578117027,0.22408199573538454
2486787268,0.14172549227747994,0.0583435061833236,0.048458149779735685,0.03429135042372132,0.04087716504785663,0.02105779947985776,0.05472993294764963,0.046162624064540095,0.03295561099021637,0.05163827114625905,0.01710807989667923,0.045096686304690124,0.02638748827910762,0.0634608920262548,0.06347416096102472,0.25423279019160344
2486787510,0.15040054397484115,0.06794373260236714,0.047326873632094514,0.028877414419583095,0.03728671298952423,0.01948534880261788,0.045127600348483884,0.04165338603089608,0.03737702131276428,0.044059837232528,0.02164212405176261,0.042073054121246886,0.031931960646820086,0.058976647330060986,0.08748220394806738,0.23835553855634176
2486812496,0.18321386813075088,0.08521427482080218,0.041018504397336175,0.032751258197346346,0.0340984189924254,0.021637181637944185,0.03313888465253419,0.04273422805144629,0.03874993645467948,0.034581363428397134,0.021599054445630626,0.0351850439733618,0.0326178130242489,0.0432362360835748,0.09298586752071576,0.22723806618880585
2486816798,0.16404592729893935,0.06111625991144064,0.052008032128514056,0.03386880856760375,0.0390021624961384,0.025239419215322828,0.04257542992482752,0.04785809906291834,0.041020492225311504,0.04233858510966945,0.024276593553701983,0.04225105550406755,0.029312120275975694,0.058711770157553286,0.0645917001338688,0.23178354443414684
2486817094,0.16667699073930686,0.07491663311343058,0.048203095156977516,0.031870412240220525,0.037780943826720766,0.021437936837323587,0.04353661432361838,0.039845758354755775,0.03563869875388443,0.04490455394844158,0.018985969585282,0.04107948503525671,0.028200204416638282,0.058893672375878836,0.07595420241376817,0.232074828878496
2486822226,0.17647960262101034,0.07205136334812937,0.04770661593743394,0.02775840202916931,0.04350560135277954,0.01720566476432044,0.04468928344958782,0.03504016064257028,0.03444831959416614,0.04655992390615092,0.01611181568378778,0.04402346227013317,0.030279010779961955,0.06157789050940605,0.0782445571760727,0.22431832593532025
2486869688,0.13680109037185006,0.06736791726491458,0.04325592525542585,0.031551074765382776,0.03644630334810746,0.018035874066213042,0.048312420667124455,0.03990573693738685,0.028148864889610256,0.053743471294504436,0.0145920469442537,0.0413675427096989,0.026536196599870988,0.06685290384335268,0.06839794410803836,0.2786846869342656
2697956755,0.10310410542976196,0.12231230552235753,0.0335389816639211,0.023396535202472087,0.021323901504139885,0.010723860589812331,0.04554410672179334,0.027557952991591028,0.013297156454235171,0.06528526976538863,0.006713179796935733,0.024882371308289457,0.014007773722234784,0.08108035358592547,0.07109941104902183,0.3361327346921197
2697958859,0.11851157983138992,0.12117101112223695,0.03598845785285916,0.022319842372169645,0.025878312176319217,0.012026658914478287,0.043702961981976166,0.02848390882565113,0.017996920658505337,0.05618721534933299,0.010185514174661112,0.028101682870893763,0.017636228560354017,0.06645886495041829,0.07821096719316947,0.31713987316558456
2697962213,0.1235343518847508,0.08157563228786457,0.03521862247919292,0.026987305791530733,0.02082862280220076,0.013625547767477415,0.035224005943344426,0.03259687543740646,0.02018260710401929,0.03913240091734229,0.010287799993539844,0.024144836719532284,0.017867717518869043,0.04665310033700486,0.06053167091960335,0.41160890209632095
2698097007,0.1239981384766534,0.1514211351845149,0.03288691245669372,0.02243307995932227,0.023863695123843013,0.011979247461950808,0.04308220004481445,0.02572521847044832,0.016426219901063483,0.0634469207301308,0.008092455659548064,0.027698777944395608,0.01705534584690694,0.06658393229570643,0.07840805281210679,0.28689866763190097
2698098633,0.09876156208544584,0.10133293354413128,0.03669428846608152,0.025663740936597068,0.02021661305856912,0.010131021824855984,0.0615266495847644,0.0302249722873394,0.014042595722255538,0.06419796834396409,0.005887804612113613,0.02482781805956859,0.015891620781769613,0.07590543168147702,0.07738646895273402,0.3373085100583329
2698106073,0.149021318920542,0.11251079082685883,0.04838982096610742,0.029055474233382124,0.027347708591374847,0.014337724730698494,0.051491010772060204,0.03552527868483279,0.019963029688848853,0.044763164808767776,0.012343767593739443,0.02986713207972075,0.018578988852606688,0.05623897458994858,0.08702098112074465,0.2635448335397665
2698116869,0.13840664495251345,0.0713352096048235,0.04846156278657939,0.024048951712361256,0.029988721289356906,0.015336938304398697,0.04359168959301774,0.03429465895076368,0.026072795117477784,0.041720688528391774,0.01388757128250535,0.03199675341787096,0.019342461710358496,0.05526041172564272,0.05666761534326281,0.34958732568067546
2698917906,0.10924015209775273,0.07125843800734855,0.044251473981030506,0.027418183371785008,0.03057976587199863,0.012961420148679823,0.060096770058959234,0.03619264291207383,0.01794411689310433,0.05587776638468769,0.008138938733658037,0.029906861488507217,0.019081645731863627,0.07611830299923096,0.06286849525762625,0.3380650260616936
2698918792,0.10092544089401084,0.08221119773210489,0.041485635637177866,0.023890960260479256,0.023752298195338896,0.010779691656652185,0.06023582822337945,0.0317227991248883,0.0153760823344529,0.05081194342587742,0.00801672161792952,0.025976026869626846,0.015571236352057847,0.06647048552265328,0.08823015848560481,0.3545434936677657
2698919922,0.1021803089796512,0.0799241534382656,0.04033963150652751,0.023693660435614324,0.023598572563233437,0.01078967681310199,0.06162253470707343,0.03167544831135125,0.014928795963799488,0.04928348491458872,0.00839569979080668,0.025981362777013347,0.015616784687496502,0.0651128189638778,0.0896958306764663,0.35716123547113243
2698921774,0.08618387760155903,0.06649654919947888,0.041027380298674594,0.024306340644077648,0.020279509458746514,0.011725184921993604,0.05430838636045523,0.03594539013964706,0.017044047503687675,0.05483596584730342,0.008500489895237788,0.02461858156486536,0.01710864907350582,0.08104266933686488,0.07043186149423432,0.38614511665966816
2698922556,0.09853259190608589,0.07229430542683554,0.030511790752754606,0.020178148491401503,0.020821748532591902,0.011198640716713006,0.03736484399135002,0.028338997013695813,0.01623931623931624,0.03717948717948717,0.00901554937699516,0.02426629595304294,0.014179796107506953,0.055581299557203166,0.07122335495829472,0.4530738337967254
2698922918,0.11369702412133005,0.0679612861383422,0.05180140853268145,0.027077253111826183,0.02938877663864568,0.014476123957527834,0.061076604554865424,0.03758304439289248,0.02185138067799147,0.05673210440104101,0.011166820491074026,0.032793700682647774,0.01968536672570198,0.06947042829703909,0.06484322382698496,0.3203954534494084
2698926334,0.0993402180149168,0.05209409064830752,0.036335819468349594,0.014371772805507744,0.022160068846815838,0.00963855421686747,0.03667527251864601,0.019611780455153948,0.016504111684834576,0.03779403327596098,0.008758844903423216,0.02477529164276152,0.013410786001147448,0.043631669535284,0.04395199847007076,0.5209456875119526
2698929624,0.13604552257286515,0.07436717378898974,0.04343378877440055,0.024327874500683695,0.02751488527837893,0.01494449648459791,0.0435414580574308,0.033792004479042174,0.024667032742228968,0.04012834178537205,0.013641698159931956,0.030513474810771237,0.018750605639717047,0.0502869386392756,0.0633741399916018,0.3606705642947123
2877997361,0.11761244373263445,0.07276841504992781,0.02996275130734418,0.02295587182567127,0.033542023077203074,0.01135660466639974,0.047828777345029674,0.032177046554799256,0.01608245671507784,0.04508062461325665,0.009020978172508765,0.03525886021427097,0.018405950084325214,0.0637959693759934,0.07672381368373796,0.3674274135818197
2877997839,0.14342566641187104,0.09110763294871327,0.03127312876885184,0.02463024302648661,0.029835353498586487,0.01275798056273432,0.04121622441427341,0.03158252344726337,0.020571712833205937,0.03790388138657348,0.010464820005095913,0.032274111551947975,0.020814375326077723,0.05163857848311676,0.095578689379876,0.3249250779553258
2877998643,0.11156408109780512,0.0794537667285456,0.02458171052791225,0.021778958735243086,0.026250015166405804,0.012054259333406132,0.031339860954391584,0.029070966646040357,0.019831592229946977,0.03878353292323372,0.009876363459881823,0.0285613754110096,0.020244118467829017,0.060435093849719124,0.0767966124315995,0.4093776920370303
2878583399,0.14639221538722869,0.09837537461022336,0.03935378978148243,0.02710540045377886,0.04082189786335675,0.01643431732974193,0.04754971547822711,0.033432824955410764,0.02490930489328917,0.049697278540142435,0.012084592145015106,0.04175614846091314,0.02271927589512127,0.05777793955277302,0.07951443235176353,0.26207549230153243
2878584519,0.15045074558050936,0.07793712614809692,0.045171623048083566,0.02656547640713913,0.043679248716922074,0.017532365109986774,0.046645797692279695,0.03678763391936325,0.02607408485907376,0.04850216576274888,0.014135090209781724,0.04546281803952972,0.02156056249165848,0.06577973525522028,0.06313471408291778,0.27058081267668865
2878586011,0.14631941663936712,0.08354869629575705,0.03371188682221332,0.026116550795326317,0.028433977602251907,0.0163493854572368,0.03132772782974799,0.03317802933789539,0.0276392579380968,0.03747315546172606,0.013485968041349687,0.030563340977201855,0.02486077239471481,0.058912386706948636,0.08044261638699815,0.3276368313131681
2878831654,0.10469673254953347,0.06749657239228819,0.02680207233768913,0.022743542144408446,0.032862568097162065,0.012036059646440748,0.042854196241157994,0.03170385469369927,0.016968174814059864,0.038989796042174736,0.008450721314260062,0.03453693929797741,0.01799949040876497,0.06289811815236777,0.0695470704570548,0.409414091410961
2878832464,0.11533141629963965,0.07544983559616109,0.02606195173443017,0.021402831871291814,0.027784855433819877,0.01267911525255099,0.03775221732852862,0.03003555005520572,0.017338235115689344,0.03729722515439401,0.009955228770065156,0.03156432376029799,0.01877601038595469,0.06127834601244859,0.07268348317742268,0.4046093740520996
2879418392,0.15025054902389012,0.08295417318822115,0.04092502942282726,0.026262148291049395,0.04258726749899901,0.01804195634501753,0.046597265193705335,0.03455513898494279,0.025109501449908398,0.05099552287700652,0.014019825525667624,0.04623327145439765,0.02163336123952001,0.06406289811815237,0.06122374695155244,0.2745483444351424
2879419816,0.12363047355585485,0.09864230335238232,0.028907169463351895,0.02688700421019425,0.03118819689634672,0.013510234290636868,0.03783714920103375,0.03450660648636844,0.024314781785753286,0.042356738130770816,0.009961295332386948,0.032170979992477464,0.021766825610599498,0.05718948300755894,0.08000582389982892,0.33712493478445504
2881963256,0.12555964037418554,0.06590713306397797,0.03717589390795811,0.022142952474550767,0.03896552979288756,0.015548599230759897,0.043339521226901566,0.03204964874604157,0.022974071512636647,0.05115325349737318,0.012867178684526626,0.04213227532486441,0.019831592229946977,0.06769070238658562,0.059488710127519134,0.3431732974192844
2892254997,0.13457455198437254,0.06030769604096142,0.058760722648903765,0.031157864084737745,0.030017350368240325,0.017768961040536768,0.060416894162753726,0.05070432788556037,0.02776058918453269,0.04257513437435543,0.015451534233611182,0.03342675839308897,0.020383649401230296,0.0582632645385166,0.06271005472039214,0.295720646938206
2892256701,0.13236025673691745,0.11021123770004487,0.05490238901224232,0.0280942501122314,0.0204989140853444,0.011951127773935621,0.04835050170470402,0.02742692825683398,0.016137055775973987,0.06373530375277545,0.008359722879433141,0.02376879117679176,0.015245271114670162,0.07215569225542652,0.06450575716764337,0.3022968004950315
2892262453,0.14090804304832624,0.06878875016683046,0.06714471177762409,0.02250694621385845,0.03434887586600177,0.017138038559070118,0.07120930853322656,0.034664337106735096,0.030872735655613395,0.0591853820114294,0.01756269792159575,0.03716982734563632,0.024120651791455845,0.0777187299045123,0.08956065955665561,0.20710030454142853
2892264371,0.13489607978742765,0.10413860881592836,0.07269561630206625,0.019940790351739283,0.023010470886567415,0.01149006903747922,0.07733653647823924,0.022227884347055898,0.017289702617114985,0.07444278625074316,0.009979495019352332,0.026571542969460925,0.01378322959511763,0.092120748856453,0.09537242626093498,0.20470401242431965
2892271777,0.1409201761729698,0.1434681323481236,0.03964498477292857,0.02932576226355573,0.028622041034227545,0.0120906587073369,0.04727065361142455,0.029447093509991626,0.014359553015688132,0.04773171234788095,0.00872978318106262,0.03154005751101081,0.01519067205377401,0.04762858078841044,0.07389679564178164,0.2901333430398331
2892273509,0.0891238670694864,0.04636066926315534,0.03644790642934275,0.022482679964571275,0.026923403584125018,0.013862094905300965,0.05101372256397191,0.03896552979288756,0.02037151627658671,0.04367318215460028,0.01135660466639974,0.028573508535653182,0.01662844732403936,0.07311420910227011,0.05418046809594875,0.4269221902716607
2893096760,0.159593054999454,0.06470595372426262,0.06758150426479331,0.02390832211019304,0.04048217037333625,0.018327084774141886,0.06428129436173698,0.036265909559688905,0.029950618182700593,0.061011417270289615,0.017908491973938047,0.04301192686152465,0.023671726179643044,0.07753066647253667,0.06758757082711511,0.20418228806464528
2893099220,0.0926849391523799,0.08514420218638907,0.039475121027918315,0.030727138159890317,0.018157221029131632,0.010980477802448464,0.05152938036132445,0.039487254152561914,0.012290855263956126,0.04388551183586309,0.0067945498004101,0.021863890607748213,0.010677149686358729,0.06970480107742147,0.06497894902874338,0.4016185588274549
2893103858,0.12219269828558947,0.11524648442713452,0.040609568182093936,0.03026001286111212,0.027560392627913467,0.012812579623630471,0.04887222606437836,0.03460367148351715,0.01443235176354967,0.0625341244130601,0.00788653101833315,0.03312949683932103,0.014086557711207369,0.07108797728679067,0.05925211419696914,0.3054332132153993
2893105540,0.1265666897196035,0.13536927164852766,0.03287470122180565,0.026250015166405804,0.029471359759278806,0.013607299287785585,0.03497373178514662,0.028203448234023706,0.01683471044298038,0.05647362865358716,0.008317256943180577,0.03443380773850689,0.013940960215484294,0.05982237105521785,0.05552724493138717,0.3273335031970783
2893107550,0.14112643929191085,0.10100826265788228,0.05143231536417574,0.026080151421395557,0.03297176621895437,0.016264453584731674,0.05461119402079617,0.03535592521141969,0.02733592982200706,0.056977153326296125,0.014389885827297104,0.036745167983110685,0.021402831871291814,0.06385663499921135,0.07814945582935974,0.24229243257015975
2893109012,0.12198036860432668,0.13929433747072886,0.03274730341304796,0.027924386367221152,0.027966852303473715,0.013158373675972774,0.03380895181936204,0.02915589851854548,0.015166405804486829,0.057195549569880724,0.008171659447457505,0.030624006600419806,0.013607299287785585,0.059852703866826826,0.05994976886397554,0.32939613438648857
2898561843,0.1851636151858188,0.09406204879942733,0.04549315085113869,0.026929470146446813,0.03974811633239908,0.01604605734114706,0.04802290733932709,0.029920285371091617,0.02688700421019425,0.04795617515378736,0.014717480192674019,0.04023950788046446,0.026110484233004525,0.05328868343464493,0.08829274803140051,0.21712226549703345
2898659607,0.1570632985112656,0.08631504871449544,0.056722357708780737,0.029732221939115976,0.02868877321976728,0.015621397978621434,0.05833606328637815,0.03468253679370048,0.027827321370072437,0.06084762008760116,0.012751914000412527,0.032886834346449234,0.025164100510804543,0.07169463351897014,0.0841856853395455,0.21748019267401933
2899501674,0.07450345187396108,0.0696744682658125,0.025564493624043,0.02777878887149808,0.018800276635241874,0.010058360329535663,0.04393404433443745,0.04218080782343877,0.010282823135442072,0.036654169548283766,0.00452565549205887,0.022688943083512297,0.010780281245829238,0.06152707506764218,0.053852873730571835,0.4871934869386913
3268957790,0.09788635510901737,0.06049804755353595,0.02873084031628243,0.02068481538611192,0.02975222690068232,0.016891093786912354,0.028209724711996776,0.02938397187365378,0.0195244646405692,0.03546365392365309,0.013166854268284208,0.03430330317811037,0.014354997846055503,0.0530078792679368,0.043092786370395084,0.4750489848668029
3582022234,0.12420290480920095,0.13391918930201094,0.031523945243338944,0.033265679204272286,0.02388046810899512,0.015366123994184624,0.04004548660592189,0.03620935354320508,0.01435850930604137,0.06250089965597155,0.007794619337565316,0.03162470671215327,0.01356681205107167,0.06753177584891536,0.05815376200141065,0.3060557642757409
3582023192,0.12125203322249573,0.08335132645276447,0.03321529846986512,0.026579436023664554,0.02149098184854112,0.014070619395143298,0.03601502785334888,0.03312173424882325,0.01976364238315268,0.03779274805314448,0.010284867066833642,0.02573735803428769,0.014941486375609969,0.04748024355486462,0.05672150969469275,0.4181816873227677
3752495827,0.11995434822399514,0.0942698407571304,0.02871001432001464,0.027579486848197082,0.0231381289231995,0.011639049495569407,0.03489561463010218,0.03444340364137515,0.01816380804720221,0.0356546830754654,0.007547616740420125,0.02542071772344068,0.016640287692324257,0.05184275977906263,0.07325818017377822,0.39684205992872296
3752499729,0.09561570679500846,0.1358301840068047,0.026136718455591804,0.02611518459898576,0.017248619141445137,0.010729244053963844,0.035008667377283934,0.030992603120255827,0.013361758024053318,0.04954940405051843,0.005620336574178752,0.02079093855314017,0.013227171420265513,0.05958956469308871,0.08561323040149875,0.3745706687339169
3752501739,0.09459823207037264,0.07283288650580876,0.02600751531595551,0.022982008462805646,0.014675323277022296,0.010610807842630576,0.02883921745965094,0.029296811912529475,0.014212345359992247,0.03975688275891771,0.006546292408238854,0.019041312703898704,0.013437126522174488,0.061791401531057215,0.05157358657148702,0.4937982492974579
3753285856,0.11145924179290892,0.09734379878764388,0.02971133865219592,0.026287455451834148,0.024505528817683603,0.012311982514508437,0.038820159996554575,0.03492253195085974,0.015978121601688253,0.039256220592827074,0.008500489895237788,0.027213411285894246,0.014815293344961615,0.05754923177966559,0.07211688577365763,0.38920830776187854
3753287978,0.14787837677788904,0.1232274944281146,0.030578076380589382,0.029151458380438644,0.021781495957018417,0.011902839238993507,0.03521862247919292,0.033910440690375444,0.019579659119049925,0.037194353822797885,0.00874812924620735,0.023929498153471798,0.018142274190596164,0.04866651592967042,0.10223736770136847,0.307853397504226
3753299310,0.11999203247305575,0.10771773420760793,0.03132099443349807,0.029006104848347813,0.01876137256802007,0.010443920453933695,0.041118899189250296,0.033727402909224026,0.013216404491962487,0.04278238961206757,0.00656244280069339,0.021738428243806326,0.013555562733507758,0.05568116971909084,0.07185847949438505,0.3825166618215489
3762679143,0.11899070814087448,0.09733303185934085,0.03332902656201212,0.029598285905014163,0.025043875232834825,0.013937788688265123,0.04152804246476523,0.036925180615222285,0.015832768069597426,0.043358420276279376,0.008834264672631546,0.029975128395620013,0.015708948394112642,0.06157606296499672,0.06945207101865909,0.3585763967397741
3762687997,0.1288155302173843,0.1100918418984248,0.031288693648588994,0.030578076380589382,0.02352573834210838,0.012209696695629704,0.03998298825328122,0.035401660260344324,0.014648405956264737,0.04363836041215802,0.008274384400874274,0.027557952991591028,0.015568978326173329,0.06049937013469427,0.07873316321586615,0.3391851588660271
3762699767,0.07793641052144233,0.062044424346178274,0.02444631071201697,0.027563336455742545,0.024559363459198725,0.011795169955963265,0.039794567007978295,0.04205562195161343,0.013722450122204636,0.03687672943785867,0.006336337306329877,0.02781635927086361,0.01516521851480991,0.06924211591675011,0.05284408411124391,0.4678015009098054
3762707315,0.0829860998955608,0.07929304348762342,0.023240414742078237,0.0279401789463484,0.021291600719230808,0.012252764408841802,0.03659140583782852,0.037549662456797694,0.012495020295659852,0.04972167490336682,0.005437298793027338,0.027331847497227515,0.013959322544871174,0.07780182391765453,0.05149283460921434,0.4406150069446688
3763486668,0.10455764075067024,0.09648244452340192,0.02914607491628713,0.03003434650128665,0.02306276042507833,0.011671350280478485,0.038873994638069696,0.03602075863776824,0.012381967548478095,0.04377833048009733,0.005701088536451435,0.025819094070652585,0.01283417853720512,0.06490842727478276,0.06805237033926591,0.3966751725400261
3763489428,0.11402177072902872,0.11323578496290793,0.029743639437104986,0.030045113429589675,0.021528473141897347,0.012241997480538776,0.040316763030674975,0.03619302949061663,0.013668615480689516,0.04544720436706612,0.0065732097289964144,0.02517846183662263,0.014104676076962003,0.06291116207457174,0.07589069414386769,0.3588994045888648
3763499450,0.07313974396244495,0.058846646640180016,0.021781495957018417,0.02602904917256156,0.02472086738374409,0.010987650333236431,0.04079589134015957,0.04047288349106883,0.012236614016387265,0.0370651506831616,0.005356546830754654,0.027794825414257568,0.014492285495870885,0.06911829624126532,0.05516974062469718,0.4819923124131916
3866452021,0.15914596724700414,0.07924997577441131,0.04810663565791316,0.02965212054652928,0.031525566071255534,0.01854603400195958,0.05093833780160858,0.038642505679554684,0.034421869784769105,0.051299029899759895,0.01880982374538368,0.03634376648685896,0.029819007935226162,0.060725475629057786,0.08379361951828761,0.22898026422042056
3867235566,0.16190768435672984,0.07816789947995736,0.04935021587691248,0.031132573188195137,0.029033022169105374,0.019800381149261928,0.045888648427490124,0.041522659000613714,0.03498175005652637,0.04362221001970348,0.02011262207004964,0.03397504226019359,0.029560601655953568,0.05717777275321124,0.08484877849198401,0.2389181390441121
3867236296,0.15074237970649354,0.057199306609817285,0.06492996113138882,0.02464011542147141,0.04492500834436944,0.021975300666472863,0.06048860320639125,0.03741507585300989,0.031342528290104116,0.05291406914521357,0.022589015579745256,0.04908104266933686,0.026933471150015608,0.06930671748656825,0.06786394909396297,0.21765345564563884
4120529315,0.13327630764750847,0.072556085368665,0.03911719385093243,0.024399713658258413,0.03422754461956588,0.014450551450515053,0.045857144590446375,0.03355415620184666,0.02069304407964183,0.03881993229716449,0.012054259333406132,0.03539839114767226,0.02023198534318543,0.05694075395236535,0.07328407284728035,0.3451388636115459
4120530463,0.126876084398015,0.06508814715053568,0.03521639427801842,0.02094783969715721,0.03185551875174414,0.012120991518945872,0.04641526832405149,0.030951600965796727,0.02056564627088414,0.03210424780693772,0.012424319635035612,0.030939467841153125,0.021706159987381554,0.05097732319004114,0.08667904245380313,0.37513194773049907
4120530597,0.09365558912386705,0.0618304031837319,0.024072119292881496,0.016901442628520124,0.029216564141763424,0.010768148121185648,0.036544971426491456,0.024314781785753286,0.015299870175566313,0.035877649571094045,0.00934857253788568,0.02859777478494037,0.019315934432594425,0.06651378929615744,0.07782792802630462,0.44991446147126263
4121303790,0.12927237651512394,0.07017799293852145,0.04289666217741055,0.023774857739113555,0.03389388369186717,0.013546633664567636,0.049127021681893736,0.033008165592885136,0.01935840036884699,0.04021524163117728,0.011229206857642048,0.03536199177374149,0.01734430167801114,0.061587740690860114,0.06813356143607664,0.3510719615622611
4194071651,0.1786117278782805,0.06615586211917154,0.04724032079981558,0.02909523289532753,0.04341231997476311,0.027548259503269883,0.03594438175663379,0.041477086594110577,0.03716982734563632,0.03687863235419017,0.024387580533614818,0.04608160739635278,0.0270629345175263,0.057668741430980726,0.0607990875890268,0.2404663973112996
4194763014,0.17172760810684598,0.06078383300644439,0.038818062949472314,0.031212057532455408,0.04878817595965256,0.02747618380498739,0.031060287662277013,0.04697277482021108,0.038853086765667316,0.0339789390118614,0.02530470720089661,0.055168347809844025,0.030301438311385074,0.05032338656953395,0.05961053516391146,0.24962057532455406
4194782836,0.15223420916782598,0.105555118075789,0.03446903080732516,0.030505464122284345,0.023295797569362415,0.01599863506312833,0.03743076882694176,0.038699460149968064,0.0275699748886614,0.0394344261577902,0.012721911611587963,0.028160572573518474,0.023750776526585644,0.054391859376503836,0.09104391421896736,0.2847380808637601
4236720636,0.10994884972485516,0.046754422115019435,0.048713970570410416,0.01593092692702399,0.03202346609779157,0.014997616219404784,0.047356427722964285,0.02471859268058148,0.01928842129079699,0.0413808150105452,0.014989535607217603,0.034160788021300494,0.015559218766413743,0.052035102179341104,0.04916648485289245,0.4329753622134413
4240212610,0.16788237286495378,0.09097837131659167,0.042870276285866364,0.031178932597861326,0.031039821938355836,0.01729205980548701,0.03931388203416074,0.035606280543862195,0.0264491701746746,0.04120699666134417,0.014546136352639474,0.03522523830260802,0.02429597909711134,0.05444065418299705,0.08372647215367494,0.2639473556878115
4249908221,0.15593742261270285,0.06776704673923577,0.03576235235849565,0.031654769210891824,0.04513496344627841,0.02398871625913843,0.03528860751316257,0.044165939899006204,0.034987133520677886,0.03682289479634354,0.019111297737868363,0.04829505690321608,0.027665622274621274,0.05291406914521357,0.0625827707613295,0.2779213368218181
